Polymer_Index N_1
0 24
1 24
2 24
3 23
4 24
5 24
6 24
7 24
8 24
9 24
10 23
11 24
12 24
13 24
14 24
15 23
16 24
17 23
18 23
19 24
20 24
21 24
22 24
23 24
24 24
25 24
26 24
27 24
28 24
29 24
30 23
31 23
32 23
33 24
34 24
35 24
36 23
37 23
38 24
39 24
40 23
41 24
42 24
43 24
44 24
45 24
46 24
47 24
48 23
49 24
50 23
51 23
52 24
53 23
54 24
55 24
56 24
57 23
58 23
59 23
60 24
61 23
62 24
63 24
64 24
65 24
66 23
67 24
68 24
69 24
70 24
71 23
72 24
73 23
74 24
75 24
76 23
77 24
78 24
79 24
80 24
81 24
82 24
83 24
84 23
85 24
86 23
87 24
88 24
89 24
90 23
91 24
92 23
93 24
94 24
95 24
96 24
97 24
98 24
99 24
100 24
101 24
102 24
103 24
104 24
105 24
106 23
107 24
108 23
109 24
110 23
111 23
112 24
113 24
114 23
115 24
116 24
117 24
118 24
119 24
120 24
121 24
122 24
123 24
124 23
125 24
126 23
127 24
128 23
129 24
130 24
131 24
132 24
133 24
134 24
135 24
136 24
137 24
138 24
139 24
140 23
141 23
142 24
143 24
144 23
145 24
146 24
147 24
148 24
149 24
150 23
151 24
152 23
153 24
154 23
155 24
156 23
157 24
158 23
159 24
160 24
161 24
162 25
163 24
164 24
165 23
166 24
167 23
168 24
169 25
170 24
171 24
172 24
173 24
174 24
175 24
176 24
177 23
178 24
179 24
180 24
181 24
182 24
183 24
184 24
185 24
186 24
187 24
188 23
189 24
190 24
191 23
192 23
193 24
194 24
195 23
196 24
197 23
198 23
199 24
200 24
201 24
202 23
203 23
204 24
205 24
206 23
207 24
208 24
209 24
210 24
211 24
212 24
213 24
214 23
215 24
216 24
217 23
218 23
219 23
220 24
221 24
222 23
223 24
224 24
225 24
226 24
227 23
228 24
229 24
230 24
231 23
232 24
233 24
234 24
235 24
236 24
237 24
238 24
239 23
240 23
241 23
242 23
243 24
244 24
245 25
246 23
247 23
248 23
249 24
250 23
251 23
252 23
253 24
254 24
255 23
256 24
257 24
258 23
259 24
260 24
261 23
262 24
263 24
264 24
265 24
266 24
267 24
268 24
269 24
270 24
271 24
272 23
273 24
274 23
275 24
276 24
277 24
278 24
279 24
280 24
281 24
282 24
283 23
284 24
285 23
286 23
287 25
288 24
289 23
290 23
291 24
292 24
293 24
294 24
295 23
296 24
297 23
298 24
299 24
300 24
301 24
302 24
303 24
304 23
305 23
306 24
307 24
308 24
309 23
310 24
311 24
312 23
313 24
314 24
315 24
316 24
317 24
318 23
319 23
320 25
321 24
322 24
323 24
324 24
325 25
326 24
327 24
328 24
329 24
330 24
331 24
332 24
333 24
334 23
335 24
336 24
337 24
338 24
339 25
340 24
341 23
342 23
343 24
344 24
345 23
346 24
347 24
348 24
349 23
350 23
351 23
352 24
353 24
354 25
355 24
356 24
357 24
358 23
359 24
360 24
361 23
362 24
363 24
364 23
365 24
366 24
367 24
368 24
369 24
370 24
371 23
372 24
373 24
374 24
375 24
376 24
377 24
378 24
379 23
380 24
381 24
382 24
383 23
384 24
385 23
386 23
387 24
388 24
389 24
390 23
391 23
392 24
393 24
394 24
395 24
396 24
397 23
398 24
399 24
400 24
401 23
402 23
403 23
404 24
405 23
406 23
407 24
408 23
409 24
410 24
411 24
412 24
413 23
414 24
415 24
416 24
417 24
418 24
419 24
420 24
421 24
422 24
423 24
424 24
425 24
426 23
427 24
428 24
429 24
430 23
431 24
432 24
433 24
434 25
435 24
436 24
437 24
438 23
439 24
440 24
441 23
442 24
443 24
444 24
445 24
446 24
447 24
448 24
449 24
450 24
451 24
452 24
453 24
454 23
455 25
456 23
457 24
458 24
459 24
460 24
461 24
462 24
463 23
464 24
465 23
466 24
467 24
468 24
469 24
470 24
471 24
472 24
473 24
474 24
475 24
476 24
477 24
478 24
479 23
480 24
481 24
482 24
483 24
484 24
485 23
486 24
487 24
488 24
489 23
490 23
491 23
492 24
493 24
494 24
495 24
496 24
497 24
498 24
499 23
500 24
501 24
502 24
503 23
504 23
505 24
506 23
507 24
508 24
509 24
510 23
511 23
512 24
513 24
514 23
515 24
516 24
517 24
518 23
519 24
520 24
521 23
522 23
523 24
524 23
525 24
526 24
527 24
528 24
529 23
530 24
531 24
532 24
533 24
534 23
535 23
536 24
537 24
538 24
539 24
540 24
541 24
542 24
543 24
544 24
545 23
546 24
547 23
548 23
549 23
550 24
551 23
552 24
553 24
554 24
555 24
556 24
557 24
558 24
559 23
560 23
561 24
562 23
563 24
564 24
565 23
566 24
567 24
568 24
569 23
570 24
571 24
572 24
573 24
574 24
575 24
576 24
577 24
578 24
579 23
580 24
581 23
582 24
583 23
584 23
585 23
586 24
587 23
588 23
589 24
590 24
591 24
592 24
593 24
594 23
595 24
596 24
597 23
598 24
599 24
600 24
601 24
602 23
603 23
604 24
605 24
606 23
607 24
608 24
609 24
610 23
611 23
612 24
613 24
614 24
615 24
616 24
617 24
618 24
619 23
620 23
621 24
622 24
623 24
624 24
625 24
626 24
627 24
628 24
629 24
630 24
631 24
632 24
633 24
634 24
635 24
636 24
637 23
638 24
639 24
640 24
641 23
642 24
643 24
644 24
645 24
646 24
647 24
648 24
649 24
650 24
651 24
652 24
653 23
654 24
655 23
656 24
657 24
658 24
659 24
660 23
661 24
662 24
663 25
664 23
665 24
666 23
667 24
668 23
669 23
670 24
671 24
672 23
673 24
674 24
675 24
676 24
677 24
678 24
679 23
680 24
681 24
682 23
683 24
684 24
685 24
686 23
687 24
688 23
689 23
690 24
691 23
692 23
693 24
694 24
695 23
696 25
697 24
698 24
699 24
700 24
701 23
702 24
703 24
704 24
705 24
706 24
707 24
708 24
709 24
710 23
711 24
712 24
713 24
714 24
715 24
716 24
717 24
718 24
719 24
720 23
721 24
722 24
723 24
724 23
725 23
726 23
727 25
728 23
729 24
730 23
731 24
732 24
733 23
734 24
735 23
736 24
737 24
738 24
739 23
740 24
741 24
742 24
743 24
744 24
745 24
746 23
747 24
748 24
749 23
750 24
751 23
752 24
753 24
754 24
755 23
756 24
757 24
758 24
759 24
760 24
761 24
762 24
763 23
764 24
765 24
766 23
767 24
768 23
769 24
770 24
771 24
772 23
773 23
774 23
775 23
776 24
777 23
778 24
779 24
780 25
781 23
782 24
783 24
784 24
785 24
786 24
787 24
788 24
789 24
790 24
791 24
792 24
793 23
794 24
795 24
796 24
797 24
798 24
799 25
800 24
801 24
802 24
803 24
804 24
805 25
806 23
807 24
808 24
809 23
810 24
811 24
812 24
813 24
814 23
815 23
816 24
817 24
818 24
819 24
820 23
821 24
822 24
823 24
824 24
825 24
826 24
827 23
828 23
829 23
830 24
831 24
832 24
833 24
834 24
835 24
836 24
837 24
838 24
839 23
840 24
841 23
842 24
843 24
844 24
845 24
846 24
847 23
848 23
849 24
850 24
851 24
852 23
853 23
854 24
855 24
856 24
857 24
858 24
859 24
860 24
861 23
862 23
863 24
864 24
865 24
866 24
867 23
868 24
869 24
870 24
871 23
872 24
873 23
874 23
875 24
876 24
877 23
878 24
879 24
880 24
881 24
882 23
883 24
884 24
885 23
886 23
887 24
888 23
889 23
890 23
891 24
892 24
893 23
894 24
895 24
896 24
897 24
898 24
899 24
900 24
901 24
902 24
903 24
904 24
905 24
906 24
907 24
908 24
909 24
910 24
911 24
912 24
913 24
914 24
915 23
916 23
917 23
918 24
919 25
920 23
921 24
922 24
923 23
924 24
925 23
926 24
927 24
928 24
929 23
930 23
931 24
932 24
933 24
934 24
935 24
936 24
937 24
938 24
939 24
940 24
941 24
942 23
943 24
944 24
945 23
946 25
947 24
948 24
949 24
950 23
951 23
952 24
953 24
954 23
955 24
956 24
957 24
958 25
959 23
960 23
961 24
962 24
963 24
964 23
965 23
966 24
967 23
968 23
969 24
970 24
971 24
972 24
973 24
974 24
975 24
976 24
977 24
978 24
979 23
980 24
981 24
982 23
983 24
984 24
985 24
986 24
987 24
988 23
989 24
990 24
991 24
992 24
993 23
994 23
995 24
996 23
997 24
998 24
999 23
1000 24
1001 23
1002 24
1003 24
1004 24
1005 24
1006 24
1007 24
1008 24
1009 23
1010 24
1011 24
1012 24
1013 23
1014 23
1015 24
1016 24
1017 23
1018 23
1019 25
1020 24
1021 24
1022 24
1023 24
1024 24
1025 24
1026 24
1027 24
1028 23
1029 23
1030 23
1031 24
1032 24
1033 23
1034 24
1035 24
1036 24
1037 24
1038 23
1039 24
1040 24
1041 24
1042 23
1043 24
1044 24
1045 24
1046 24
1047 24
1048 24
1049 24
1050 24
1051 24
1052 23
1053 23
1054 24
1055 24
1056 23
1057 23
1058 24
1059 24
1060 23
1061 24
1062 23
1063 24
1064 24
1065 24
1066 25
1067 24
1068 24
1069 23
1070 24
1071 24
1072 24
1073 24
1074 24
1075 24
1076 23
1077 24
1078 23
1079 24
1080 24
1081 25
1082 24
1083 24
1084 24
1085 24
1086 23
1087 24
1088 24
1089 24
1090 23
1091 24
1092 23
1093 24
1094 23
1095 24
1096 24
1097 24
1098 24
1099 24
1100 24
1101 23
1102 24
1103 24
1104 25
1105 24
1106 23
1107 24
1108 23
1109 23
1110 23
1111 23
1112 23
1113 24
1114 24
1115 24
1116 24
1117 23
1118 23
1119 23
1120 24
1121 24
1122 24
1123 24
1124 23
1125 23
1126 24
1127 24
1128 24
1129 25
1130 23
1131 23
1132 24
1133 23
1134 24
1135 24
1136 23
1137 23
1138 24
1139 23
1140 24
1141 24
1142 24
1143 24
1144 23
1145 24
1146 24
1147 24
1148 24
1149 24
1150 25
1151 24
1152 24
1153 24
1154 24
1155 24
1156 24
1157 24
1158 23
1159 24
1160 24
1161 24
1162 24
1163 23
1164 23
1165 24
1166 23
1167 23
1168 24
1169 23
1170 23
1171 24
1172 24
1173 24
1174 24
1175 24
1176 23
1177 23
1178 24
1179 23
1180 24
1181 23
1182 23
1183 23
1184 24
1185 24
1186 24
1187 24
1188 24
1189 24
1190 23
1191 24
1192 24
1193 24
1194 23
1195 24
1196 23
1197 24
1198 23
1199 24
1200 23
1201 23
1202 23
1203 24
1204 24
1205 23
1206 24
1207 24
1208 24
1209 24
1210 23
1211 24
1212 24
1213 23
1214 23
1215 24
1216 24
1217 24
1218 24
1219 23
1220 24
1221 24
1222 23
1223 24
1224 24
1225 24
1226 24
1227 24
1228 24
1229 24
1230 23
1231 24
1232 24
1233 24
1234 23
1235 24
1236 24
1237 24
1238 24
1239 23
1240 24
1241 24
1242 24
1243 24
1244 23
1245 24
1246 23
1247 24
1248 23
1249 24
1250 24
1251 23
1252 24
1253 24
1254 24
1255 23
1256 23
1257 24
1258 24
1259 24
1260 24
1261 24
1262 24
1263 24
1264 24
1265 24
1266 24
1267 23
1268 24
1269 23
1270 24
1271 24
1272 24
1273 23
1274 24
1275 24
1276 24
1277 24
1278 24
1279 24
1280 23
1281 23
1282 24
1283 23
1284 24
1285 24
1286 24
1287 24
1288 24
1289 24
1290 24
1291 23
1292 24
1293 24
1294 24
1295 23
1296 23
1297 24
1298 24
1299 23
1300 24
1301 24
1302 23
1303 25
1304 24
1305 23
1306 24
1307 24
1308 24
1309 23
1310 23
1311 24
1312 23
1313 24
1314 23
1315 24
1316 23
1317 24
1318 24
1319 24
1320 24
1321 24
1322 23
1323 23
1324 23
1325 24
1326 24
1327 23
1328 23
1329 24
1330 23
1331 24
1332 24
1333 24
1334 24
1335 23
1336 25
1337 24
1338 23
1339 24
1340 23
1341 24
1342 24
1343 24
1344 24
1345 24
1346 23
1347 24
1348 24
1349 24
1350 24
1351 23
1352 24
1353 24
1354 24
1355 24
1356 23
1357 24
1358 24
1359 24
1360 24
1361 24
1362 24
1363 24
1364 23
1365 24
1366 24
1367 24
1368 23
1369 24
1370 24
1371 24
1372 24
1373 24
1374 25
1375 24
1376 24
1377 23
1378 24
1379 24
1380 23
1381 24
1382 23
1383 24
1384 24
1385 23
1386 24
1387 24
1388 23
1389 24
1390 25
1391 23
1392 24
1393 24
1394 24
1395 24
1396 24
1397 24
1398 24
1399 25
1400 24
1401 23
1402 23
1403 24
1404 24
1405 24
1406 24
1407 23
1408 24
1409 24
1410 23
1411 24
1412 24
1413 24
1414 24
1415 24
1416 24
1417 24
1418 24
1419 23
1420 23
1421 24
1422 24
1423 24
1424 24
1425 24
1426 23
1427 24
1428 24
1429 24
1430 24
1431 24
1432 23
1433 24
1434 24
1435 24
1436 24
1437 24
1438 24
1439 24
1440 24
1441 25
1442 23
1443 24
1444 24
1445 24
1446 23
1447 23
1448 22
1449 24
1450 23
1451 24
1452 23
1453 23
1454 24
1455 23
1456 24
1457 24
1458 24
1459 24
1460 23
1461 24
1462 24
1463 24
1464 24
1465 23
1466 23
1467 23
1468 24
1469 24
1470 23
1471 24
1472 23
1473 25
1474 24
1475 23
1476 24
1477 24
1478 23
1479 24
1480 24
1481 24
1482 24
1483 23
1484 24
1485 24
1486 24
1487 24
1488 24
1489 24
1490 24
1491 24
1492 24
1493 24
1494 24
1495 24
1496 24
1497 24
1498 24
1499 23
1500 23
1501 24
1502 24
1503 24
1504 24
1505 24
1506 24
1507 24
1508 23
1509 24
1510 24
1511 23
1512 24
1513 24
1514 24
1515 24
1516 24
1517 23
1518 24
1519 24
1520 24
1521 24
1522 24
1523 24
1524 24
1525 24
1526 24
1527 24
1528 24
1529 24
1530 24
1531 24
1532 23
1533 24
1534 24
1535 24
1536 23
1537 24
1538 24
1539 23
1540 24
1541 24
1542 24
1543 23
1544 24
1545 24
1546 24
1547 24
1548 24
1549 24
1550 24
1551 24
1552 25
1553 24
1554 24
1555 24
1556 24
1557 24
1558 24
1559 24
1560 24
1561 24
1562 23
1563 24
1564 23
1565 23
1566 24
1567 23
1568 24
1569 23
1570 24
1571 24
1572 24
1573 24
1574 24
1575 24
1576 24
1577 24
1578 24
1579 23
1580 24
1581 23
1582 23
1583 24
1584 24
1585 24
1586 24
1587 23
1588 24
1589 24
1590 23
1591 23
1592 24
1593 23
1594 23
1595 23
1596 24
1597 23
1598 24
1599 23
1600 24
1601 24
1602 24
1603 24
1604 24
1605 23
1606 24
1607 23
1608 24
1609 24
1610 24
1611 23
1612 24
1613 24
1614 24
1615 25
1616 23
1617 24
1618 23
1619 24
1620 23
1621 24
1622 24
1623 23
1624 24
1625 23
1626 23
1627 24
1628 23
1629 24
1630 24
1631 24
1632 23
1633 24
1634 24
1635 24
1636 23
1637 24
1638 24
1639 23
1640 24
1641 24
1642 24
1643 24
1644 24
1645 24
1646 24
1647 25
1648 24
1649 24
1650 24
1651 23
1652 23
1653 24
1654 23
1655 24
1656 23
1657 23
1658 24
1659 24
1660 23
1661 25
1662 24
1663 23
1664 23
1665 24
1666 24
1667 24
1668 24
1669 23
1670 24
1671 24
1672 23
1673 23
1674 24
1675 22
1676 24
1677 24
1678 24
1679 24
1680 24
1681 23
1682 24
1683 24
1684 24
1685 24
1686 24
1687 24
1688 24
1689 24
1690 24
1691 24
1692 24
1693 24
1694 24
1695 24
1696 24
1697 23
1698 24
1699 23
1700 24
1701 24
1702 24
1703 23
1704 24
1705 24
1706 24
1707 24
1708 24
1709 23
1710 23
1711 24
1712 24
1713 24
1714 23
1715 24
1716 24
1717 23
1718 23
1719 24
1720 23
1721 23
1722 24
1723 24
1724 24
1725 24
1726 24
1727 23
1728 24
1729 24
1730 24
1731 23
1732 24
1733 24
1734 23
1735 24
1736 24
1737 24
1738 24
1739 25
1740 24
1741 23
1742 24
1743 24
1744 24
1745 24
1746 24
1747 24
1748 24
1749 24
1750 24
1751 23
1752 24
1753 23
1754 24
1755 24
1756 24
1757 23
1758 23
1759 24
1760 24
1761 24
1762 24
1763 23
1764 24
1765 24
1766 24
1767 23
1768 24
1769 24
1770 24
1771 23
1772 24
1773 24
1774 24
1775 24
1776 24
1777 24
1778 24
1779 24
1780 24
1781 24
1782 23
1783 24
1784 24
1785 24
1786 23
1787 24
1788 23
1789 24
1790 24
1791 23
1792 24
1793 23
1794 24
1795 24
1796 24
1797 24
1798 24
1799 23
1800 24
1801 24
1802 24
1803 24
1804 24
1805 23
1806 24
1807 24
1808 23
1809 24
1810 24
1811 23
1812 23
1813 24
1814 23
1815 23
1816 24
1817 24
1818 23
1819 24
1820 24
1821 24
1822 24
1823 24
1824 23
1825 23
1826 23
1827 24
1828 23
1829 23
1830 23
1831 24
1832 23
1833 24
1834 24
1835 24
1836 24
1837 23
1838 23
1839 24
1840 24
1841 24
1842 24
1843 24
1844 24
1845 24
1846 24
1847 24
1848 24
1849 23
1850 24
1851 24
1852 23
1853 23
1854 24
1855 24
1856 24
1857 24
1858 24
1859 24
1860 22
1861 24
1862 23
1863 24
1864 24
1865 24
1866 24
1867 24
1868 24
1869 24
1870 24
1871 24
1872 24
1873 24
1874 24
1875 23
1876 23
1877 24
1878 24
1879 24
1880 23
1881 24
1882 24
1883 23
1884 23
1885 24
1886 23
1887 23
1888 24
1889 24
1890 24
1891 24
1892 23
1893 23
1894 23
1895 23
1896 24
1897 23
1898 24
1899 24
1900 24
1901 23
1902 24
1903 22
1904 23
1905 23
1906 23
1907 24
1908 24
1909 24
1910 24
1911 23
1912 24
1913 24
1914 24
1915 24
1916 23
1917 24
1918 23
1919 23
1920 24
1921 24
1922 24
1923 24
1924 24
1925 23
1926 24
1927 24
1928 24
1929 23
1930 24
1931 24
1932 23
1933 24
1934 24
1935 24
1936 24
1937 23
1938 24
1939 24
1940 24
1941 25
1942 24
1943 24
1944 23
1945 24
1946 24
1947 24
1948 24
1949 23
1950 24
1951 24
1952 24
1953 24
1954 24
1955 23
1956 24
1957 24
1958 24
1959 23
1960 24
1961 24
1962 24
1963 23
1964 23
1965 23
1966 24
1967 24
1968 24
1969 24
1970 23
1971 24
1972 24
1973 24
1974 24
1975 24
1976 24
1977 24
1978 24
1979 24
1980 23
1981 24
1982 23
1983 24
1984 24
1985 23
1986 24
1987 24
1988 24
1989 24
1990 24
1991 25
1992 23
1993 23
1994 24
1995 24
1996 24
1997 24
1998 24
1999 24
2000 23
2001 23
2002 24
2003 23
2004 24
2005 24
2006 24
2007 24
2008 24
2009 24
2010 24
2011 24
2012 24
2013 23
2014 24
2015 24
2016 24
2017 24
2018 24
2019 23
2020 23
2021 23
2022 24
2023 24
2024 23
2025 24
2026 23
2027 24
2028 24
2029 24
2030 23
2031 24
2032 24
2033 24
2034 23
2035 24
2036 24
2037 23
2038 24
2039 24
2040 24
2041 24
2042 23
2043 23
2044 23
2045 23
2046 24
2047 24
2048 24
2049 24
2050 23
2051 24
2052 24
2053 23
2054 23
2055 23
2056 23
2057 24
2058 24
2059 23
2060 24
2061 23
2062 24
2063 24
2064 24
2065 23
2066 23
2067 23
2068 24
2069 24
2070 24
2071 25
2072 24
2073 24
2074 24
2075 24
2076 24
2077 23
2078 24
2079 24
2080 24
2081 24
2082 23
2083 24
2084 24
2085 24
2086 23
2087 24
2088 24
2089 24
2090 24
2091 24
2092 24
2093 24
2094 24
2095 24
2096 24
2097 24
2098 24
2099 24
2100 23
2101 24
2102 25
2103 24
2104 24
2105 24
2106 24
2107 24
2108 23
2109 24
2110 24
2111 23
2112 24
2113 23
2114 24
2115 24
2116 23
2117 24
2118 25
2119 23
2120 23
2121 24
2122 24
2123 24
2124 23
2125 24
2126 24
2127 24
2128 24
2129 24
2130 24
2131 23
2132 23
2133 24
2134 24
2135 24
2136 24
2137 24
2138 23
2139 24
2140 24
2141 23
2142 24
2143 24
2144 24
2145 23
2146 24
2147 24
2148 24
2149 23
2150 24
2151 24
2152 24
2153 23
2154 23
2155 24
2156 24
2157 25
2158 23
2159 24
2160 24
2161 24
2162 24
2163 24
2164 24
2165 24
2166 24
2167 24
2168 24
2169 24
2170 23
2171 24
2172 24
2173 24
2174 24
2175 23
2176 24
2177 23
2178 24
2179 24
2180 24
2181 24
2182 23
2183 24
2184 23
2185 25
2186 24
2187 24
2188 24
2189 24
2190 23
2191 23
2192 24
2193 24
2194 24
2195 24
2196 24
2197 24
2198 23
2199 24
2200 23
2201 24
2202 24
2203 24
2204 23
2205 24
2206 24
2207 24
2208 23
2209 23
2210 23
2211 24
2212 24
2213 24
2214 24
2215 24
2216 24
2217 24
2218 24
2219 24
2220 24
2221 23
2222 24
2223 24
2224 23
2225 24
2226 24
2227 24
2228 23
2229 24
2230 24
2231 24
2232 24
2233 24
2234 24
2235 23
2236 24
2237 24
2238 24
2239 24
2240 24
2241 24
2242 23
2243 24
2244 23
2245 24
2246 23
2247 23
2248 24
2249 24
2250 25
2251 23
2252 24
2253 24
2254 24
2255 23
2256 24
2257 24
2258 24
2259 24
2260 23
2261 24
2262 24
2263 24
2264 24
2265 24
2266 24
2267 23
2268 23
2269 23
2270 24
2271 24
2272 24
2273 24
2274 23
2275 24
2276 24
2277 24
2278 24
2279 24
2280 23
2281 24
2282 24
2283 24
2284 24
2285 24
2286 24
2287 24
2288 24
2289 24
2290 24
2291 24
2292 23
2293 23
2294 24
2295 24
2296 24
2297 23
2298 24
2299 24
2300 24
2301 24
2302 24
2303 23
2304 23
2305 23
2306 24
2307 24
2308 24
2309 23
2310 24
2311 23
2312 24
2313 24
2314 24
2315 23
2316 24
2317 24
2318 24
2319 24
2320 24
2321 23
2322 23
2323 25
2324 24
2325 24
2326 24
2327 23
2328 23
2329 24
2330 23
2331 24
2332 24
2333 24
2334 24
2335 24
2336 24
2337 24
2338 25
2339 24
2340 24
2341 24
2342 23
2343 23
2344 24
2345 23
2346 24
2347 24
2348 23
2349 24
2350 23
2351 24
2352 24
2353 24
2354 23
2355 24
2356 23
2357 24
2358 23
2359 24
2360 24
2361 23
2362 23
2363 24
2364 24
2365 24
2366 24
2367 23
2368 24
2369 24
2370 23
2371 24
2372 23
2373 23
2374 24
2375 24
2376 24
2377 23
2378 24
2379 24
2380 24
2381 23
2382 24
2383 24
2384 24
2385 24
2386 24
2387 23
2388 24
2389 24
2390 23
2391 23
2392 23
2393 24
2394 24
2395 23
2396 24
2397 24
2398 23
2399 23
2400 24
2401 24
2402 23
2403 24
2404 24
2405 24
2406 24
2407 23
2408 24
2409 24
2410 24
2411 23
2412 24
2413 24
2414 24
2415 23
2416 23
2417 23
2418 24
2419 23
2420 23
2421 24
2422 24
2423 23
2424 23
2425 24
2426 23
2427 23
2428 23
2429 23
2430 24
2431 24
2432 24
2433 24
2434 23
2435 24
2436 23
2437 24
2438 24
2439 24
2440 24
2441 24
2442 23
2443 23
2444 24
2445 23
2446 23
2447 23
2448 23
2449 24
2450 24
2451 24
2452 23
2453 24
2454 24
2455 24
2456 24
2457 23
2458 24
2459 24
2460 23
2461 24
2462 24
2463 24
2464 23
2465 24
2466 23
2467 23
2468 24
2469 24
2470 24
2471 24
2472 24
2473 24
2474 24
2475 24
2476 24
2477 24
2478 24
2479 24
2480 24
2481 24
2482 24
2483 24
2484 24
2485 23
2486 23
2487 24
2488 24
2489 24
2490 24
2491 24
2492 24
2493 23
2494 23
2495 23
2496 24
2497 24
2498 24
2499 23
2500 24
2501 24
2502 24
2503 23
2504 24
2505 24
2506 23
2507 24
2508 24
2509 24
2510 24
2511 24
2512 24
2513 24
2514 24
2515 24
2516 24
2517 24
2518 24
2519 23
2520 24
2521 24
2522 24
2523 24
2524 24
2525 24
2526 24
2527 24
2528 24
2529 23
2530 24
2531 24
2532 24
2533 23
2534 24
2535 24
2536 24
2537 24
2538 23
2539 24
2540 23
2541 24
2542 24
2543 24
2544 24
2545 24
2546 24
2547 24
2548 23
2549 24
2550 24
2551 24
2552 24
2553 24
2554 23
2555 23
2556 23
2557 24
2558 24
2559 23
2560 23
2561 24
2562 24
2563 24
2564 23
2565 23
2566 24
2567 24
2568 24
2569 24
2570 24
2571 24
2572 24
2573 24
2574 24
2575 24
2576 24
2577 24
2578 24
2579 23
2580 24
2581 24
2582 24
2583 24
2584 24
2585 24
2586 24
2587 23
2588 24
2589 24
2590 23
2591 24
2592 23
2593 24
2594 24
2595 24
2596 24
2597 25
2598 24
2599 24
2600 23
2601 23
2602 24
2603 24
2604 24
2605 24
2606 24
2607 23
2608 24
2609 23
2610 25
2611 24
2612 24
2613 24
2614 24
2615 23
2616 24
2617 23
2618 24
2619 25
2620 24
2621 24
2622 24
2623 24
2624 24
2625 23
2626 24
2627 24
2628 24
2629 24
2630 23
2631 24
2632 24
2633 24
2634 24
2635 24
2636 24
2637 24
2638 24
2639 24
2640 24
2641 24
2642 23
2643 24
2644 24
2645 24
2646 24
2647 24
2648 24
2649 24
2650 24
2651 24
2652 24
2653 24
2654 23
2655 23
2656 24
2657 24
2658 24
2659 24
2660 23
2661 23
2662 24
2663 23
2664 23
2665 23
2666 24
2667 24
2668 23
2669 24
2670 23
2671 23
2672 24
2673 23
2674 23
2675 24
2676 24
2677 24
2678 23
2679 23
2680 24
2681 24
2682 24
2683 24
2684 25
2685 24
2686 25
2687 24
2688 24
2689 24
2690 24
2691 23
2692 23
2693 23
2694 24
2695 24
2696 24
2697 23
2698 24
2699 23
2700 24
2701 24
2702 24
2703 23
2704 24
2705 24
2706 24
2707 24
2708 23
2709 24
2710 24
2711 23
2712 24
2713 24
2714 24
2715 24
2716 24
2717 24
2718 24
2719 24
2720 24
2721 24
2722 24
2723 23
2724 23
2725 24
2726 23
2727 25
2728 24
2729 23
2730 24
2731 23
2732 24
2733 23
2734 24
2735 24
2736 24
2737 24
2738 24
2739 24
2740 23
2741 24
2742 24
2743 24
2744 23
2745 24
2746 24
2747 23
2748 23
2749 24
2750 24
2751 24
2752 24
2753 24
2754 24
2755 23
2756 23
2757 23
2758 24
2759 23
2760 24
2761 24
2762 24
2763 24
2764 24
2765 24
2766 24
2767 24
2768 23
2769 23
2770 24
2771 24
2772 24
2773 24
2774 24
2775 24
2776 23
2777 25
2778 24
2779 23
2780 24
2781 23
2782 24
2783 23
2784 24
2785 24
2786 24
2787 23
2788 24
2789 25
2790 24
2791 23
2792 23
2793 24
2794 24
2795 24
2796 23
2797 24
2798 24
2799 24
2800 23
2801 23
2802 24
2803 24
2804 23
2805 24
2806 24
2807 24
2808 24
2809 24
2810 24
2811 24
2812 23
2813 24
2814 23
2815 23
2816 25
2817 24
2818 24
2819 24
2820 24
2821 23
2822 23
2823 24
2824 24
2825 24
2826 23
2827 24
2828 23
2829 24
2830 24
2831 24
2832 23
2833 24
2834 24
2835 24
2836 23
2837 24
2838 24
2839 24
2840 24
2841 23
2842 24
2843 23
2844 24
2845 24
2846 23
2847 24
2848 24
2849 24
2850 24
2851 24
2852 24
2853 23
2854 24
2855 24
2856 24
2857 24
2858 24
2859 23
2860 23
2861 24
2862 25
2863 24
2864 24
2865 24
2866 24
2867 23
2868 24
2869 24
2870 24
2871 24
2872 23
2873 24
2874 24
2875 23
2876 24
2877 24
2878 24
2879 24
2880 24
2881 24
2882 24
2883 24
2884 24
2885 24
2886 24
2887 24
2888 24
2889 24
2890 24
2891 24
2892 23
2893 24
2894 24
2895 24
2896 24
2897 23
2898 23
2899 24
2900 24
2901 23
2902 23
2903 23
2904 24
2905 24
2906 23
2907 23
2908 24
2909 23
2910 24
2911 24
2912 24
2913 24
2914 24
2915 24
2916 25
2917 24
2918 24
2919 24
2920 24
2921 24
2922 23
2923 24
2924 24
2925 23
2926 23
2927 24
2928 24
2929 24
2930 24
2931 24
2932 24
2933 24
2934 24
2935 24
2936 24
2937 24
2938 23
2939 24
2940 24
2941 24
2942 24
2943 24
2944 24
2945 24
2946 23
2947 24
2948 23
2949 24
2950 24
2951 24
2952 24
2953 24
2954 23
2955 24
2956 24
2957 24
2958 23
2959 23
2960 24
2961 24
2962 24
2963 23
2964 24
2965 24
2966 24
2967 24
2968 23
2969 23
2970 24
2971 25
2972 23
2973 25
2974 24
2975 24
2976 24
2977 24
2978 23
2979 24
2980 24
2981 23
2982 23
2983 23
2984 23
2985 24
2986 24
2987 23
2988 24
2989 23
2990 23
2991 24
2992 23
2993 23
2994 23
2995 24
2996 24
2997 24
2998 24
2999 24
3000 24
3001 24
3002 24
3003 24
3004 24
3005 24
3006 24
3007 23
3008 24
3009 24
3010 24
3011 24
3012 25
3013 23
3014 24
3015 24
3016 24
3017 23
3018 24
3019 24
3020 24
3021 24
3022 23
3023 24
3024 24
3025 24
3026 23
3027 24
3028 24
3029 24
3030 24
3031 24
3032 24
3033 24
3034 24
3035 23
3036 24
3037 24
3038 24
3039 24
3040 23
3041 24
3042 24
3043 24
3044 24
3045 24
3046 24
3047 24
3048 24
3049 24
3050 23
3051 23
3052 24
3053 24
3054 24
3055 23
3056 23
3057 23
3058 24
3059 24
3060 23
3061 24
3062 23
3063 24
3064 23
3065 24
3066 24
3067 24
3068 24
3069 23
3070 24
3071 24
3072 24
3073 24
3074 24
3075 24
3076 24
3077 24
3078 24
3079 24
3080 23
3081 24
3082 25
3083 24
3084 24
3085 23
3086 24
3087 24
3088 23
3089 23
3090 24
3091 23
3092 24
3093 24
3094 23
3095 23
3096 24
3097 23
3098 23
3099 24
3100 24
3101 24
3102 23
3103 24
3104 24
3105 25
3106 23
3107 24
3108 24
3109 24
3110 24
3111 23
3112 25
3113 24
3114 23
3115 23
3116 24
3117 24
3118 23
3119 24
3120 25
3121 23
3122 24
3123 23
3124 24
3125 24
3126 24
3127 24
3128 23
3129 23
3130 23
3131 23
3132 24
3133 23
3134 24
3135 23
3136 25
3137 24
3138 24
3139 23
3140 24
3141 23
3142 24
3143 24
3144 24
3145 24
3146 24
3147 24
3148 24
3149 23
3150 24
3151 24
3152 24
3153 24
3154 24
3155 24
3156 24
3157 24
3158 24
3159 23
3160 24
3161 23
3162 24
3163 24
3164 23
3165 24
3166 24
3167 23
3168 23
3169 24
3170 24
3171 24
3172 24
3173 23
3174 24
3175 24
3176 24
3177 24
3178 23
3179 24
3180 24
3181 23
3182 24
3183 24
3184 24
3185 24
3186 24
3187 24
3188 23
3189 24
3190 24
3191 23
3192 23
3193 24
3194 24
3195 24
3196 24
3197 24
3198 24
3199 24
3200 24
3201 23
3202 24
3203 24
3204 24
3205 24
3206 23
3207 24
3208 24
3209 24
3210 24
3211 24
3212 24
3213 24
3214 23
3215 24
3216 24
3217 24
3218 24
3219 23
3220 24
3221 24
3222 24
3223 25
3224 24
3225 24
3226 24
3227 24
3228 24
3229 24
3230 23
3231 24
3232 24
3233 23
3234 24
3235 24
3236 23
3237 24
3238 24
3239 23
3240 24
3241 23
3242 24
3243 23
3244 24
3245 23
3246 24
3247 23
3248 24
3249 23
3250 24
3251 23
3252 24
3253 24
3254 23
3255 24
3256 24
3257 23
3258 23
3259 24
3260 23
3261 24
3262 24
3263 24
3264 24
3265 23
3266 24
3267 24
3268 24
3269 24
3270 23
3271 23
3272 24
3273 23
3274 24
3275 24
3276 24
3277 24
3278 24
3279 24
3280 24
3281 24
3282 24
3283 24
3284 24
3285 24
3286 25
3287 23
3288 24
3289 24
3290 24
3291 23
3292 23
3293 24
3294 24
3295 24
3296 24
3297 25
3298 23
3299 24
3300 24
3301 24
3302 24
3303 24
3304 24
3305 23
3306 24
3307 24
3308 24
3309 23
3310 24
3311 24
3312 23
3313 23
3314 24
3315 24
3316 23
3317 24
3318 24
3319 23
3320 24
3321 23
3322 24
3323 23
3324 24
3325 24
3326 23
3327 24
3328 23
3329 24
3330 23
3331 24
3332 23
3333 23
3334 24
3335 24
3336 24
3337 24
3338 24
3339 24
3340 23
3341 24
3342 23
3343 23
3344 23
3345 24
3346 24
3347 24
3348 24
3349 24
3350 24
3351 24
3352 23
3353 23
3354 24
3355 24
3356 24
3357 24
3358 24
3359 24
3360 24
3361 24
3362 23
3363 23
3364 24
3365 24
3366 23
3367 24
3368 25
3369 23
3370 23
3371 24
3372 24
3373 24
3374 24
3375 24
3376 24
3377 24
3378 24
3379 24
3380 24
3381 24
3382 24
3383 24
3384 24
3385 24
3386 23
3387 24
3388 24
3389 24
3390 23
3391 24
3392 23
3393 23
3394 23
3395 24
3396 23
3397 24
3398 24
3399 25
3400 23
3401 24
3402 24
3403 24
3404 23
3405 24
3406 24
3407 24
3408 23
3409 24
3410 24
3411 24
3412 23
3413 23
3414 24
3415 23
3416 24
3417 24
3418 24
3419 24
3420 24
3421 24
3422 24
3423 24
3424 24
3425 24
3426 23
3427 24
3428 24
3429 24
3430 24
3431 24
3432 24
3433 24
3434 24
3435 24
3436 23
3437 24
3438 24
3439 23
3440 24
3441 24
3442 24
3443 23
3444 24
3445 24
3446 24
3447 24
3448 23
3449 24
3450 24
3451 24
3452 24
3453 23
3454 24
3455 23
3456 24
3457 24
3458 25
3459 24
3460 23
3461 24
3462 24
3463 24
3464 23
3465 24
3466 25
3467 24
3468 24
3469 25
3470 23
3471 24
3472 24
3473 24
3474 24
3475 24
3476 23
3477 24
3478 24
3479 24
3480 23
3481 23
3482 24
3483 24
3484 23
3485 23
3486 24
3487 23
3488 24
3489 23
3490 24
3491 24
3492 24
3493 23
3494 23
3495 23
3496 23
3497 24
3498 24
3499 23
3500 24
3501 23
3502 24
3503 23
3504 24
3505 24
3506 24
3507 23
3508 23
3509 24
3510 23
3511 24
3512 24
3513 23
3514 24
3515 24
3516 24
3517 24
3518 24
3519 24
3520 24
3521 24
3522 24
3523 23
3524 24
3525 24
3526 23
3527 24
3528 24
3529 24
3530 24
3531 24
3532 24
3533 23
3534 24
3535 23
3536 24
3537 24
3538 24
3539 23
3540 24
3541 23
3542 24
3543 24
3544 23
3545 24
3546 24
3547 24
3548 24
3549 23
3550 24
3551 24
3552 24
3553 24
3554 23
3555 24
3556 23
3557 24
3558 24
3559 23
3560 24
3561 23
3562 24
3563 23
3564 23
3565 24
3566 24
3567 24
3568 23
3569 23
3570 23
3571 23
3572 24
3573 24
3574 25
3575 23
3576 24
3577 23
3578 23
3579 23
3580 24
3581 23
3582 23
3583 24
3584 23
3585 23
3586 23
3587 24
3588 24
3589 24
3590 24
3591 23
3592 24
3593 23
3594 24
3595 23
3596 23
3597 24
3598 24
3599 24
3600 24
3601 23
3602 24
3603 24
3604 24
3605 24
3606 24
3607 24
3608 24
3609 23
3610 23
3611 23
3612 24
3613 24
3614 24
3615 23
3616 24
3617 24
3618 24
3619 23
3620 24
3621 23
3622 23
3623 23
3624 24
3625 24
3626 24
3627 24
3628 24
3629 24
3630 23
3631 24
3632 24
3633 23
3634 24
3635 24
3636 24
3637 24
3638 24
3639 25
3640 24
3641 23
3642 23
3643 23
3644 24
3645 23
3646 23
3647 24
3648 24
3649 24
3650 24
3651 25
3652 23
3653 23
3654 23
3655 23
3656 24
3657 24
3658 23
3659 24
3660 23
3661 24
3662 24
3663 23
3664 23
3665 24
3666 24
3667 24
3668 24
3669 23
3670 23
3671 24
3672 24
3673 24
3674 24
3675 24
3676 24
3677 24
3678 24
3679 24
3680 23
3681 24
3682 24
3683 23
3684 24
3685 24
3686 24
3687 23
3688 23
3689 24
3690 24
3691 24
3692 24
3693 23
3694 24
3695 23
3696 24
3697 24
3698 23
3699 24
3700 24
3701 23
3702 23
3703 24
3704 24
3705 23
3706 23
3707 24
3708 24
3709 24
3710 24
3711 24
3712 23
3713 23
3714 23
3715 23
3716 24
3717 24
3718 24
3719 23
3720 24
3721 24
3722 23
3723 23
3724 24
3725 23
3726 24
3727 24
3728 24
3729 23
3730 23
3731 24
3732 24
3733 24
3734 24
3735 24
3736 24
3737 23
3738 24
3739 24
3740 24
3741 23
3742 24
3743 23
3744 24
3745 24
3746 24
3747 24
3748 24
3749 24
3750 24
3751 24
3752 24
3753 23
3754 24
3755 25
3756 24
3757 23
3758 24
3759 24
3760 23
3761 24
3762 24
3763 24
3764 23
3765 24
3766 25
3767 23
3768 24
3769 24
3770 24
3771 24
3772 24
3773 23
3774 24
3775 24
3776 23
3777 24
3778 23
3779 23
3780 24
3781 24
3782 23
3783 24
3784 23
3785 23
3786 24
3787 23
3788 24
3789 24
3790 24
3791 23
3792 24
3793 23
3794 24
3795 23
3796 24
3797 24
3798 24
3799 24
3800 24
3801 23
3802 24
3803 24
3804 24
3805 24
3806 24
3807 23
3808 24
3809 24
3810 24
3811 24
3812 24
3813 24
3814 23
3815 24
3816 23
3817 25
3818 24
3819 24
3820 24
3821 24
3822 24
3823 23
3824 23
3825 24
3826 24
3827 24
3828 24
3829 24
3830 24
3831 24
3832 24
3833 23
3834 23
3835 23
3836 24
3837 23
3838 24
3839 24
3840 25
3841 25
3842 23
3843 23
3844 24
3845 24
3846 24
3847 23
3848 24
3849 24
3850 25
3851 24
3852 23
3853 24
3854 23
3855 24
3856 23
3857 23
3858 24
3859 24
3860 24
3861 24
3862 24
3863 24
3864 23
3865 24
3866 23
3867 24
3868 23
3869 24
3870 23
3871 24
3872 24
3873 24
3874 23
3875 23
3876 24
3877 23
3878 24
3879 24
3880 24
3881 24
3882 24
3883 24
3884 23
3885 23
3886 23
3887 24
3888 23
3889 24
3890 23
3891 24
3892 24
3893 23
3894 24
3895 23
3896 24
3897 24
3898 24
3899 24
3900 24
3901 24
3902 23
3903 25
3904 23
3905 24
3906 24
3907 24
3908 24
3909 23
3910 24
3911 24
3912 24
3913 23
3914 23
3915 24
3916 23
3917 24
3918 24
3919 23
3920 24
3921 24
3922 24
3923 23
3924 24
3925 24
3926 24
3927 24
3928 23
3929 24
3930 24
3931 23
3932 23
3933 24
3934 24
3935 24
3936 24
3937 24
3938 24
3939 23
3940 24
3941 23
3942 23
3943 24
3944 23
3945 24
3946 23
3947 24
3948 24
3949 23
3950 24
3951 24
3952 23
3953 24
3954 24
3955 23
3956 24
3957 23
3958 24
3959 24
3960 24
3961 24
3962 24
3963 24
3964 24
3965 24
3966 24
3967 24
3968 23
3969 23
3970 24
3971 23
3972 24
3973 24
3974 23
3975 24
3976 24
3977 23
3978 24
3979 24
3980 24
3981 24
3982 24
3983 24
3984 23
3985 24
3986 24
3987 24
3988 23
3989 24
3990 24
3991 23
3992 24
3993 24
3994 24
3995 23
3996 24
3997 23
3998 23
3999 25
4000 24
4001 24
4002 24
4003 24
4004 23
4005 24
4006 24
4007 23
4008 23
4009 23
4010 24
4011 24
4012 25
4013 24
4014 24
4015 24
4016 24
4017 23
4018 24
4019 23
4020 24
4021 24
4022 24
4023 24
4024 24
4025 24
4026 24
4027 24
4028 23
4029 24
4030 24
4031 24
4032 23
4033 25
4034 24
4035 24
4036 23
4037 23
4038 24
4039 24
4040 24
4041 24
4042 24
4043 24
4044 24
4045 24
4046 24
4047 24
4048 24
4049 24
4050 24
4051 24
4052 25
4053 23
4054 23
4055 23
4056 24
4057 23
4058 24
4059 24
4060 24
4061 25
4062 24
4063 24
4064 24
4065 23
4066 24
4067 24
4068 24
4069 24
4070 24
4071 24
4072 24
4073 24
4074 24
4075 24
4076 24
4077 23
4078 25
4079 23
4080 24
4081 24
4082 24
4083 23
4084 24
4085 24
4086 24
4087 24
4088 23
4089 24
4090 24
4091 24
4092 23
4093 23
4094 23
4095 24
4096 24
4097 24
4098 24
4099 24
4100 24
4101 24
4102 23
4103 24
4104 24
4105 24
4106 24
4107 24
4108 24
4109 24
4110 25
4111 24
4112 24
4113 24
4114 24
4115 24
4116 24
4117 23
4118 24
4119 24
4120 24
4121 23
4122 23
4123 24
4124 23
4125 24
4126 24
4127 23
4128 24
4129 23
4130 23
4131 24
4132 24
4133 24
4134 24
4135 24
4136 24
4137 24
4138 24
4139 24
4140 23
4141 24
4142 25
4143 24
4144 24
4145 24
4146 23
4147 24
4148 24
4149 24
4150 24
4151 24
4152 24
4153 24
4154 24
4155 24
4156 23
4157 24
4158 24
4159 24
4160 24
4161 23
4162 24
4163 24
4164 23
4165 24
4166 23
4167 24
4168 24
4169 24
4170 24
4171 23
4172 23
4173 24
4174 23
4175 23
4176 23
4177 24
4178 24
4179 24
4180 24
4181 24
4182 23
4183 24
4184 23
4185 23
4186 24
4187 24
4188 24
4189 24
4190 24
4191 23
4192 24
4193 24
4194 23
4195 24
4196 23
4197 24
4198 24
4199 23
4200 24
4201 23
4202 25
4203 24
4204 24
4205 23
4206 24
4207 24
4208 24
4209 24
4210 24
4211 24
4212 24
4213 24
4214 23
4215 24
4216 24
4217 23
4218 24
4219 24
4220 24
4221 23
4222 23
4223 24
4224 23
4225 23
4226 24
4227 24
4228 24
4229 23
4230 23
4231 23
4232 25
4233 24
4234 24
4235 24
4236 25
4237 24
4238 24
4239 24
4240 24
4241 24
4242 24
4243 24
4244 23
4245 24
4246 24
4247 24
4248 24
4249 23
4250 23
4251 24
4252 23
4253 24
4254 24
4255 24
4256 24
4257 24
4258 24
4259 24
4260 24
4261 24
4262 24
4263 24
4264 23
4265 24
4266 24
4267 24
4268 23
4269 24
4270 24
4271 24
4272 24
4273 24
4274 23
4275 24
4276 24
4277 24
4278 24
4279 24
4280 24
4281 24
4282 23
4283 24
4284 24
4285 23
4286 24
4287 24
4288 24
4289 24
4290 24
4291 24
4292 23
4293 24
4294 24
4295 24
4296 23
4297 24
4298 24
4299 23
4300 24
4301 24
4302 24
4303 25
4304 24
4305 24
4306 24
4307 24
4308 24
4309 23
4310 24
4311 24
4312 24
4313 24
4314 24
4315 24
4316 23
4317 24
4318 24
4319 24
4320 24
4321 24
4322 24
4323 24
4324 24
4325 24
4326 24
4327 24
4328 24
4329 24
4330 23
4331 24
4332 23
4333 23
4334 23
4335 24
4336 24
4337 23
4338 24
4339 24
4340 24
4341 24
4342 24
4343 24
4344 23
4345 24
4346 24
4347 24
4348 24
4349 24
4350 24
4351 24
4352 24
4353 24
4354 23
4355 23
4356 24
4357 24
4358 23
4359 24
4360 23
4361 23
4362 24
4363 23
4364 24
4365 24
4366 23
4367 24
4368 24
4369 23
4370 24
4371 23
4372 24
4373 24
4374 23
4375 24
4376 24
4377 24
4378 24
4379 24
4380 23
4381 24
4382 24
4383 24
4384 24
4385 24
4386 23
4387 23
4388 24
4389 24
4390 24
4391 24
4392 24
4393 23
4394 24
4395 24
4396 24
4397 24
4398 23
4399 23
4400 24
4401 23
4402 24
4403 24
4404 24
4405 24
4406 24
4407 24
4408 24
4409 24
4410 23
4411 24
4412 24
4413 24
4414 24
4415 24
4416 25
4417 24
4418 23
4419 24
4420 25
4421 23
4422 24
4423 24
4424 23
4425 24
4426 24
4427 24
4428 25
4429 24
4430 24
4431 24
4432 23
4433 23
4434 24
4435 24
4436 24
4437 24
4438 24
4439 24
4440 24
4441 23
4442 24
4443 23
4444 24
4445 23
4446 24
4447 23
4448 24
4449 24
4450 24
4451 23
4452 24
4453 24
4454 24
4455 24
4456 24
4457 24
4458 23
4459 23
4460 24
4461 24
4462 24
4463 23
4464 24
4465 24
4466 25
4467 24
4468 24
4469 23
4470 24
4471 24
4472 23
4473 24
4474 24
4475 24
4476 23
4477 23
4478 24
4479 24
4480 24
4481 24
4482 24
4483 24
4484 24
4485 24
4486 23
4487 23
4488 24
4489 23
4490 23
4491 24
4492 23
4493 23
4494 24
4495 24
4496 23
4497 24
4498 24
4499 23
4500 24
4501 24
4502 24
4503 24
4504 24
4505 24
4506 24
4507 24
4508 24
4509 24
4510 23
4511 23
4512 24
4513 24
4514 24
4515 24
4516 23
4517 23
4518 24
4519 24
4520 23
4521 25
4522 23
4523 23
4524 24
4525 24
4526 24
4527 24
4528 24
4529 24
4530 24
4531 24
4532 24
4533 23
4534 24
4535 24
4536 24
4537 24
4538 24
4539 23
4540 24
4541 23
4542 24
4543 24
4544 24
4545 23
4546 23
4547 24
4548 24
4549 24
4550 24
4551 24
4552 24
4553 24
4554 24
4555 24
4556 24
4557 23
4558 24
4559 24
4560 24
4561 24
4562 24
4563 24
4564 24
4565 24
4566 24
4567 23
4568 24
4569 24
4570 24
4571 24
4572 24
4573 24
4574 24
4575 24
4576 24
4577 24
4578 23
4579 24
4580 24
4581 24
4582 24
4583 24
4584 24
4585 24
4586 24
4587 24
4588 23
4589 24
4590 23
4591 23
4592 24
4593 24
4594 24
4595 24
4596 24
4597 23
4598 24
4599 24
4600 24
4601 23
4602 24
4603 23
4604 24
4605 24
4606 24
4607 24
4608 24
4609 24
4610 24
4611 24
4612 24
4613 23
4614 24
4615 25
4616 24
4617 24
4618 23
4619 24
4620 24
4621 24
4622 23
4623 23
4624 23
4625 24
4626 24
4627 23
4628 24
4629 23
4630 24
4631 23
4632 24
4633 24
4634 24
4635 24
4636 24
4637 24
4638 23
4639 24
4640 24
4641 23
4642 23
4643 24
4644 24
4645 24
4646 24
4647 24
4648 23
4649 24
4650 24
4651 24
4652 24
4653 23
4654 24
4655 24
4656 25
4657 24
4658 23
4659 24
4660 23
4661 23
4662 24
4663 23
4664 24
4665 23
4666 24
4667 23
4668 24
4669 24
4670 23
4671 24
4672 22
4673 24
4674 24
4675 24
4676 24
4677 24
4678 24
4679 24
4680 23
4681 24
4682 24
4683 24
4684 24
4685 23
4686 24
4687 24
4688 24
4689 24
4690 24
4691 25
4692 23
4693 24
4694 24
4695 23
4696 23
4697 24
4698 25
4699 24
4700 24
4701 24
4702 24
4703 24
4704 23
4705 24
4706 24
4707 24
4708 24
4709 24
4710 23
4711 24
4712 23
4713 24
4714 23
4715 23
4716 24
4717 24
4718 24
4719 24
4720 25
4721 23
4722 24
4723 23
4724 24
4725 24
4726 24
4727 24
4728 24
4729 24
4730 24
4731 24
4732 24
4733 24
4734 24
4735 24
4736 23
4737 24
4738 24
4739 24
4740 24
4741 24
4742 24
4743 24
4744 25
4745 25
4746 24
4747 24
4748 24
4749 23
4750 23
4751 24
4752 24
4753 24
4754 23
4755 23
4756 23
4757 24
4758 23
4759 24
4760 24
4761 24
4762 24
4763 24
4764 24
4765 24
4766 24
4767 24
4768 25
4769 23
4770 24
4771 24
4772 23
4773 24
4774 23
4775 23
4776 23
4777 23
4778 23
4779 24
4780 24
4781 24
4782 24
4783 24
4784 24
4785 24
4786 24
4787 24
4788 23
4789 24
4790 23
4791 24
4792 24
4793 24
4794 24
4795 25
4796 23
4797 23
4798 23
4799 24
4800 24
4801 24
4802 23
4803 24
4804 24
4805 24
4806 23
4807 24
4808 24
4809 24
4810 25
4811 25
4812 24
4813 24
4814 24
4815 23
4816 23
4817 23
4818 24
4819 24
4820 24
4821 24
4822 24
4823 24
4824 23
4825 25
4826 23
4827 24
4828 23
4829 23
4830 23
4831 24
4832 24
4833 24
4834 24
4835 22
4836 24
4837 23
4838 24
4839 24
4840 24
4841 23
4842 23
4843 24
4844 24
4845 24
4846 24
4847 24
4848 24
4849 24
4850 24
4851 23
4852 23
4853 25
4854 24
4855 24
4856 24
4857 23
4858 24
4859 23
4860 23
4861 24
4862 24
4863 23
4864 23
4865 23
4866 24
4867 24
4868 24
4869 24
4870 24
4871 23
4872 24
4873 23
4874 24
4875 24
4876 23
4877 24
4878 23
4879 24
4880 23
4881 24
4882 24
4883 24
4884 24
4885 24
4886 23
4887 24
4888 24
4889 24
4890 24
4891 23
4892 24
4893 23
4894 23
4895 24
4896 24
4897 24
4898 24
4899 24
4900 23
4901 24
4902 24
4903 24
4904 24
4905 24
4906 23
4907 24
4908 24
4909 24
4910 24
4911 23
4912 24
4913 24
4914 24
4915 24
4916 23
4917 24
4918 24
4919 24
4920 24
4921 24
4922 23
4923 24
4924 23
4925 25
4926 24
4927 23
4928 24
4929 24
4930 24
4931 23
4932 24
4933 24
4934 24
4935 23
4936 24
4937 24
4938 23
4939 24
4940 24
4941 23
4942 23
4943 24
4944 24
4945 24
4946 23
4947 23
4948 24
4949 23
4950 24
4951 24
4952 24
4953 24
4954 24
4955 23
4956 24
4957 24
4958 24
4959 24
4960 24
4961 24
4962 24
4963 24
4964 24
4965 24
4966 24
4967 24
4968 24
4969 24
4970 24
4971 23
4972 24
4973 24
4974 24
4975 24
4976 24
4977 23
4978 23
4979 24
4980 24
4981 24
4982 23
4983 24
4984 24
4985 23
4986 24
4987 24
4988 23
4989 24
4990 24
4991 24
4992 24
4993 23
4994 24
4995 23
4996 24
4997 24
4998 24
4999 24
5000 24
5001 23
5002 23
5003 24
5004 24
5005 24
5006 24
5007 24
5008 23
5009 24
5010 24
5011 23
5012 24
5013 24
5014 24
5015 24
5016 24
5017 24
5018 23
5019 24
5020 24
5021 23
5022 23
5023 23
5024 23
5025 24
5026 24
5027 24
5028 24
5029 23
5030 24
5031 24
5032 24
5033 24
5034 23
5035 23
5036 23
5037 24
5038 25
5039 23
5040 23
5041 23
5042 24
5043 24
5044 24
5045 24
5046 24
5047 23
5048 24
5049 24
5050 24
5051 24
5052 25
5053 24
5054 24
5055 24
5056 23
5057 23
5058 24
5059 23
5060 24
5061 24
5062 24
5063 24
5064 23
5065 24
5066 24
5067 22
5068 23
5069 24
5070 23
5071 23
5072 24
5073 24
5074 24
5075 24
5076 23
5077 24
5078 24
5079 24
5080 24
5081 23
5082 23
5083 24
5084 24
5085 24
5086 24
5087 24
5088 23
5089 25
5090 23
5091 23
5092 24
5093 24
5094 24
5095 24
5096 24
5097 24
5098 24
5099 24
5100 24
5101 24
5102 25
5103 23
5104 24
5105 24
5106 24
5107 24
5108 23
5109 24
5110 23
5111 24
5112 24
5113 24
5114 24
5115 24
5116 24
5117 23
5118 24
5119 24
5120 24
5121 24
5122 24
5123 24
5124 25
5125 24
5126 24
5127 23
5128 24
5129 23
5130 24
5131 24
5132 25
5133 24
5134 24
5135 23
5136 24
5137 24
5138 24
5139 24
5140 24
5141 24
5142 24
5143 24
5144 24
5145 24
5146 23
5147 23
5148 24
5149 23
5150 23
5151 24
5152 24
5153 24
5154 24
5155 24
5156 24
5157 24
5158 23
5159 23
5160 23
5161 24
5162 24
5163 24
5164 23
5165 24
5166 24
5167 24
5168 24
5169 24
5170 24
5171 24
5172 24
5173 23
5174 23
5175 25
5176 24
5177 24
5178 24
5179 24
5180 24
5181 23
5182 24
5183 23
5184 24
5185 24
5186 24
5187 23
5188 23
5189 23
5190 23
5191 24
5192 24
5193 24
5194 24
5195 24
5196 24
5197 24
5198 24
5199 23
5200 25
5201 24
5202 24
5203 24
5204 24
5205 24
5206 24
5207 23
5208 24
5209 23
5210 24
5211 24
5212 24
5213 24
5214 24
5215 23
5216 24
5217 24
5218 24
5219 24
5220 24
5221 24
5222 24
5223 23
5224 24
5225 24
5226 24
5227 23
5228 23
5229 23
5230 24
5231 24
5232 24
5233 23
5234 23
5235 23
5236 24
5237 23
5238 24
5239 23
5240 23
5241 24
5242 24
5243 23
5244 24
5245 24
5246 24
5247 24
5248 24
5249 24
5250 24
5251 24
5252 24
5253 25
5254 23
5255 24
5256 24
5257 24
5258 24
5259 24
5260 24
5261 24
5262 24
5263 23
5264 24
5265 25
5266 23
5267 24
5268 24
5269 23
5270 24
5271 24
5272 24
5273 24
5274 23
5275 23
5276 23
5277 24
5278 24
5279 24
5280 24
5281 23
5282 23
5283 24
5284 24
5285 24
5286 23
5287 24
5288 23
5289 24
5290 24
5291 23
5292 24
5293 24
5294 24
5295 24
5296 24
5297 24
5298 24
5299 24
5300 24
5301 23
5302 24
5303 23
5304 24
5305 24
5306 24
5307 24
5308 24
5309 24
5310 24
5311 24
5312 24
5313 24
5314 24
5315 24
5316 25
5317 23
5318 24
5319 24
5320 23
5321 24
5322 24
5323 23
5324 24
5325 24
5326 23
5327 23
5328 24
5329 24
5330 23
5331 23
5332 24
5333 24
5334 24
5335 23
5336 23
5337 24
5338 24
5339 24
5340 24
5341 24
5342 24
5343 23
5344 24
5345 24
5346 23
5347 24
5348 24
5349 23
5350 23
5351 24
5352 24
5353 24
5354 24
5355 24
5356 23
5357 25
5358 23
5359 24
5360 24
5361 23
5362 24
5363 24
5364 24
5365 24
5366 23
5367 24
5368 24
5369 24
5370 23
5371 24
5372 24
5373 24
5374 23
5375 24
5376 24
5377 24
5378 24
5379 24
5380 24
5381 23
5382 24
5383 24
5384 24
5385 24
5386 24
5387 24
5388 24
5389 24
5390 24
5391 23
5392 24
5393 23
5394 23
5395 24
5396 23
5397 24
5398 24
5399 24
5400 24
5401 24
5402 24
5403 24
5404 24
5405 24
5406 24
5407 23
5408 24
5409 23
5410 24
5411 23
5412 23
5413 24
5414 24
5415 24
5416 24
5417 24
5418 24
5419 24
5420 24
5421 24
5422 24
5423 23
5424 24
5425 24
5426 24
5427 23
5428 24
5429 24
5430 24
5431 24
5432 24
5433 24
5434 25
5435 23
5436 23
5437 24
5438 24
5439 24
5440 23
5441 24
5442 23
5443 24
5444 24
5445 24
5446 23
5447 24
5448 23
5449 24
5450 23
5451 24
5452 24
5453 24
5454 24
5455 25
5456 24
5457 24
5458 23
5459 24
5460 23
5461 23
5462 23
5463 24
5464 24
5465 23
5466 24
5467 23
5468 24
5469 24
5470 23
5471 24
5472 23
5473 24
5474 24
5475 23
5476 23
5477 23
5478 24
5479 24
5480 24
5481 23
5482 24
5483 24
5484 23
5485 24
5486 24
5487 24
5488 24
5489 23
5490 24
5491 23
5492 24
5493 24
5494 23
5495 24
5496 23
5497 24
5498 24
5499 23
5500 24
5501 24
5502 24
5503 24
5504 23
5505 24
5506 23
5507 24
5508 24
5509 23
5510 24
5511 24
5512 24
5513 23
5514 24
5515 23
5516 24
5517 24
5518 24
5519 23
5520 23
5521 24
5522 24
5523 24
5524 23
5525 24
5526 24
5527 24
5528 24
5529 23
5530 24
5531 24
5532 23
5533 24
5534 23
5535 23
5536 23
5537 23
5538 24
5539 23
5540 24
5541 24
5542 24
5543 24
5544 24
5545 24
5546 24
5547 23
5548 24
5549 24
5550 24
5551 24
5552 24
5553 24
5554 25
5555 24
5556 24
5557 24
5558 23
5559 23
5560 24
5561 24
5562 24
5563 23
5564 24
5565 24
5566 24
5567 23
5568 23
5569 24
5570 24
5571 23
5572 23
5573 23
5574 24
5575 24
5576 24
5577 24
5578 24
5579 24
5580 24
5581 24
5582 24
5583 24
5584 24
5585 24
5586 24
5587 23
5588 24
5589 24
5590 24
5591 23
5592 24
5593 23
5594 24
5595 24
5596 24
5597 23
5598 24
5599 24
5600 24
5601 23
5602 23
5603 25
5604 24
5605 23
5606 24
5607 23
5608 24
5609 24
5610 24
5611 24
5612 24
5613 24
5614 24
5615 24
5616 24
5617 24
5618 24
5619 24
5620 24
5621 24
5622 24
5623 24
5624 24
5625 24
5626 24
5627 24
5628 24
5629 24
5630 23
5631 24
5632 24
5633 24
5634 23
5635 24
5636 24
5637 24
5638 24
5639 24
5640 25
5641 24
5642 24
5643 24
5644 24
5645 24
5646 24
5647 24
5648 25
5649 24
5650 24
5651 23
5652 23
5653 23
5654 24
5655 23
5656 24
5657 23
5658 24
5659 24
5660 24
5661 24
5662 24
5663 24
5664 24
5665 24
5666 24
5667 23
5668 24
5669 24
5670 24
5671 24
5672 24
5673 24
5674 24
5675 24
5676 24
5677 24
5678 23
5679 24
5680 24
5681 24
5682 24
5683 25
5684 24
5685 23
5686 24
5687 23
5688 24
5689 24
5690 24
5691 23
5692 24
5693 24
5694 24
5695 24
5696 24
5697 24
5698 24
5699 23
5700 24
5701 24
5702 23
5703 24
5704 24
5705 23
5706 23
5707 24
5708 23
5709 23
5710 24
5711 24
5712 23
5713 24
5714 24
5715 24
5716 24
5717 24
5718 23
5719 24
5720 24
5721 24
5722 23
5723 24
5724 24
5725 23
5726 24
5727 24
5728 24
5729 24
5730 24
5731 23
5732 24
5733 24
5734 23
5735 24
5736 24
5737 24
5738 23
5739 24
5740 24
5741 23
5742 23
5743 23
5744 24
5745 24
5746 24
5747 24
5748 24
5749 24
5750 24
5751 24
5752 24
5753 24
5754 24
5755 24
5756 24
5757 24
5758 24
5759 23
5760 24
5761 23
5762 23
5763 23
5764 24
5765 24
5766 24
5767 24
5768 23
5769 24
5770 24
5771 24
5772 24
5773 24
5774 24
5775 24
5776 23
5777 24
5778 24
5779 24
5780 25
5781 23
5782 23
5783 24
5784 24
5785 23
5786 24
5787 23
5788 24
5789 24
5790 24
5791 24
5792 23
5793 23
5794 24
5795 24
5796 24
5797 24
5798 23
5799 25
5800 23
5801 24
5802 23
5803 24
5804 23
5805 23
5806 24
5807 23
5808 24
5809 23
5810 23
5811 24
5812 25
5813 23
5814 24
5815 23
5816 23
5817 24
5818 24
5819 24
5820 24
5821 24
5822 24
5823 24
5824 24
5825 23
5826 24
5827 24
5828 24
5829 25
5830 24
5831 24
5832 24
5833 24
5834 24
5835 24
5836 24
5837 24
5838 24
5839 24
5840 23
5841 24
5842 24
5843 24
5844 24
5845 24
5846 23
5847 23
5848 24
5849 24
5850 24
5851 24
5852 23
5853 24
5854 23
5855 23
5856 24
5857 24
5858 24
5859 24
5860 24
5861 23
5862 24
5863 23
5864 23
5865 24
5866 23
5867 24
5868 24
5869 23
5870 23
5871 24
5872 24
5873 24
5874 24
5875 24
5876 24
5877 23
5878 24
5879 24
5880 24
5881 25
5882 24
5883 24
5884 24
5885 24
5886 23
5887 23
5888 24
5889 24
5890 23
5891 24
5892 25
5893 24
5894 24
5895 24
5896 24
5897 23
5898 24
5899 24
5900 24
5901 24
5902 23
5903 24
5904 24
5905 24
5906 24
5907 24
5908 24
5909 24
5910 23
5911 24
5912 24
5913 24
5914 23
5915 24
5916 25
5917 24
5918 24
5919 24
5920 24
5921 23
5922 23
5923 24
5924 24
5925 24
5926 24
5927 24
5928 24
5929 24
5930 23
5931 24
5932 25
5933 24
5934 24
5935 24
5936 24
5937 24
5938 24
5939 23
5940 24
5941 23
5942 24
5943 24
5944 23
5945 24
5946 24
5947 24
5948 24
5949 24
5950 24
5951 23
5952 24
5953 23
5954 24
5955 24
5956 23
5957 24
5958 24
5959 24
5960 24
5961 24
5962 23
5963 24
5964 24
5965 24
5966 24
5967 24
5968 24
5969 23
5970 24
5971 23
5972 23
5973 23
5974 23
5975 24
5976 24
5977 24
5978 24
5979 24
5980 24
5981 24
5982 24
5983 24
5984 24
5985 23
5986 23
5987 23
5988 24
5989 24
5990 24
5991 24
5992 24
5993 24
5994 24
5995 24
5996 24
5997 24
5998 25
5999 24
6000 24
6001 24
6002 24
6003 23
6004 24
6005 24
6006 24
6007 24
6008 24
6009 24
6010 23
6011 24
6012 24
6013 24
6014 24
6015 24
6016 24
6017 25
6018 24
6019 23
6020 23
6021 23
6022 23
6023 24
6024 24
6025 23
6026 23
6027 24
6028 24
6029 24
6030 24
6031 24
6032 24
6033 24
6034 23
6035 23
6036 24
6037 24
6038 24
6039 24
6040 24
6041 24
6042 24
6043 23
6044 25
6045 23
6046 24
6047 23
6048 23
6049 24
6050 24
6051 24
6052 24
6053 24
6054 24
6055 23
6056 23
6057 23
6058 24
6059 24
6060 24
6061 24
6062 24
6063 24
6064 24
6065 24
6066 24
6067 24
6068 24
6069 23
6070 24
6071 23
6072 24
6073 23
6074 24
6075 24
6076 24
6077 23
6078 24
6079 24
6080 24
6081 24
6082 23
6083 24
6084 24
6085 24
6086 23
6087 24
6088 24
6089 24
6090 23
6091 24
6092 24
6093 24
6094 24
6095 24
6096 23
6097 24
6098 24
6099 24
6100 24
6101 23
6102 24
6103 24
6104 24
6105 23
6106 24
6107 24
6108 24
6109 24
6110 24
6111 24
6112 24
6113 24
6114 24
6115 24
6116 23
6117 23
6118 24
6119 24
6120 23
6121 24
6122 24
6123 23
6124 23
6125 24
6126 24
6127 24
6128 24
6129 24
6130 24
6131 24
6132 24
6133 24
6134 25
6135 24
6136 24
6137 24
6138 23
6139 24
6140 23
6141 24
6142 23
6143 24
6144 24
6145 24
6146 24
6147 24
6148 24
6149 24
6150 23
6151 23
6152 24
6153 23
6154 23
6155 24
6156 24
6157 23
6158 24
6159 24
6160 24
6161 24
6162 23
6163 24
6164 23
6165 24
6166 23
6167 23
6168 24
6169 24
6170 23
6171 24
6172 24
6173 24
6174 24
6175 23
6176 23
6177 23
6178 22
6179 24
6180 24
6181 24
6182 24
6183 24
6184 24
6185 24
6186 24
6187 24
6188 24
6189 24
6190 24
6191 24
6192 24
6193 24
6194 23
6195 24
6196 24
6197 25
6198 24
6199 23
6200 24
6201 24
6202 24
6203 24
6204 23
6205 23
6206 24
6207 24
6208 23
6209 24
6210 24
6211 24
6212 24
6213 23
6214 23
6215 23
6216 24
6217 24
6218 24
6219 24
6220 24
6221 23
6222 24
6223 24
6224 24
6225 23
6226 23
6227 24
6228 23
6229 24
6230 24
6231 24
6232 24
6233 24
6234 24
6235 23
6236 24
6237 23
6238 24
6239 23
6240 24
6241 24
6242 24
6243 24
6244 23
6245 24
6246 24
6247 24
6248 24
6249 24
6250 24
6251 23
6252 24
6253 24
6254 24
6255 24
6256 23
6257 24
6258 24
6259 23
6260 23
6261 23
6262 24
6263 24
6264 24
6265 24
6266 24
6267 23
6268 24
6269 24
6270 23
6271 24
6272 24
6273 25
6274 23
6275 24
6276 23
6277 23
6278 24
6279 24
6280 24
6281 24
6282 23
6283 24
6284 23
6285 24
6286 24
6287 24
6288 23
6289 24
6290 24
6291 24
6292 24
6293 24
6294 23
6295 24
6296 24
6297 23
6298 24
6299 24
6300 23
6301 24
6302 24
6303 24
6304 24
6305 23
6306 23
6307 24
6308 23
6309 24
6310 24
6311 23
6312 24
6313 23
6314 24
6315 24
6316 24
6317 23
6318 24
6319 23
6320 24
6321 24
6322 24
6323 24
6324 24
6325 24
6326 24
6327 24
6328 24
6329 24
6330 23
6331 24
6332 24
6333 24
6334 24
6335 24
6336 23
6337 24
6338 24
6339 24
6340 24
6341 23
6342 23
6343 24
6344 24
6345 24
6346 24
6347 23
6348 24
6349 23
6350 24
6351 23
6352 24
6353 24
6354 24
6355 24
6356 24
6357 24
6358 24
6359 24
6360 23
6361 24
6362 24
6363 24
6364 23
6365 25
6366 24
6367 24
6368 24
6369 24
6370 24
6371 24
6372 23
6373 24
6374 24
6375 23
6376 24
6377 24
6378 24
6379 23
6380 24
6381 24
6382 23
6383 24
6384 24
6385 24
6386 24
6387 24
6388 23
6389 23
6390 23
6391 24
6392 24
6393 24
6394 23
6395 23
6396 24
6397 24
6398 24
6399 24
6400 25
6401 24
6402 24
6403 24
6404 23
6405 23
6406 24
6407 24
6408 24
6409 23
6410 24
6411 24
6412 24
6413 24
6414 24
6415 24
6416 23
6417 24
6418 24
6419 25
6420 24
6421 24
6422 23
6423 23
6424 23
6425 24
6426 23
6427 24
6428 24
6429 24
6430 24
6431 23
6432 24
6433 23
6434 24
6435 24
6436 23
6437 24
6438 24
6439 24
6440 24
6441 24
6442 24
6443 24
6444 24
6445 24
6446 23
6447 24
6448 24
6449 23
6450 24
6451 24
6452 23
6453 24
6454 23
6455 23
6456 24
6457 24
6458 24
6459 24
6460 24
6461 24
6462 24
6463 23
6464 23
6465 23
6466 24
6467 23
6468 24
6469 24
6470 24
6471 24
6472 24
6473 24
6474 23
6475 24
6476 24
6477 24
6478 24
6479 24
6480 24
6481 23
6482 24
6483 23
6484 24
6485 24
6486 24
6487 24
6488 24
6489 24
6490 23
6491 24
6492 24
6493 23
6494 24
6495 23
6496 23
6497 24
6498 24
6499 23
6500 23
6501 24
6502 24
6503 24
6504 24
6505 24
6506 23
6507 24
6508 24
6509 24
6510 24
6511 23
6512 24
6513 24
6514 23
6515 23
6516 25
6517 24
6518 24
6519 24
6520 24
6521 23
6522 24
6523 23
6524 24
6525 24
6526 24
6527 24
6528 24
6529 24
6530 23
6531 24
6532 24
6533 24
6534 23
6535 24
6536 23
6537 24
6538 24
6539 24
6540 24
6541 24
6542 24
6543 25
6544 24
6545 24
6546 24
6547 24
6548 24
6549 25
6550 24
6551 24
6552 24
6553 24
6554 24
6555 24
6556 24
6557 24
6558 24
6559 24
6560 24
6561 23
6562 24
6563 23
6564 23
6565 23
6566 24
6567 24
6568 25
6569 23
6570 24
6571 25
6572 23
6573 24
6574 24
6575 23
6576 24
6577 24
6578 24
6579 24
6580 24
6581 24
6582 24
6583 24
6584 24
6585 24
6586 23
6587 24
6588 23
6589 24
6590 23
6591 24
6592 24
6593 24
6594 24
6595 24
6596 24
6597 23
6598 24
6599 24
6600 24
6601 24
6602 24
6603 24
6604 24
6605 25
6606 24
6607 24
6608 24
6609 23
6610 23
6611 23
6612 24
6613 24
6614 24
6615 23
6616 24
6617 24
6618 24
6619 23
6620 23
6621 23
6622 23
6623 23
6624 24
6625 23
6626 23
6627 24
6628 24
6629 24
6630 24
6631 24
6632 23
6633 24
6634 24
6635 23
6636 23
6637 24
6638 23
6639 24
6640 24
6641 24
6642 24
6643 24
6644 24
6645 24
6646 24
6647 23
6648 24
6649 24
6650 24
6651 24
6652 23
6653 24
6654 24
6655 24
6656 24
6657 24
6658 24
6659 24
6660 24
6661 24
6662 24
6663 24
6664 24
6665 24
6666 24
6667 24
6668 23
6669 23
6670 24
6671 24
6672 24
6673 24
6674 23
6675 24
6676 23
6677 24
6678 23
6679 24
6680 23
6681 23
6682 24
6683 23
6684 23
6685 24
6686 24
6687 25
6688 24
6689 23
6690 24
6691 24
6692 23
6693 24
6694 23
6695 24
6696 24
6697 24
6698 24
6699 23
6700 23
6701 24
6702 24
6703 22
6704 24
6705 24
6706 24
6707 23
6708 24
6709 23
6710 23
6711 24
6712 24
6713 23
6714 24
6715 23
6716 23
6717 24
6718 24
6719 23
6720 24
6721 24
6722 23
6723 24
6724 24
6725 23
6726 24
6727 24
6728 24
6729 24
6730 24
6731 24
6732 24
6733 24
6734 23
6735 23
6736 23
6737 24
6738 24
6739 24
6740 23
6741 24
6742 24
6743 24
6744 24
6745 23
6746 24
6747 23
6748 24
6749 23
6750 23
6751 23
6752 23
6753 24
6754 24
6755 25
6756 24
6757 25
6758 24
6759 24
6760 24
6761 24
6762 24
6763 24
6764 24
6765 23
6766 23
6767 24
6768 24
6769 24
6770 24
6771 24
6772 24
6773 23
6774 24
6775 24
6776 24
6777 24
6778 24
6779 24
6780 23
6781 24
6782 23
6783 24
6784 24
6785 23
6786 24
6787 23
6788 24
6789 24
6790 24
6791 24
6792 23
6793 23
6794 23
6795 24
6796 24
6797 24
6798 24
6799 24
6800 24
6801 24
6802 24
6803 24
6804 23
6805 24
6806 24
6807 23
6808 24
6809 24
6810 23
6811 24
6812 24
6813 24
6814 24
6815 24
6816 24
6817 24
6818 23
6819 23
6820 23
6821 23
6822 24
6823 24
6824 24
6825 24
6826 24
6827 24
6828 24
6829 24
6830 25
6831 24
6832 24
6833 24
6834 24
6835 24
6836 24
6837 24
6838 24
6839 24
6840 24
6841 23
6842 24
6843 24
6844 25
6845 25
6846 23
6847 24
6848 24
6849 23
6850 23
6851 24
6852 24
6853 24
6854 24
6855 23
6856 24
6857 24
6858 23
6859 24
6860 24
6861 23
6862 24
6863 23
6864 24
6865 23
6866 24
6867 24
6868 24
6869 24
6870 24
6871 24
6872 24
6873 23
6874 24
6875 24
6876 24
6877 24
6878 24
6879 24
6880 24
6881 24
6882 24
6883 24
6884 23
6885 24
6886 23
6887 23
6888 24
6889 23
6890 25
6891 24
6892 24
6893 24
6894 24
6895 24
6896 24
6897 24
6898 24
6899 24
6900 24
6901 24
6902 24
6903 23
6904 24
6905 24
6906 23
6907 24
6908 23
6909 24
6910 24
6911 23
6912 24
6913 24
6914 24
6915 24
6916 24
6917 24
6918 23
6919 24
6920 24
6921 24
6922 24
6923 23
6924 24
6925 24
6926 24
6927 24
6928 24
6929 24
6930 24
6931 24
6932 23
6933 24
6934 24
6935 24
6936 24
6937 24
6938 24
6939 23
6940 23
6941 24
6942 24
6943 23
6944 23
6945 24
6946 23
6947 24
6948 23
6949 23
6950 24
6951 24
6952 24
6953 24
6954 24
6955 25
6956 24
6957 25
6958 24
6959 23
6960 24
6961 24
6962 24
6963 24
6964 24
6965 24
6966 24
6967 24
6968 24
6969 23
6970 24
6971 24
6972 23
6973 23
6974 24
6975 24
6976 24
6977 24
6978 23
6979 24
6980 23
6981 24
6982 23
6983 24
6984 24
6985 24
6986 24
6987 24
6988 24
6989 24
6990 24
6991 24
6992 23
6993 24
6994 24
6995 24
6996 24
6997 23
6998 24
6999 24
7000 24
7001 24
7002 24
7003 24
7004 24
7005 24
7006 23
7007 24
7008 24
7009 24
7010 24
7011 24
7012 23
7013 24
7014 24
7015 24
7016 24
7017 24
7018 23
7019 23
7020 24
7021 23
7022 24
7023 23
7024 23
7025 24
7026 23
7027 23
7028 24
7029 24
7030 24
7031 24
7032 24
7033 24
7034 24
7035 24
7036 24
7037 24
7038 24
7039 24
7040 24
7041 23
7042 24
7043 25
7044 24
7045 24
7046 24
7047 24
7048 23
7049 24
7050 24
7051 24
7052 24
7053 24
7054 24
7055 24
7056 24
7057 24
7058 23
7059 24
7060 24
7061 23
7062 23
7063 24
7064 24
7065 24
7066 24
7067 24
7068 24
7069 23
7070 24
7071 24
7072 23
7073 24
7074 23
7075 24
7076 24
7077 23
7078 24
7079 23
7080 24
7081 24
7082 24
7083 24
7084 23
7085 24
7086 24
7087 24
7088 24
7089 24
7090 24
7091 23
7092 24
7093 24
7094 23
7095 24
7096 24
7097 24
7098 24
7099 24
7100 23
7101 24
7102 24
7103 24
7104 23
7105 24
7106 24
7107 24
7108 24
7109 24
7110 24
7111 24
7112 24
7113 24
7114 23
7115 24
7116 24
7117 24
7118 24
7119 23
7120 24
7121 24
7122 24
7123 24
7124 25
7125 24
7126 23
7127 23
7128 24
7129 24
7130 24
7131 24
7132 24
7133 24
7134 24
7135 24
7136 24
7137 24
7138 24
7139 23
7140 24
7141 24
7142 23
7143 24
7144 24
7145 24
7146 24
7147 23
7148 24
7149 24
7150 23
7151 24
7152 24
7153 23
7154 24
7155 24
7156 24
7157 23
7158 23
7159 25
7160 23
7161 24
7162 24
7163 24
7164 24
7165 23
7166 24
7167 23
7168 24
7169 23
7170 23
7171 23
7172 24
7173 23
7174 24
7175 24
7176 24
7177 24
7178 24
7179 24
7180 25
7181 24
7182 23
7183 24
7184 24
7185 24
7186 23
7187 24
7188 24
7189 24
7190 24
7191 24
7192 24
7193 24
7194 24
7195 23
7196 24
7197 24
7198 23
7199 24
7200 23
7201 24
7202 23
7203 24
7204 24
7205 24
7206 23
7207 23
7208 24
7209 23
7210 24
7211 24
7212 24
7213 24
7214 24
7215 24
7216 24
7217 25
7218 24
7219 24
7220 24
7221 22
7222 23
7223 24
7224 24
7225 23
7226 25
7227 23
7228 24
7229 23
7230 23
7231 24
7232 24
7233 24
7234 24
7235 23
7236 23
7237 24
7238 23
7239 24
7240 24
7241 24
7242 24
7243 24
7244 23
7245 24
7246 23
7247 23
7248 23
7249 24
7250 24
7251 24
7252 24
7253 24
7254 24
7255 24
7256 24
7257 24
7258 24
7259 23
7260 24
7261 24
7262 24
7263 23
7264 24
7265 24
7266 24
7267 24
7268 24
7269 24
7270 23
7271 24
7272 23
7273 23
7274 23
7275 24
