Polymer_Index N_1
0 22
1 22
2 22
3 22
4 22
5 22
6 22
7 22
8 22
9 22
10 22
11 22
12 21
13 22
14 21
15 21
16 21
17 22
18 21
19 22
20 22
21 21
22 22
23 22
24 23
25 21
26 22
27 23
28 22
29 22
30 21
31 22
32 22
33 22
34 21
35 22
36 21
37 22
38 22
39 23
40 22
41 22
42 22
43 21
44 22
45 23
46 21
47 22
48 22
49 22
50 22
51 22
52 22
53 22
54 21
55 21
56 22
57 22
58 22
59 21
60 22
61 22
62 22
63 22
64 22
65 22
66 22
67 21
68 21
69 22
70 21
71 23
72 22
73 22
74 22
75 22
76 22
77 22
78 22
79 22
80 21
81 21
82 22
83 22
84 21
85 22
86 22
87 22
88 22
89 22
90 22
91 22
92 23
93 22
94 22
95 22
96 22
97 22
98 22
99 22
100 22
101 22
102 22
103 22
104 23
105 22
106 21
107 22
108 21
109 22
110 22
111 22
112 23
113 22
114 22
115 22
116 22
117 22
118 22
119 22
120 22
121 22
122 22
123 22
124 22
125 21
126 22
127 22
128 22
129 22
130 22
131 22
132 22
133 21
134 22
135 22
136 22
137 22
138 22
139 22
140 21
141 22
142 21
143 22
144 22
145 22
146 22
147 22
148 22
149 22
150 23
151 22
152 21
153 22
154 22
155 22
156 22
157 23
158 22
159 22
160 21
161 22
162 22
163 22
164 22
165 22
166 22
167 22
168 23
169 22
170 22
171 22
172 23
173 22
174 21
175 22
176 21
177 22
178 23
179 22
180 22
181 23
182 21
183 22
184 21
185 22
186 22
187 22
188 21
189 21
190 22
191 22
192 22
193 22
194 23
195 22
196 22
197 23
198 22
199 22
200 22
201 22
202 22
203 22
204 22
205 22
206 22
207 22
208 22
209 23
210 22
211 22
212 22
213 22
214 22
215 23
216 22
217 23
218 22
219 22
220 22
221 23
222 22
223 22
224 22
225 22
226 22
227 23
228 22
229 22
230 23
231 22
232 22
233 22
234 23
235 22
236 22
237 21
238 22
239 22
240 22
241 22
242 23
243 22
244 22
245 22
246 22
247 22
248 22
249 22
250 22
251 22
252 22
253 22
254 22
255 21
256 22
257 21
258 23
259 22
260 22
261 23
262 21
263 22
264 22
265 22
266 22
267 22
268 22
269 21
270 21
271 22
272 22
273 22
274 22
275 23
276 23
277 22
278 22
279 22
280 21
281 22
282 23
283 22
284 22
285 22
286 22
287 21
288 22
289 21
290 22
291 21
292 22
293 22
294 22
295 22
296 22
297 22
298 23
299 22
300 21
301 22
302 23
303 22
304 22
305 21
306 22
307 22
308 22
309 21
310 22
311 22
312 22
313 22
314 22
315 22
316 22
317 22
318 21
319 22
320 21
321 22
322 22
323 22
324 22
325 22
326 22
327 22
328 22
329 22
330 21
331 22
332 21
333 23
334 21
335 22
336 22
337 22
338 22
339 21
340 22
341 22
342 21
343 22
344 21
345 22
346 23
347 22
348 22
349 22
350 22
351 23
352 22
353 22
354 22
355 22
356 22
357 22
358 22
359 21
360 22
361 22
362 22
363 22
364 22
365 22
366 21
367 23
368 22
369 22
370 22
371 21
372 22
373 22
374 22
375 21
376 22
377 22
378 22
379 21
380 22
381 22
382 21
383 22
384 22
385 22
386 22
387 23
388 22
389 22
390 22
391 22
392 21
393 22
394 22
395 22
396 22
397 22
398 22
399 22
400 21
401 23
402 22
403 22
404 21
405 22
406 23
407 21
408 22
409 22
410 22
411 22
412 22
413 21
414 22
415 22
416 22
417 22
418 21
419 22
420 22
421 22
422 22
423 22
424 22
425 21
426 23
427 22
428 22
429 22
430 21
431 21
432 22
433 22
434 21
435 21
436 21
437 21
438 21
439 21
440 22
441 22
442 21
443 22
444 22
445 22
446 22
447 22
448 22
449 22
450 22
451 21
452 22
453 22
454 22
455 22
456 21
457 22
458 22
459 22
460 22
461 22
462 22
463 23
464 22
465 22
466 22
467 21
468 22
469 21
470 21
471 22
472 22
473 21
474 21
475 22
476 22
477 22
478 22
479 23
480 22
481 22
482 22
483 21
484 22
485 22
486 22
487 22
488 22
489 22
490 21
491 22
492 22
493 22
494 22
495 22
496 23
497 21
498 22
499 22
500 21
501 22
502 21
503 22
504 22
505 23
506 22
507 22
508 21
509 22
510 22
511 22
512 21
513 22
514 22
515 22
516 22
517 23
518 22
519 22
520 22
521 22
522 21
523 22
524 22
525 22
526 22
527 23
528 21
529 21
530 22
531 23
532 22
533 22
534 23
535 22
536 23
537 22
538 22
539 22
540 22
541 23
542 21
543 22
544 22
545 21
546 22
547 22
548 22
549 22
550 22
551 22
552 21
553 22
554 22
555 21
556 22
557 22
558 22
559 22
560 21
561 23
562 23
563 21
564 23
565 22
566 22
567 22
568 22
569 21
570 22
571 22
572 21
573 22
574 22
575 22
576 21
577 23
578 22
579 22
580 22
581 21
582 22
583 22
584 22
585 22
586 22
587 22
588 22
589 21
590 21
591 22
592 22
593 22
594 23
595 22
596 22
597 21
598 22
599 22
600 22
601 22
602 22
603 22
604 22
605 22
606 21
607 22
608 22
609 22
610 22
611 22
612 22
613 22
614 22
615 22
616 23
617 22
618 22
619 22
620 22
621 21
622 22
623 22
624 22
625 22
626 22
627 22
628 23
629 22
630 22
631 22
632 21
633 22
634 22
635 22
636 23
637 21
638 22
639 22
640 22
641 22
642 22
643 23
644 22
645 23
646 22
647 22
648 23
649 22
650 22
651 22
652 21
653 22
654 22
655 22
656 22
657 21
658 22
659 21
660 22
661 22
662 22
663 22
664 22
665 21
666 22
667 22
668 22
669 22
670 22
671 21
672 22
673 23
674 23
675 22
676 22
677 23
678 22
679 23
680 22
681 22
682 22
683 22
684 23
685 22
686 21
687 21
688 22
689 22
690 22
691 22
692 23
693 22
694 22
695 22
696 22
697 22
698 22
699 22
700 22
701 22
702 22
703 22
704 22
705 22
706 22
707 23
708 22
709 22
710 23
711 21
712 22
713 22
714 22
715 22
716 22
717 22
718 21
719 22
720 22
721 22
722 22
723 22
724 22
725 22
726 22
727 22
728 22
729 23
730 22
731 22
732 22
733 23
734 23
735 22
736 22
737 22
738 21
739 22
740 22
741 22
742 22
743 22
744 22
745 22
746 22
747 21
748 22
749 21
750 22
751 23
752 22
753 22
754 22
755 21
756 22
757 22
758 22
759 22
760 22
761 22
762 22
763 22
764 22
765 21
766 23
767 21
768 22
769 21
770 22
771 22
772 22
773 21
774 22
775 23
776 22
777 21
778 22
779 22
780 22
781 22
782 23
783 22
784 22
785 22
786 23
787 22
788 22
789 23
790 22
791 22
792 22
793 21
794 22
795 21
796 22
797 22
798 22
799 22
800 22
801 22
802 22
803 22
804 21
805 22
806 22
807 22
808 22
809 22
810 21
811 22
812 21
813 23
814 22
815 22
816 22
817 22
818 22
819 22
820 22
821 22
822 22
823 22
824 21
825 22
826 22
827 22
828 22
829 22
830 22
831 22
832 22
833 21
834 22
835 22
836 22
837 22
838 23
839 22
840 22
841 23
842 22
843 23
844 22
845 22
846 22
847 21
848 22
849 23
850 22
851 22
852 22
853 22
854 22
855 22
856 22
857 22
858 22
859 22
860 22
861 22
862 22
863 22
864 22
865 22
866 23
867 22
868 21
869 23
870 22
871 23
872 22
873 22
874 22
875 22
876 23
877 22
878 22
879 22
880 22
881 22
882 22
883 22
884 21
885 23
886 22
887 22
888 22
889 22
890 22
891 22
892 22
893 22
894 22
895 23
896 21
897 22
898 22
899 22
900 22
901 22
902 23
903 22
904 23
905 22
906 20
907 22
908 22
909 22
910 22
911 22
912 23
913 21
914 23
915 22
916 23
917 22
918 22
919 21
920 22
921 22
922 21
923 22
924 23
925 22
926 21
927 23
928 22
929 22
930 22
931 22
932 22
933 22
934 22
935 22
936 23
937 22
938 23
939 21
940 22
941 22
942 21
943 22
944 22
945 22
946 22
947 22
948 22
949 22
950 22
951 22
952 21
953 22
954 22
955 22
956 22
957 22
958 21
959 21
960 22
961 22
962 23
963 22
964 22
965 21
966 22
967 23
968 22
969 22
970 23
971 22
972 22
973 22
974 22
975 22
976 22
977 22
978 23
979 22
980 22
981 22
982 22
983 22
984 23
985 22
986 23
987 22
988 21
989 22
990 22
991 21
992 22
993 22
994 22
995 22
996 22
997 22
998 22
999 22
1000 22
1001 23
1002 21
1003 22
1004 22
1005 21
1006 22
1007 23
1008 23
1009 22
1010 22
1011 22
1012 22
1013 21
1014 22
1015 23
1016 22
1017 23
1018 21
1019 22
1020 22
1021 21
1022 22
1023 22
1024 22
1025 21
1026 22
1027 22
1028 22
1029 21
1030 22
1031 23
1032 22
1033 22
1034 22
1035 22
1036 22
1037 22
1038 22
1039 22
1040 22
1041 22
1042 21
1043 22
1044 22
1045 22
1046 22
1047 22
1048 21
1049 22
1050 22
1051 22
1052 21
1053 22
1054 22
1055 22
1056 22
1057 22
1058 21
1059 22
1060 22
1061 22
1062 23
1063 22
1064 21
1065 21
1066 21
1067 22
1068 22
1069 22
1070 21
1071 21
1072 21
1073 21
1074 22
1075 22
1076 22
1077 22
1078 22
1079 22
1080 22
1081 22
1082 23
1083 22
1084 22
1085 22
1086 22
1087 23
1088 22
1089 22
1090 22
1091 23
1092 22
1093 22
1094 22
1095 22
1096 21
1097 22
1098 22
1099 22
1100 22
1101 23
1102 22
1103 22
1104 22
1105 22
1106 22
1107 22
1108 22
1109 22
1110 22
1111 22
1112 21
1113 22
1114 22
1115 22
1116 22
1117 22
1118 22
1119 22
1120 22
1121 23
1122 22
1123 22
1124 22
1125 22
1126 21
1127 22
1128 23
1129 22
1130 22
1131 22
1132 21
1133 22
1134 22
1135 22
1136 22
1137 22
1138 22
1139 22
1140 22
1141 22
1142 22
1143 23
1144 21
1145 22
1146 22
1147 22
1148 22
1149 23
1150 22
1151 22
1152 22
1153 22
1154 22
1155 22
1156 22
1157 22
1158 22
1159 21
1160 22
1161 23
1162 22
1163 22
1164 22
1165 23
1166 22
1167 22
1168 22
1169 22
1170 23
1171 22
1172 22
1173 22
1174 23
1175 22
1176 21
1177 22
1178 22
1179 21
1180 22
1181 22
1182 22
1183 21
1184 22
1185 21
1186 22
1187 22
1188 22
1189 23
1190 23
1191 22
1192 23
1193 22
1194 22
1195 22
1196 22
1197 22
1198 22
1199 21
1200 22
1201 22
1202 22
1203 22
1204 22
1205 22
1206 23
1207 22
1208 23
1209 22
1210 22
1211 22
1212 22
1213 22
1214 23
1215 22
1216 23
1217 22
1218 21
1219 23
1220 22
1221 22
1222 22
1223 22
1224 22
1225 22
1226 22
1227 22
1228 21
1229 22
1230 22
1231 22
1232 21
1233 22
1234 22
1235 21
1236 22
1237 22
1238 22
1239 22
1240 21
1241 21
1242 22
1243 22
1244 21
1245 22
1246 22
1247 22
1248 22
1249 22
1250 22
1251 22
1252 22
1253 21
1254 22
1255 22
1256 22
1257 22
1258 22
1259 21
1260 22
1261 22
1262 21
1263 22
1264 21
1265 23
1266 22
1267 22
1268 22
1269 22
1270 22
1271 22
1272 22
1273 21
1274 22
1275 22
1276 21
1277 22
1278 22
1279 22
1280 23
1281 22
1282 22
1283 22
1284 22
1285 22
1286 21
1287 22
1288 22
1289 22
1290 22
1291 22
1292 22
1293 21
1294 23
1295 22
1296 22
1297 21
1298 23
1299 22
1300 23
1301 22
1302 22
1303 22
1304 22
1305 22
1306 22
1307 22
1308 22
1309 22
1310 22
1311 22
1312 22
1313 22
1314 22
1315 22
1316 22
1317 21
1318 22
1319 22
1320 22
1321 22
1322 22
1323 23
1324 22
1325 22
1326 22
1327 23
1328 22
1329 22
1330 23
1331 21
1332 22
1333 22
1334 22
1335 22
1336 23
1337 22
1338 23
1339 21
1340 22
1341 22
1342 21
1343 23
1344 22
1345 22
1346 22
1347 22
1348 22
1349 21
1350 22
1351 22
1352 22
1353 22
1354 22
1355 22
1356 22
1357 22
1358 22
1359 21
1360 23
1361 22
1362 22
1363 22
1364 22
1365 22
1366 22
1367 21
1368 22
1369 23
1370 22
1371 21
1372 21
1373 22
1374 21
1375 22
1376 22
1377 22
1378 22
1379 22
1380 22
1381 22
1382 22
1383 22
1384 22
1385 22
1386 21
1387 22
1388 22
1389 22
1390 22
1391 22
1392 21
1393 22
1394 23
1395 21
1396 22
1397 22
1398 22
1399 22
1400 22
1401 22
1402 22
1403 21
1404 23
1405 22
1406 22
1407 22
1408 22
1409 22
1410 22
1411 22
1412 22
1413 22
1414 21
1415 22
1416 22
1417 22
1418 22
1419 22
1420 23
1421 22
1422 22
1423 22
1424 23
1425 22
1426 22
1427 21
1428 21
1429 21
1430 21
1431 21
1432 22
1433 22
1434 22
1435 22
1436 22
1437 23
1438 22
1439 22
1440 22
1441 22
1442 23
1443 22
1444 22
1445 22
1446 22
1447 21
1448 22
1449 22
1450 22
1451 22
1452 23
1453 22
1454 22
1455 22
1456 22
1457 22
1458 21
1459 22
1460 22
1461 22
1462 23
1463 21
1464 22
1465 22
1466 22
1467 22
1468 22
1469 22
1470 21
1471 22
1472 22
1473 22
1474 22
1475 21
1476 22
1477 22
1478 22
1479 21
1480 22
1481 22
1482 22
1483 22
1484 21
1485 21
1486 21
1487 22
1488 22
1489 22
1490 22
1491 22
1492 22
1493 21
1494 23
1495 22
1496 22
1497 22
1498 22
1499 22
1500 22
1501 23
1502 22
1503 22
1504 21
1505 22
1506 21
1507 22
1508 22
1509 22
1510 22
1511 22
1512 23
1513 22
1514 22
1515 22
1516 22
1517 22
1518 22
1519 21
1520 22
1521 22
1522 23
1523 22
1524 22
1525 22
1526 21
1527 22
1528 22
1529 22
1530 22
1531 22
1532 22
1533 22
1534 22
1535 22
1536 22
1537 22
1538 22
1539 22
1540 22
1541 23
1542 22
1543 22
1544 22
1545 22
1546 21
1547 22
1548 22
1549 22
1550 22
1551 22
1552 22
1553 22
1554 22
1555 21
1556 22
1557 22
1558 22
1559 22
1560 22
1561 22
1562 22
1563 22
1564 22
1565 22
1566 21
1567 22
1568 22
1569 22
1570 22
1571 22
1572 22
1573 22
1574 22
1575 22
1576 22
1577 21
1578 21
1579 22
1580 22
1581 22
1582 22
1583 22
1584 22
1585 22
1586 21
1587 22
1588 22
1589 22
1590 22
1591 22
1592 22
1593 22
1594 22
1595 22
1596 22
1597 22
1598 22
1599 21
1600 22
1601 22
1602 23
1603 22
1604 22
1605 22
1606 23
1607 23
1608 22
1609 22
1610 22
1611 22
1612 22
1613 22
1614 22
1615 22
1616 22
1617 21
1618 23
1619 22
1620 23
1621 22
1622 22
1623 22
1624 22
1625 22
1626 22
1627 22
1628 22
1629 22
1630 21
1631 22
1632 21
1633 22
1634 22
1635 22
1636 22
1637 21
1638 23
1639 23
1640 22
1641 22
1642 22
1643 23
1644 22
1645 22
1646 22
1647 22
1648 22
1649 23
1650 21
1651 22
1652 22
1653 22
1654 22
1655 22
1656 23
1657 22
1658 23
1659 23
1660 22
1661 22
1662 23
1663 22
1664 22
1665 22
1666 22
1667 22
1668 22
1669 21
1670 22
1671 21
1672 21
1673 22
1674 23
1675 22
1676 22
1677 22
1678 22
1679 22
1680 23
1681 23
1682 22
1683 22
1684 22
1685 21
1686 22
1687 22
1688 22
1689 22
1690 22
1691 22
1692 21
1693 22
1694 23
1695 22
1696 22
1697 22
1698 21
1699 22
1700 22
1701 23
1702 22
1703 22
1704 22
1705 22
1706 22
1707 22
1708 22
1709 21
1710 22
1711 22
1712 22
1713 22
1714 22
1715 22
1716 22
1717 23
1718 22
1719 22
1720 22
1721 22
1722 22
1723 22
1724 22
1725 22
1726 22
1727 22
1728 23
1729 22
1730 22
1731 21
1732 23
1733 22
1734 22
1735 23
1736 22
1737 21
1738 23
1739 21
1740 21
1741 22
1742 22
1743 22
1744 22
1745 22
1746 21
1747 22
1748 22
1749 22
1750 21
1751 21
1752 22
1753 22
1754 22
1755 23
1756 22
1757 22
1758 22
1759 22
1760 22
1761 22
1762 22
1763 21
1764 22
1765 23
1766 21
1767 22
1768 22
1769 21
1770 22
1771 21
1772 23
1773 22
1774 22
1775 22
1776 22
1777 22
1778 23
1779 22
1780 22
1781 22
1782 23
1783 22
1784 22
1785 22
1786 22
1787 22
1788 22
1789 22
1790 22
1791 23
1792 22
1793 22
1794 23
1795 22
1796 22
1797 21
1798 22
1799 22
1800 21
1801 22
1802 23
1803 22
1804 22
1805 22
1806 22
1807 22
1808 21
1809 22
1810 22
1811 23
1812 22
1813 22
1814 22
1815 22
1816 22
1817 23
1818 22
1819 22
1820 22
1821 21
1822 22
1823 22
1824 21
1825 22
1826 22
1827 21
1828 23
1829 21
1830 22
1831 22
1832 21
1833 22
1834 21
1835 22
1836 22
1837 22
1838 22
1839 23
1840 22
1841 22
1842 23
1843 22
1844 22
1845 22
1846 22
1847 22
1848 22
1849 22
1850 22
1851 22
1852 22
1853 22
1854 22
1855 23
1856 22
1857 22
1858 23
1859 22
1860 22
1861 22
1862 21
1863 22
1864 22
1865 21
1866 22
1867 21
1868 22
1869 22
1870 22
1871 23
1872 22
1873 22
1874 21
1875 22
1876 22
1877 22
1878 22
1879 21
1880 22
1881 22
1882 23
1883 22
1884 21
1885 21
1886 21
1887 22
1888 21
1889 21
1890 22
1891 22
1892 22
1893 23
1894 22
1895 21
1896 23
1897 22
1898 23
1899 22
1900 21
1901 22
1902 22
1903 23
1904 22
1905 22
1906 22
1907 22
1908 22
1909 22
1910 22
1911 22
1912 22
1913 22
1914 22
1915 22
1916 22
1917 22
1918 22
1919 22
1920 21
1921 22
1922 22
1923 22
1924 22
1925 22
1926 21
1927 21
1928 22
1929 22
1930 22
1931 23
1932 22
1933 22
1934 22
1935 22
1936 22
1937 22
1938 22
1939 22
1940 22
1941 22
1942 22
1943 22
1944 21
1945 22
1946 22
1947 21
1948 22
1949 21
1950 21
1951 22
1952 22
1953 21
1954 22
1955 22
1956 22
1957 22
1958 22
1959 22
1960 21
1961 22
1962 22
1963 22
1964 22
1965 22
1966 21
1967 22
1968 22
1969 21
1970 22
1971 22
1972 22
1973 22
1974 23
1975 21
1976 22
1977 22
1978 22
1979 22
1980 22
1981 22
1982 22
1983 22
1984 21
1985 22
1986 22
1987 23
1988 22
1989 22
1990 22
1991 22
1992 22
1993 22
1994 21
1995 22
1996 22
1997 22
1998 22
1999 23
2000 22
2001 22
2002 23
2003 22
2004 22
2005 23
2006 22
2007 22
2008 22
2009 22
2010 22
2011 22
2012 22
2013 22
2014 22
2015 22
2016 22
2017 22
2018 21
2019 22
2020 21
2021 22
2022 22
2023 21
2024 23
2025 21
2026 22
2027 22
2028 22
2029 22
2030 22
2031 22
2032 23
2033 22
2034 22
2035 22
2036 23
2037 22
2038 22
2039 22
2040 22
2041 21
2042 21
2043 22
2044 21
2045 21
2046 22
2047 21
2048 22
2049 22
2050 22
2051 21
2052 22
2053 22
2054 22
2055 22
2056 23
2057 22
2058 21
2059 22
2060 22
2061 22
2062 21
2063 21
2064 22
2065 22
2066 22
2067 22
2068 22
2069 22
2070 22
2071 22
2072 22
2073 22
2074 22
2075 22
2076 22
2077 22
2078 21
2079 22
2080 22
2081 22
2082 23
2083 22
2084 22
2085 21
2086 22
2087 22
2088 22
2089 22
2090 23
2091 22
2092 22
2093 23
2094 22
2095 22
2096 22
2097 22
2098 22
2099 22
2100 22
2101 22
2102 21
2103 22
2104 21
2105 22
2106 22
2107 22
2108 22
2109 22
2110 22
2111 22
2112 23
2113 22
2114 21
2115 22
2116 22
2117 22
2118 22
2119 22
2120 22
2121 22
2122 21
2123 22
2124 22
2125 22
2126 22
2127 22
2128 22
2129 22
2130 22
2131 22
2132 22
2133 22
2134 21
2135 22
2136 23
2137 22
2138 22
2139 21
2140 21
2141 22
2142 22
2143 23
2144 22
2145 23
2146 21
2147 22
2148 21
2149 22
2150 23
2151 21
2152 22
2153 22
2154 22
2155 22
2156 21
2157 22
2158 22
2159 22
2160 22
2161 21
2162 22
2163 22
2164 22
2165 22
2166 22
2167 22
2168 22
2169 22
2170 22
2171 22
2172 22
2173 22
2174 22
2175 22
2176 22
2177 22
2178 22
2179 22
2180 23
2181 22
2182 21
2183 23
2184 22
2185 22
2186 22
2187 22
2188 21
2189 22
2190 22
2191 22
2192 22
2193 22
2194 22
2195 22
2196 22
2197 22
2198 22
2199 22
2200 23
2201 22
2202 21
2203 21
2204 21
2205 22
2206 22
2207 22
2208 22
2209 22
2210 22
2211 22
2212 22
2213 22
2214 22
2215 22
2216 21
2217 22
2218 22
2219 22
2220 21
2221 22
2222 22
2223 22
2224 22
2225 22
2226 22
2227 22
2228 23
2229 21
2230 23
2231 22
2232 22
2233 22
2234 23
2235 22
2236 21
2237 23
2238 22
2239 21
2240 22
2241 22
2242 22
2243 22
2244 22
2245 22
2246 22
2247 22
2248 22
2249 22
2250 22
2251 21
2252 23
2253 21
2254 22
2255 22
2256 21
2257 22
2258 22
2259 22
2260 21
2261 22
2262 22
2263 22
2264 21
2265 21
2266 22
2267 22
2268 22
2269 22
2270 22
2271 22
2272 22
2273 22
2274 21
2275 22
2276 22
2277 22
2278 22
2279 22
2280 22
2281 21
2282 21
2283 22
2284 22
2285 22
2286 22
2287 22
2288 21
2289 22
2290 22
2291 21
2292 22
2293 22
2294 22
2295 22
2296 22
2297 22
2298 22
2299 22
2300 21
2301 22
2302 22
2303 22
2304 23
2305 22
2306 22
2307 23
2308 22
2309 22
2310 22
2311 22
2312 22
2313 22
2314 22
2315 22
2316 22
2317 22
2318 21
2319 22
2320 22
2321 22
2322 21
2323 22
2324 22
2325 22
2326 23
2327 22
2328 22
2329 22
2330 22
2331 21
2332 22
2333 22
2334 22
2335 22
2336 21
2337 21
2338 21
2339 22
2340 22
2341 22
2342 22
2343 23
2344 22
2345 22
2346 21
2347 21
2348 22
2349 21
2350 22
2351 22
2352 22
2353 21
2354 22
2355 22
2356 22
2357 21
2358 22
2359 22
2360 22
2361 22
2362 21
2363 22
2364 22
2365 21
2366 23
2367 21
2368 22
2369 22
2370 22
2371 22
2372 22
2373 22
2374 22
2375 21
2376 22
2377 22
2378 23
2379 22
2380 21
2381 21
2382 22
2383 22
2384 21
2385 22
2386 22
2387 22
2388 22
2389 22
2390 22
2391 23
2392 22
2393 22
2394 22
2395 22
2396 22
2397 22
2398 21
2399 22
2400 22
2401 22
2402 22
2403 21
2404 22
2405 23
2406 22
2407 22
2408 21
2409 22
2410 22
2411 22
2412 22
2413 22
2414 22
2415 22
2416 22
2417 22
2418 21
2419 22
2420 22
2421 22
2422 23
2423 22
2424 22
2425 22
2426 22
2427 22
2428 22
2429 22
2430 22
2431 21
2432 22
2433 22
2434 22
2435 22
2436 22
2437 22
2438 22
2439 23
2440 22
2441 21
2442 22
2443 22
2444 22
2445 21
2446 23
2447 21
2448 22
2449 22
2450 22
2451 22
2452 22
2453 22
2454 22
2455 22
2456 22
2457 22
2458 21
2459 22
2460 21
2461 22
2462 22
2463 21
2464 23
2465 22
2466 22
2467 22
2468 22
2469 22
2470 22
2471 22
2472 22
2473 22
2474 22
2475 22
2476 22
2477 22
2478 22
2479 22
2480 22
2481 22
2482 23
2483 22
2484 22
2485 22
2486 23
2487 22
2488 23
2489 22
2490 21
2491 22
2492 22
2493 22
2494 22
2495 22
2496 23
2497 22
2498 22
2499 22
2500 22
2501 22
2502 22
2503 22
2504 22
2505 22
2506 22
2507 22
2508 23
2509 21
2510 22
2511 21
2512 22
2513 22
2514 21
2515 22
2516 21
2517 22
2518 22
2519 22
2520 22
2521 22
2522 22
2523 22
2524 22
2525 21
2526 22
2527 22
2528 22
2529 22
2530 22
2531 22
2532 23
2533 22
2534 21
2535 21
2536 23
2537 22
2538 22
2539 22
2540 22
2541 22
2542 22
2543 22
2544 22
2545 21
2546 21
2547 23
2548 22
2549 22
2550 22
2551 22
2552 22
2553 22
2554 21
2555 22
2556 21
2557 23
2558 22
2559 22
2560 22
2561 22
2562 23
2563 22
2564 22
2565 22
2566 22
2567 21
2568 23
2569 22
2570 22
2571 22
2572 22
2573 22
2574 22
2575 22
2576 22
2577 21
2578 23
2579 22
2580 22
2581 22
2582 23
2583 21
2584 21
2585 22
2586 21
2587 21
2588 22
2589 22
2590 21
2591 22
2592 21
2593 22
2594 22
2595 21
2596 22
2597 21
2598 22
2599 22
2600 21
2601 22
2602 22
2603 22
2604 22
2605 22
2606 21
2607 22
2608 22
2609 22
2610 22
2611 22
2612 22
2613 22
2614 22
2615 22
2616 22
2617 22
2618 22
2619 22
2620 22
2621 22
2622 22
2623 22
2624 23
2625 22
2626 22
2627 22
2628 22
2629 22
2630 22
2631 22
2632 22
2633 23
2634 22
2635 22
2636 22
2637 22
2638 22
2639 22
2640 23
2641 22
2642 22
2643 22
2644 22
2645 22
2646 22
2647 22
2648 22
2649 21
2650 22
2651 22
2652 22
2653 22
2654 22
2655 21
2656 22
2657 22
2658 22
2659 22
2660 22
2661 23
2662 22
2663 22
2664 22
2665 21
2666 22
2667 21
2668 22
2669 22
2670 23
2671 21
2672 21
2673 22
2674 22
2675 22
2676 23
2677 23
2678 22
2679 22
2680 22
2681 22
2682 22
2683 22
2684 22
2685 21
2686 22
2687 23
2688 22
2689 22
2690 21
2691 22
2692 22
2693 22
2694 22
2695 22
2696 21
2697 21
2698 22
2699 22
2700 23
2701 22
2702 23
2703 21
2704 22
2705 22
2706 22
2707 22
2708 22
2709 22
2710 22
2711 22
2712 22
2713 22
2714 22
2715 22
2716 22
2717 21
2718 21
2719 22
2720 22
2721 22
2722 22
2723 22
2724 22
2725 22
2726 21
2727 22
2728 22
2729 22
2730 22
2731 22
2732 22
2733 22
2734 21
2735 22
2736 22
2737 21
2738 22
2739 22
2740 23
2741 21
2742 22
2743 22
2744 22
2745 21
2746 22
2747 22
2748 22
2749 22
2750 22
2751 22
2752 21
2753 22
2754 21
2755 21
2756 22
2757 22
2758 21
2759 23
2760 22
2761 22
2762 22
2763 22
2764 22
2765 23
2766 22
2767 23
2768 22
2769 22
2770 22
2771 22
2772 21
2773 23
2774 22
2775 22
2776 22
2777 22
2778 21
2779 23
2780 23
2781 22
2782 22
2783 21
2784 22
2785 23
2786 22
2787 22
2788 23
2789 22
2790 21
2791 22
2792 22
2793 23
2794 22
2795 23
2796 22
2797 22
2798 23
2799 22
2800 23
2801 22
2802 22
2803 22
2804 22
2805 22
2806 22
2807 22
2808 23
2809 22
2810 22
2811 23
2812 22
2813 21
2814 22
2815 22
2816 21
2817 22
2818 22
2819 22
2820 22
2821 22
2822 22
2823 21
2824 22
2825 22
2826 22
2827 22
2828 22
2829 22
2830 21
2831 22
2832 22
2833 23
2834 23
2835 21
2836 22
2837 21
2838 22
2839 22
2840 22
2841 23
2842 22
2843 22
2844 22
2845 22
2846 22
2847 21
2848 22
2849 22
2850 22
2851 21
2852 22
2853 22
2854 21
2855 22
2856 23
2857 22
2858 22
2859 22
2860 22
2861 22
2862 22
2863 22
2864 22
2865 22
2866 22
2867 22
2868 22
2869 22
2870 21
2871 22
2872 22
2873 22
2874 22
2875 22
2876 23
2877 21
2878 22
2879 23
2880 22
2881 22
2882 21
2883 22
2884 22
2885 22
2886 22
2887 22
2888 22
2889 23
2890 22
2891 22
2892 21
2893 22
2894 22
2895 22
2896 22
2897 22
2898 22
2899 22
2900 22
2901 21
2902 22
2903 21
2904 22
2905 23
2906 22
2907 22
2908 22
2909 22
2910 22
2911 22
2912 23
2913 21
2914 22
2915 22
2916 21
2917 22
2918 23
2919 22
2920 22
2921 21
2922 22
2923 22
2924 22
2925 22
2926 22
2927 23
2928 22
2929 22
2930 22
2931 22
2932 23
2933 22
2934 22
2935 22
2936 22
2937 22
2938 22
2939 22
2940 22
2941 22
2942 23
2943 22
2944 23
2945 22
2946 22
2947 22
2948 22
2949 21
2950 23
2951 22
2952 22
2953 21
2954 22
2955 22
2956 22
2957 21
2958 22
2959 22
2960 23
2961 21
2962 22
2963 22
2964 22
2965 22
2966 22
2967 22
2968 22
2969 22
2970 22
2971 22
2972 22
2973 21
2974 21
2975 22
2976 22
2977 22
2978 22
2979 21
2980 22
2981 23
2982 21
2983 21
2984 21
2985 23
2986 21
2987 22
2988 21
2989 22
2990 23
2991 22
2992 22
2993 22
2994 22
2995 22
2996 22
2997 22
2998 22
2999 22
3000 22
3001 22
3002 21
3003 22
3004 22
3005 22
3006 23
3007 22
3008 22
3009 21
3010 21
3011 23
3012 22
3013 22
3014 22
3015 21
3016 22
3017 21
3018 21
3019 22
3020 22
3021 22
3022 22
3023 22
3024 21
3025 22
3026 21
3027 22
3028 22
3029 22
3030 22
3031 22
3032 22
3033 22
3034 22
3035 22
3036 22
3037 21
3038 22
3039 22
3040 22
3041 23
3042 22
3043 22
3044 22
3045 21
3046 22
3047 22
3048 22
3049 22
3050 22
3051 22
3052 22
3053 22
3054 22
3055 21
3056 22
3057 22
3058 22
3059 22
3060 22
3061 23
3062 22
3063 21
3064 22
3065 23
3066 22
3067 22
3068 22
3069 22
3070 22
3071 22
3072 22
3073 22
3074 22
3075 23
3076 22
3077 21
3078 21
3079 22
3080 22
3081 23
3082 22
3083 22
3084 22
3085 22
3086 22
3087 22
3088 22
3089 22
3090 21
3091 22
3092 22
3093 22
3094 23
3095 22
3096 22
3097 22
3098 23
3099 21
3100 21
3101 22
3102 22
3103 23
3104 22
3105 22
3106 22
3107 22
3108 22
3109 21
3110 22
3111 22
3112 22
3113 23
3114 21
3115 22
3116 22
3117 22
3118 23
3119 22
3120 22
3121 21
3122 22
3123 22
3124 22
3125 21
3126 22
3127 22
3128 21
3129 22
3130 22
3131 22
3132 22
3133 22
3134 22
3135 22
3136 22
3137 21
3138 22
3139 22
3140 22
3141 22
3142 23
3143 22
3144 22
3145 22
3146 22
3147 21
3148 22
3149 22
3150 21
3151 22
3152 22
3153 22
3154 22
3155 22
3156 22
3157 23
3158 21
3159 22
3160 23
3161 22
3162 22
3163 22
3164 21
3165 21
3166 22
3167 22
3168 21
3169 22
3170 22
3171 21
3172 22
3173 22
3174 22
3175 22
3176 22
3177 22
3178 22
3179 22
3180 22
3181 22
3182 22
3183 23
3184 22
3185 23
3186 23
3187 21
3188 22
3189 22
3190 22
3191 22
3192 22
3193 21
3194 22
3195 22
3196 23
3197 22
3198 22
3199 22
3200 21
3201 22
3202 22
3203 22
3204 22
3205 22
3206 22
3207 21
3208 23
3209 23
3210 22
3211 22
3212 22
3213 22
3214 23
3215 22
3216 22
3217 22
3218 22
3219 22
3220 22
3221 22
3222 22
3223 22
3224 22
3225 22
3226 21
3227 22
3228 22
3229 22
3230 22
3231 22
3232 21
3233 23
3234 22
3235 22
3236 23
3237 22
3238 22
3239 22
3240 22
3241 23
3242 21
3243 23
3244 22
3245 22
3246 22
3247 22
3248 22
3249 21
3250 22
3251 21
3252 22
3253 22
3254 21
3255 22
3256 22
3257 22
3258 22
3259 22
3260 21
3261 21
3262 23
3263 22
3264 22
3265 22
3266 23
3267 22
3268 22
3269 23
3270 22
3271 22
3272 22
3273 21
3274 22
3275 23
3276 21
3277 22
3278 22
3279 22
3280 22
3281 22
3282 22
3283 22
3284 22
3285 21
3286 22
3287 22
3288 22
3289 22
3290 22
3291 23
3292 22
3293 22
3294 22
3295 23
3296 21
3297 22
3298 22
3299 21
3300 23
3301 21
3302 22
3303 22
3304 22
3305 22
3306 22
3307 22
3308 22
3309 22
3310 23
3311 22
3312 22
3313 21
3314 22
3315 22
3316 22
3317 22
3318 22
3319 23
3320 22
3321 22
3322 22
3323 22
3324 22
3325 22
3326 22
3327 22
3328 21
3329 22
3330 22
3331 22
3332 22
3333 23
3334 22
3335 22
3336 22
3337 22
3338 22
3339 22
3340 22
3341 22
3342 22
3343 22
3344 22
3345 22
3346 22
3347 21
3348 22
3349 21
3350 22
3351 21
3352 21
3353 23
3354 22
3355 22
3356 22
3357 23
3358 22
3359 22
3360 22
3361 23
3362 22
3363 21
3364 22
3365 22
3366 22
3367 22
3368 23
3369 22
3370 22
3371 22
3372 21
3373 22
3374 22
3375 22
3376 22
3377 22
3378 22
3379 22
3380 22
3381 22
3382 22
3383 22
3384 22
3385 22
3386 22
3387 22
3388 22
3389 22
3390 22
3391 21
3392 22
3393 22
3394 22
3395 22
3396 22
3397 22
3398 22
3399 21
3400 22
3401 23
3402 22
3403 23
3404 21
3405 22
3406 22
3407 22
3408 22
3409 22
3410 22
3411 22
3412 22
3413 22
3414 22
3415 22
3416 22
3417 22
3418 23
3419 22
3420 22
3421 22
3422 23
3423 22
3424 20
3425 22
3426 21
3427 21
3428 22
3429 23
3430 22
3431 22
3432 22
3433 22
3434 21
3435 22
3436 21
3437 21
3438 22
3439 22
3440 22
3441 22
3442 21
3443 22
3444 22
3445 22
3446 21
3447 22
3448 22
3449 22
3450 22
3451 22
3452 22
3453 22
3454 22
3455 22
3456 22
3457 22
3458 22
3459 22
3460 22
3461 22
3462 22
3463 22
3464 22
3465 22
3466 22
3467 22
3468 21
3469 22
3470 22
3471 23
3472 22
3473 22
3474 23
3475 23
3476 22
3477 22
3478 21
3479 22
3480 22
3481 21
3482 22
3483 22
3484 22
3485 21
3486 22
3487 21
3488 22
3489 23
3490 22
3491 22
3492 22
3493 21
3494 22
3495 22
3496 22
3497 22
3498 22
3499 23
3500 22
3501 22
3502 22
3503 22
3504 22
3505 22
3506 22
3507 22
3508 22
3509 22
3510 22
3511 22
3512 22
3513 22
3514 22
3515 22
3516 21
3517 22
3518 22
3519 22
3520 21
3521 22
3522 22
3523 22
3524 22
3525 21
3526 22
3527 22
3528 22
3529 22
3530 21
3531 22
3532 22
3533 21
3534 22
3535 22
3536 22
3537 22
3538 21
3539 22
3540 22
3541 22
3542 22
3543 22
3544 22
3545 22
3546 21
3547 22
3548 22
3549 22
3550 23
3551 21
3552 22
3553 22
3554 22
3555 22
3556 22
3557 21
3558 21
3559 22
3560 22
3561 22
3562 22
3563 22
3564 22
3565 22
3566 22
3567 22
3568 22
3569 23
3570 22
3571 22
3572 21
3573 22
3574 22
3575 22
3576 22
3577 22
3578 22
3579 22
3580 22
3581 22
3582 21
3583 21
3584 22
3585 22
3586 21
3587 22
3588 22
3589 22
3590 22
3591 23
3592 22
3593 22
3594 22
3595 21
3596 22
3597 22
3598 22
3599 22
3600 22
3601 21
3602 22
3603 22
3604 21
3605 22
3606 22
3607 22
3608 22
3609 22
3610 22
3611 22
3612 22
3613 22
3614 22
3615 22
3616 21
3617 22
3618 22
3619 21
3620 22
3621 22
3622 21
3623 22
3624 22
3625 22
3626 22
3627 22
3628 21
3629 22
3630 22
3631 22
3632 22
3633 22
3634 22
3635 22
3636 22
3637 22
3638 23
3639 22
3640 22
3641 21
3642 22
3643 22
3644 21
3645 22
3646 21
3647 22
3648 22
3649 22
3650 22
3651 21
3652 22
3653 21
3654 21
3655 21
3656 22
3657 22
3658 22
3659 23
3660 22
3661 22
3662 22
3663 23
3664 22
3665 22
3666 22
3667 21
3668 22
3669 22
3670 21
3671 23
3672 22
3673 22
3674 21
3675 23
3676 22
3677 22
3678 23
3679 22
3680 21
3681 22
3682 22
3683 21
3684 21
3685 21
3686 22
3687 22
3688 22
3689 22
3690 21
3691 22
3692 22
3693 22
3694 23
3695 21
3696 22
3697 22
3698 22
3699 21
3700 22
3701 22
3702 22
3703 22
3704 22
3705 22
3706 23
3707 22
3708 22
3709 23
3710 22
3711 22
3712 22
3713 23
3714 22
3715 22
3716 22
3717 21
3718 22
3719 22
3720 22
3721 22
3722 21
3723 22
3724 22
3725 22
3726 22
3727 23
3728 22
3729 22
3730 22
3731 21
3732 21
3733 22
3734 22
3735 22
3736 22
3737 22
3738 22
3739 22
3740 23
3741 22
3742 22
3743 22
3744 22
3745 22
3746 21
3747 22
3748 22
3749 21
3750 21
3751 22
3752 22
3753 22
3754 22
3755 22
3756 22
3757 22
3758 22
3759 22
3760 22
3761 22
3762 22
3763 22
3764 22
3765 22
3766 22
3767 22
3768 22
3769 22
3770 22
3771 22
3772 22
3773 23
3774 22
3775 22
3776 22
3777 22
3778 22
3779 22
3780 22
3781 23
3782 22
3783 22
3784 22
3785 23
3786 23
3787 21
3788 23
3789 22
3790 22
3791 21
3792 22
3793 22
3794 22
3795 22
3796 22
3797 22
3798 21
3799 23
3800 22
3801 22
3802 22
3803 22
3804 22
3805 22
3806 22
3807 22
3808 22
3809 22
3810 22
3811 22
3812 22
3813 22
3814 22
3815 23
3816 22
3817 22
3818 22
3819 22
3820 22
3821 22
3822 22
3823 22
3824 22
3825 22
3826 22
3827 22
3828 22
3829 22
3830 22
3831 21
3832 22
3833 22
3834 21
3835 21
3836 21
3837 22
3838 23
3839 22
3840 22
3841 22
3842 22
3843 21
3844 22
3845 22
3846 22
3847 22
3848 22
3849 22
3850 22
3851 22
3852 22
3853 22
3854 22
3855 22
3856 22
3857 22
3858 22
3859 22
3860 22
3861 22
3862 22
3863 22
3864 22
3865 22
3866 22
3867 21
3868 22
3869 22
3870 22
3871 22
3872 22
3873 23
3874 22
3875 23
3876 22
3877 22
3878 22
3879 22
3880 23
3881 22
3882 22
3883 22
3884 21
3885 21
3886 22
3887 22
3888 22
3889 22
3890 22
3891 23
3892 22
3893 22
3894 22
3895 21
3896 22
3897 22
3898 22
3899 22
3900 22
3901 22
3902 22
3903 23
3904 22
3905 22
3906 22
3907 22
3908 22
3909 22
3910 22
3911 22
3912 22
3913 23
3914 23
3915 23
3916 22
3917 22
3918 22
3919 21
3920 22
3921 22
3922 22
3923 22
3924 22
3925 23
3926 22
3927 21
3928 22
3929 22
3930 22
3931 22
3932 22
3933 22
3934 22
3935 22
3936 22
3937 22
3938 23
3939 22
3940 22
3941 23
3942 22
3943 22
3944 22
3945 22
3946 22
3947 21
3948 22
3949 22
3950 22
3951 22
3952 22
3953 23
3954 22
3955 22
3956 22
3957 22
3958 21
3959 22
3960 23
3961 22
3962 22
3963 22
3964 22
3965 22
3966 23
3967 22
3968 22
3969 22
3970 22
3971 21
3972 22
3973 22
3974 22
3975 22
3976 22
3977 22
3978 22
3979 22
3980 22
3981 22
3982 22
3983 22
3984 22
3985 22
3986 22
3987 22
3988 22
3989 22
3990 22
3991 22
3992 22
3993 22
3994 22
3995 22
3996 21
3997 23
3998 22
3999 22
4000 22
4001 22
4002 22
4003 22
4004 21
4005 22
4006 23
4007 22
4008 23
4009 21
4010 22
4011 22
4012 22
4013 22
4014 21
4015 22
4016 22
4017 23
4018 22
4019 22
4020 22
4021 22
4022 22
4023 22
4024 22
4025 22
4026 22
4027 23
4028 22
4029 22
4030 21
4031 22
4032 22
4033 23
4034 22
4035 22
4036 23
4037 22
4038 21
4039 22
4040 22
4041 22
4042 22
4043 22
4044 22
4045 22
4046 22
4047 22
4048 21
4049 22
4050 21
4051 22
4052 22
4053 22
4054 22
4055 22
4056 21
4057 22
4058 22
4059 22
4060 22
4061 22
4062 21
4063 22
4064 22
4065 22
4066 22
4067 22
4068 22
4069 21
4070 23
4071 22
4072 22
4073 22
4074 22
4075 22
4076 22
4077 22
4078 22
4079 22
4080 22
4081 22
4082 22
4083 22
4084 22
4085 21
4086 22
4087 22
4088 22
4089 21
4090 22
4091 23
4092 22
4093 22
4094 22
4095 21
4096 22
4097 22
4098 22
4099 22
4100 22
4101 22
4102 22
4103 22
4104 22
4105 22
4106 23
4107 23
4108 22
4109 23
4110 23
4111 22
4112 22
4113 22
4114 22
4115 22
4116 22
4117 22
4118 22
4119 22
4120 22
4121 22
4122 21
4123 21
4124 21
4125 22
4126 22
4127 22
4128 22
4129 22
4130 22
4131 22
4132 22
4133 22
4134 22
4135 22
4136 21
4137 22
4138 22
4139 23
4140 21
4141 23
4142 22
4143 22
4144 23
4145 22
4146 21
4147 22
4148 22
4149 21
4150 22
4151 22
4152 21
4153 22
4154 22
4155 22
4156 22
4157 21
4158 22
4159 22
4160 22
4161 23
4162 21
4163 22
4164 22
4165 22
4166 22
4167 22
4168 22
4169 21
4170 23
4171 22
4172 22
4173 21
4174 22
4175 21
4176 22
4177 22
4178 22
4179 22
4180 22
4181 22
4182 22
4183 22
4184 22
4185 22
4186 22
4187 22
4188 22
4189 21
4190 21
4191 22
4192 22
4193 22
4194 22
4195 22
4196 22
4197 22
4198 21
4199 21
4200 22
4201 22
4202 23
4203 22
4204 22
4205 22
4206 21
4207 22
4208 21
4209 22
4210 21
4211 22
4212 22
4213 22
4214 22
4215 22
4216 22
4217 22
4218 22
4219 23
4220 22
4221 22
4222 22
4223 22
4224 21
4225 22
4226 22
4227 23
4228 22
4229 22
4230 22
4231 22
4232 22
4233 21
4234 22
4235 22
4236 22
4237 22
4238 23
4239 23
4240 22
4241 22
4242 22
4243 21
4244 22
4245 21
4246 22
4247 22
4248 21
4249 22
4250 22
4251 22
4252 22
4253 22
4254 21
4255 22
4256 22
4257 22
4258 21
4259 23
4260 23
4261 22
4262 22
4263 22
4264 22
4265 22
4266 23
4267 22
4268 22
4269 22
4270 22
4271 22
4272 22
4273 22
4274 22
4275 22
4276 22
4277 22
4278 22
4279 22
4280 22
4281 22
4282 22
4283 22
4284 22
4285 22
4286 21
4287 22
4288 21
4289 21
4290 22
4291 23
4292 22
4293 22
4294 22
4295 22
4296 22
4297 22
4298 22
4299 21
4300 22
4301 23
4302 22
4303 22
4304 22
4305 23
4306 22
4307 22
4308 22
4309 21
4310 22
4311 20
4312 22
4313 21
4314 22
4315 22
4316 22
4317 22
4318 22
4319 22
4320 22
4321 21
4322 22
4323 22
4324 22
4325 22
4326 22
4327 22
4328 22
4329 22
4330 22
4331 22
4332 21
4333 22
4334 22
4335 22
4336 22
4337 22
4338 21
4339 21
4340 22
4341 22
4342 22
4343 23
4344 22
4345 22
4346 22
4347 21
4348 21
4349 22
4350 22
4351 22
4352 22
4353 22
4354 21
4355 22
4356 21
4357 23
4358 21
4359 23
4360 22
4361 22
4362 21
4363 22
4364 21
4365 22
4366 21
4367 22
4368 22
4369 21
4370 21
4371 21
4372 22
4373 22
4374 21
4375 22
4376 22
4377 22
4378 22
4379 22
4380 22
4381 22
4382 22
4383 22
4384 23
4385 22
4386 21
4387 23
4388 22
4389 22
4390 22
4391 22
4392 22
4393 22
4394 22
4395 22
4396 22
4397 22
4398 23
4399 22
4400 23
4401 22
4402 22
4403 22
4404 22
4405 22
4406 22
4407 22
4408 22
4409 21
4410 22
4411 22
4412 22
4413 22
4414 22
4415 22
4416 22
4417 21
4418 23
4419 22
4420 22
4421 22
4422 22
4423 21
4424 22
4425 22
4426 22
4427 22
4428 22
4429 22
4430 22
4431 21
4432 21
4433 22
4434 23
4435 23
4436 21
4437 22
4438 22
4439 21
4440 22
4441 21
4442 22
4443 23
4444 22
4445 23
4446 22
4447 22
4448 23
4449 22
4450 22
4451 22
4452 22
4453 22
4454 22
4455 22
4456 22
4457 22
4458 22
4459 22
4460 22
4461 22
4462 22
4463 22
4464 22
4465 22
4466 21
4467 22
4468 22
4469 22
4470 22
4471 22
4472 21
4473 22
4474 22
4475 22
4476 22
4477 22
4478 22
4479 22
4480 22
4481 22
4482 22
4483 23
4484 22
4485 23
4486 22
4487 22
4488 22
4489 21
4490 22
4491 21
4492 22
4493 22
4494 22
4495 22
4496 22
4497 22
4498 22
4499 21
4500 22
4501 21
4502 22
4503 22
4504 23
4505 22
4506 22
4507 22
4508 22
4509 22
4510 23
4511 23
4512 21
4513 22
4514 22
4515 22
4516 22
4517 22
4518 22
4519 22
4520 21
4521 22
4522 22
4523 22
4524 22
4525 21
4526 22
4527 22
4528 22
4529 22
4530 22
4531 22
4532 22
4533 22
4534 22
4535 22
4536 22
4537 22
4538 22
4539 22
4540 22
4541 22
4542 23
4543 22
4544 22
4545 22
4546 22
4547 22
4548 22
4549 21
4550 23
4551 21
4552 22
4553 22
4554 21
4555 22
4556 22
4557 23
4558 22
4559 22
4560 22
4561 22
4562 22
4563 22
4564 21
4565 22
4566 22
4567 23
4568 22
4569 23
4570 22
4571 22
4572 22
4573 22
4574 22
4575 22
4576 21
4577 22
4578 21
4579 23
4580 22
4581 22
4582 22
4583 22
4584 21
4585 22
4586 22
4587 22
4588 22
4589 22
4590 22
4591 21
4592 21
4593 22
4594 22
4595 21
4596 22
4597 22
4598 22
4599 22
4600 21
4601 22
4602 22
4603 22
4604 22
4605 21
4606 22
4607 22
4608 22
4609 22
4610 22
4611 22
4612 22
4613 22
4614 21
4615 22
4616 22
4617 23
4618 22
4619 22
4620 22
4621 22
4622 22
4623 22
4624 21
4625 22
4626 23
4627 21
4628 22
4629 22
4630 23
4631 21
4632 21
4633 21
4634 22
4635 22
4636 21
4637 22
4638 22
4639 22
4640 22
4641 22
4642 21
4643 22
4644 23
4645 22
4646 21
4647 22
4648 22
4649 22
4650 22
4651 21
4652 23
4653 22
4654 22
4655 22
4656 23
4657 21
4658 22
4659 22
4660 22
4661 22
4662 22
4663 22
4664 22
4665 22
4666 23
4667 22
4668 22
4669 22
4670 22
4671 22
4672 22
4673 23
4674 22
4675 21
4676 22
4677 22
4678 22
4679 23
4680 21
4681 22
4682 22
4683 23
4684 22
4685 22
4686 22
4687 22
4688 21
4689 22
4690 22
4691 22
4692 21
4693 22
4694 23
4695 23
4696 22
4697 22
4698 22
4699 22
4700 22
4701 22
4702 21
4703 22
4704 22
4705 22
4706 22
4707 23
4708 22
4709 22
4710 22
4711 22
4712 22
4713 21
4714 22
4715 22
4716 22
4717 21
4718 22
4719 21
4720 22
4721 22
4722 22
4723 21
4724 22
4725 22
4726 22
4727 22
4728 22
4729 22
4730 21
4731 22
4732 22
4733 22
4734 22
4735 22
4736 23
4737 22
4738 22
4739 23
4740 22
4741 22
4742 22
4743 22
4744 22
4745 22
4746 21
4747 22
4748 22
4749 21
4750 21
4751 22
4752 22
4753 22
4754 23
4755 22
4756 22
4757 22
4758 23
4759 22
4760 22
4761 22
4762 22
4763 22
4764 22
4765 22
4766 22
4767 22
4768 22
4769 22
4770 22
4771 22
4772 22
4773 22
4774 23
4775 23
4776 22
4777 22
4778 22
4779 22
4780 21
4781 22
4782 21
4783 22
4784 21
4785 21
4786 22
4787 22
4788 22
4789 22
4790 22
4791 22
4792 22
4793 22
4794 22
4795 22
4796 22
4797 22
4798 21
4799 22
4800 23
4801 22
4802 22
4803 22
4804 22
4805 22
4806 22
4807 23
4808 21
4809 22
4810 22
4811 21
4812 22
4813 22
4814 22
4815 22
4816 23
4817 21
4818 22
4819 22
4820 22
4821 21
4822 22
4823 22
4824 22
4825 21
4826 22
4827 23
4828 22
4829 23
4830 22
4831 21
4832 22
4833 22
4834 22
4835 22
4836 22
4837 22
4838 23
4839 21
4840 22
4841 22
4842 22
4843 22
4844 22
4845 22
4846 22
4847 22
4848 22
4849 22
4850 22
4851 22
4852 22
4853 21
4854 21
4855 22
4856 22
4857 21
4858 21
4859 22
4860 22
4861 22
4862 22
4863 22
4864 22
4865 22
4866 22
4867 22
4868 22
4869 21
4870 22
4871 22
4872 22
4873 22
4874 22
4875 22
4876 22
4877 21
4878 22
4879 22
4880 22
4881 22
4882 21
4883 21
4884 21
4885 22
4886 22
4887 22
4888 22
4889 22
4890 22
4891 22
4892 23
4893 22
4894 22
4895 21
4896 22
4897 22
4898 22
4899 22
4900 22
4901 23
4902 22
4903 22
4904 22
4905 22
4906 22
4907 22
4908 22
4909 22
4910 23
4911 21
4912 23
4913 22
4914 22
4915 22
4916 22
4917 23
4918 22
4919 22
4920 22
4921 23
4922 20
4923 22
4924 22
4925 21
4926 23
4927 22
4928 22
4929 22
4930 23
4931 22
4932 21
4933 22
4934 22
4935 23
4936 22
4937 22
4938 21
4939 22
4940 22
4941 22
4942 22
4943 22
4944 22
4945 23
4946 22
4947 22
4948 21
4949 22
4950 23
4951 23
4952 22
4953 22
4954 22
4955 22
4956 22
4957 23
4958 21
4959 22
4960 22
4961 22
4962 22
4963 22
4964 22
4965 22
4966 22
4967 22
4968 23
4969 22
4970 21
4971 22
4972 22
4973 22
4974 21
4975 23
4976 22
4977 22
4978 22
4979 22
4980 21
4981 22
4982 22
4983 22
4984 22
4985 22
4986 23
4987 22
4988 22
4989 22
4990 22
4991 22
4992 22
4993 22
4994 21
4995 23
4996 22
4997 23
4998 23
4999 22
5000 23
5001 22
5002 21
5003 22
5004 23
5005 22
5006 22
5007 22
5008 22
5009 22
5010 22
5011 22
5012 21
5013 22
5014 22
5015 22
5016 22
5017 22
5018 22
5019 23
5020 21
5021 23
5022 22
5023 22
5024 22
5025 22
5026 22
5027 21
5028 23
5029 21
5030 22
5031 22
5032 22
5033 23
5034 22
5035 22
5036 22
5037 22
5038 22
5039 22
5040 22
5041 22
5042 22
5043 22
5044 22
5045 22
5046 22
5047 22
5048 21
5049 22
5050 22
5051 21
5052 22
5053 22
5054 21
5055 21
5056 22
5057 22
5058 22
5059 22
5060 21
5061 22
5062 22
5063 22
5064 22
5065 22
5066 22
5067 22
5068 23
5069 22
5070 22
5071 22
5072 22
5073 22
5074 22
5075 21
5076 22
5077 22
5078 22
5079 22
5080 21
5081 22
5082 22
5083 22
5084 22
5085 22
5086 22
5087 22
5088 22
5089 23
5090 22
5091 22
5092 22
5093 23
5094 22
5095 23
5096 22
5097 22
5098 22
5099 22
5100 22
5101 22
5102 21
5103 22
5104 22
5105 22
5106 22
5107 22
5108 21
5109 22
5110 22
5111 22
5112 22
5113 22
5114 22
5115 22
5116 22
5117 22
5118 22
5119 22
5120 22
5121 22
5122 22
5123 22
5124 22
5125 22
5126 22
5127 21
5128 22
5129 22
5130 22
5131 22
5132 22
5133 22
5134 22
5135 22
5136 21
5137 21
5138 21
5139 22
5140 22
5141 21
5142 23
5143 22
5144 21
5145 22
5146 22
5147 22
5148 22
5149 21
5150 22
5151 22
5152 22
5153 22
5154 23
5155 22
5156 21
5157 22
5158 22
5159 21
5160 22
5161 22
5162 22
5163 22
5164 22
5165 22
5166 22
5167 22
5168 22
5169 22
5170 21
5171 22
5172 21
5173 22
5174 22
5175 21
5176 22
5177 21
5178 22
5179 22
5180 22
5181 22
5182 22
5183 21
5184 22
5185 22
5186 22
5187 22
5188 22
5189 22
5190 22
5191 22
5192 22
5193 22
5194 22
5195 22
5196 22
5197 22
5198 22
5199 21
5200 22
5201 22
5202 22
5203 22
5204 23
5205 22
5206 22
5207 22
5208 23
5209 21
5210 23
5211 22
5212 23
5213 21
5214 22
5215 22
5216 22
5217 22
5218 22
5219 21
5220 22
5221 22
5222 22
5223 22
5224 22
5225 22
5226 22
5227 22
5228 22
5229 23
5230 22
5231 23
5232 22
5233 22
5234 23
5235 22
5236 23
5237 22
5238 22
5239 22
5240 22
5241 22
5242 22
5243 22
5244 22
5245 22
5246 22
5247 22
5248 22
5249 22
5250 22
5251 22
5252 22
5253 22
5254 22
5255 22
5256 22
5257 22
5258 22
5259 22
5260 22
5261 23
5262 22
5263 22
5264 22
5265 21
5266 22
5267 22
5268 22
5269 21
5270 22
5271 22
5272 22
5273 22
5274 22
5275 21
5276 21
5277 22
5278 22
5279 22
5280 22
5281 21
5282 22
5283 22
5284 22
5285 22
5286 22
5287 22
5288 22
5289 22
5290 22
5291 22
5292 22
5293 22
5294 22
5295 22
5296 22
5297 23
5298 22
5299 21
5300 22
5301 22
5302 22
5303 22
5304 21
5305 22
5306 22
5307 22
5308 23
5309 23
5310 22
5311 22
5312 22
5313 21
5314 22
5315 23
5316 21
5317 22
5318 22
5319 23
5320 22
5321 22
5322 22
5323 23
5324 23
5325 21
5326 23
5327 22
5328 22
5329 22
5330 22
5331 22
5332 23
5333 22
5334 22
5335 22
5336 21
5337 22
5338 22
5339 21
5340 23
5341 22
5342 22
5343 22
5344 22
5345 22
5346 22
5347 22
5348 22
5349 22
5350 22
5351 22
5352 23
5353 22
5354 21
5355 22
5356 22
5357 22
5358 22
5359 22
5360 23
5361 22
5362 22
5363 23
5364 22
5365 22
5366 23
5367 23
5368 23
5369 22
5370 23
5371 22
5372 22
5373 21
5374 22
5375 22
5376 22
5377 22
5378 22
5379 22
5380 22
5381 21
5382 22
5383 21
5384 22
5385 22
5386 22
5387 22
5388 23
5389 21
5390 22
5391 22
5392 21
5393 22
5394 22
5395 21
5396 22
5397 22
5398 22
5399 22
5400 22
5401 21
5402 22
5403 21
5404 22
5405 22
5406 22
5407 22
5408 22
5409 22
5410 23
5411 22
5412 22
5413 22
5414 22
5415 22
5416 22
5417 22
5418 21
5419 22
5420 22
5421 22
5422 21
5423 22
5424 22
5425 21
5426 22
5427 22
5428 22
5429 22
5430 22
5431 21
5432 22
5433 22
5434 22
5435 22
5436 22
5437 22
5438 22
5439 21
5440 21
5441 22
5442 22
5443 22
5444 22
5445 22
5446 22
5447 21
5448 22
5449 21
5450 22
5451 22
5452 21
5453 21
5454 22
5455 22
5456 22
5457 21
5458 22
5459 22
5460 23
5461 22
5462 22
5463 22
5464 22
5465 22
5466 21
5467 23
5468 22
5469 23
5470 22
5471 22
5472 22
5473 22
5474 21
5475 22
5476 22
5477 21
5478 22
5479 22
5480 22
5481 22
5482 22
5483 22
5484 22
5485 22
5486 22
5487 22
5488 22
5489 22
5490 22
5491 22
5492 22
5493 23
5494 23
5495 21
5496 21
5497 22
5498 23
5499 22
5500 22
5501 23
5502 22
5503 22
5504 21
5505 22
5506 23
5507 22
5508 21
5509 22
5510 22
5511 22
5512 22
5513 22
5514 22
5515 22
5516 22
5517 21
5518 23
5519 22
5520 22
5521 22
5522 22
5523 22
5524 22
5525 22
5526 22
5527 22
5528 22
5529 22
5530 22
5531 23
5532 21
5533 22
5534 22
5535 22
5536 22
5537 22
5538 22
5539 22
5540 22
5541 22
5542 22
5543 22
5544 22
5545 22
5546 22
5547 22
5548 22
5549 22
5550 22
5551 21
5552 22
5553 22
5554 23
5555 22
5556 22
5557 22
5558 22
5559 22
5560 22
5561 23
5562 22
5563 22
5564 22
5565 21
5566 22
5567 22
5568 22
5569 22
5570 22
5571 22
5572 22
5573 22
5574 21
5575 22
5576 21
5577 21
5578 22
5579 22
5580 22
5581 23
5582 22
5583 22
5584 21
5585 22
5586 21
5587 23
5588 22
5589 22
5590 22
5591 23
5592 22
5593 22
5594 22
5595 22
5596 22
5597 22
5598 22
5599 22
5600 22
5601 22
5602 22
5603 22
5604 22
5605 22
5606 22
5607 22
5608 22
5609 22
5610 21
5611 22
5612 22
5613 22
5614 21
5615 22
5616 22
5617 22
5618 23
5619 22
5620 22
5621 23
5622 22
5623 22
5624 22
5625 22
5626 21
5627 22
5628 22
5629 23
5630 23
5631 22
5632 22
5633 21
5634 22
5635 22
5636 22
5637 23
5638 22
5639 21
5640 21
5641 22
5642 23
5643 22
5644 22
5645 21
5646 22
5647 22
5648 22
5649 22
5650 21
5651 22
5652 22
5653 22
5654 22
5655 22
5656 22
5657 22
5658 22
5659 21
5660 22
5661 23
5662 22
5663 22
5664 22
5665 21
5666 22
5667 22
5668 23
5669 22
5670 22
5671 22
5672 22
5673 22
5674 23
5675 22
5676 22
5677 22
5678 22
5679 22
5680 22
5681 22
5682 21
5683 22
5684 22
5685 22
5686 22
5687 23
5688 22
5689 22
5690 22
5691 22
5692 22
5693 22
5694 22
5695 22
5696 22
5697 22
5698 22
5699 22
5700 22
5701 23
5702 21
5703 22
5704 22
5705 22
5706 22
5707 21
5708 22
5709 22
5710 22
5711 22
5712 22
5713 21
5714 22
5715 21
5716 22
5717 23
5718 22
5719 22
5720 23
5721 21
5722 22
5723 22
5724 22
5725 22
5726 22
5727 22
5728 23
5729 22
5730 22
5731 21
5732 22
5733 22
5734 22
5735 22
5736 22
5737 22
5738 22
5739 23
5740 22
5741 22
5742 23
5743 22
5744 22
5745 21
5746 22
5747 22
5748 23
5749 22
5750 21
5751 22
5752 22
5753 22
5754 22
5755 22
5756 22
5757 22
5758 22
5759 22
5760 22
5761 22
5762 21
5763 21
5764 22
5765 22
5766 22
5767 22
5768 22
5769 21
5770 23
5771 22
5772 22
5773 22
5774 23
5775 23
5776 23
5777 22
5778 22
5779 21
5780 22
5781 22
5782 22
5783 22
5784 22
5785 22
5786 22
5787 22
5788 21
5789 22
5790 22
5791 22
5792 21
5793 23
5794 22
5795 21
5796 22
5797 22
5798 22
5799 22
5800 22
5801 22
5802 22
5803 22
5804 23
5805 22
5806 22
5807 21
5808 22
5809 22
5810 22
5811 21
5812 22
5813 22
5814 22
5815 23
5816 22
5817 21
5818 22
5819 23
5820 22
5821 21
5822 21
5823 22
5824 23
5825 22
5826 22
5827 22
5828 22
5829 22
5830 22
5831 21
5832 22
5833 22
5834 21
5835 22
5836 23
5837 22
5838 22
5839 21
5840 22
5841 22
5842 23
5843 22
5844 21
5845 22
5846 22
5847 22
5848 22
5849 22
5850 21
5851 22
5852 22
5853 22
5854 22
5855 23
5856 22
5857 22
5858 21
5859 21
5860 21
5861 22
5862 21
5863 23
5864 22
5865 22
5866 22
5867 23
5868 22
5869 21
5870 22
5871 23
5872 22
5873 21
5874 22
5875 22
5876 22
5877 22
5878 22
5879 23
5880 22
5881 23
5882 22
5883 22
5884 23
5885 22
5886 23
5887 22
5888 23
5889 22
5890 23
5891 22
5892 22
5893 22
5894 22
5895 22
5896 22
5897 21
5898 22
5899 22
5900 21
5901 23
5902 23
5903 22
5904 22
5905 22
5906 21
5907 22
5908 22
5909 22
5910 22
5911 22
5912 21
5913 21
5914 22
5915 22
5916 22
5917 22
5918 22
5919 23
5920 22
5921 21
5922 22
5923 22
5924 23
5925 21
5926 22
5927 22
5928 22
5929 22
5930 22
5931 23
5932 21
5933 22
5934 21
5935 22
5936 22
5937 22
5938 22
5939 22
5940 22
5941 22
5942 22
5943 22
5944 22
5945 21
5946 22
5947 22
5948 23
5949 23
5950 22
5951 22
5952 22
5953 22
5954 22
5955 22
5956 22
5957 23
5958 22
5959 23
5960 21
5961 22
5962 22
5963 22
5964 22
5965 22
5966 22
5967 22
5968 22
5969 22
5970 22
5971 22
5972 22
5973 22
5974 22
5975 23
5976 22
5977 21
5978 22
5979 22
5980 23
5981 22
5982 22
5983 22
5984 22
5985 22
5986 22
5987 22
5988 22
5989 22
5990 22
5991 22
5992 22
5993 21
5994 23
5995 22
5996 22
5997 22
5998 22
5999 23
6000 22
6001 22
6002 23
6003 22
6004 21
6005 22
6006 22
6007 22
6008 22
6009 22
6010 22
6011 22
6012 22
6013 22
6014 22
6015 22
6016 21
6017 21
6018 21
6019 22
6020 21
6021 22
6022 23
6023 22
6024 22
6025 21
6026 22
6027 21
6028 22
6029 22
6030 22
6031 22
6032 22
6033 22
6034 22
6035 22
6036 22
6037 22
6038 23
6039 23
6040 22
6041 21
6042 21
6043 21
6044 22
6045 22
6046 22
6047 22
6048 22
6049 21
6050 22
6051 22
6052 22
6053 22
6054 22
6055 22
6056 23
6057 22
6058 22
6059 22
6060 23
6061 22
6062 22
6063 22
6064 22
6065 22
6066 21
6067 22
6068 23
6069 22
6070 22
6071 23
6072 22
6073 21
6074 22
6075 22
6076 22
6077 22
6078 22
6079 22
6080 22
6081 22
6082 22
6083 21
6084 22
6085 22
6086 23
6087 22
6088 21
6089 21
6090 23
6091 22
6092 22
6093 22
6094 22
6095 22
6096 22
6097 22
6098 21
6099 22
6100 22
6101 22
6102 22
6103 22
6104 22
6105 22
6106 22
6107 21
6108 21
6109 22
6110 22
6111 22
6112 22
6113 22
6114 22
6115 22
6116 22
6117 22
6118 23
6119 22
6120 22
6121 21
6122 21
6123 22
6124 22
6125 22
6126 23
6127 22
6128 22
6129 22
6130 22
6131 22
6132 22
6133 22
6134 22
6135 21
6136 23
6137 22
6138 22
6139 21
6140 22
6141 22
6142 21
6143 22
6144 22
6145 22
6146 22
6147 21
6148 22
6149 22
6150 22
6151 21
6152 23
6153 22
6154 22
6155 22
6156 23
6157 22
6158 22
6159 22
6160 22
6161 22
6162 22
6163 22
6164 21
6165 21
6166 22
6167 22
6168 23
6169 22
6170 22
6171 21
6172 22
6173 22
6174 22
6175 22
6176 21
6177 22
6178 22
6179 22
6180 22
6181 22
6182 22
6183 23
6184 21
6185 21
6186 22
6187 21
6188 22
6189 22
6190 22
6191 21
6192 22
6193 22
6194 21
6195 22
6196 21
6197 21
6198 22
6199 21
6200 22
6201 22
6202 22
6203 22
6204 22
6205 22
6206 21
6207 21
6208 22
6209 22
6210 22
6211 22
6212 21
6213 22
6214 22
6215 21
6216 22
6217 22
6218 22
6219 22
6220 22
6221 21
6222 21
6223 22
6224 22
6225 22
6226 22
6227 22
6228 23
6229 22
6230 22
6231 22
6232 21
6233 22
6234 22
6235 21
6236 21
6237 22
6238 21
6239 22
6240 21
6241 22
6242 22
6243 22
6244 22
6245 22
6246 22
6247 22
6248 23
6249 22
6250 21
6251 22
6252 21
6253 21
6254 23
6255 22
6256 22
6257 22
6258 23
6259 23
6260 23
6261 22
6262 22
6263 22
6264 22
6265 22
6266 22
6267 21
6268 21
6269 22
6270 22
6271 22
6272 22
6273 22
6274 22
6275 22
6276 22
6277 22
6278 22
6279 22
6280 22
6281 21
6282 22
6283 22
6284 21
6285 22
6286 22
6287 21
6288 22
6289 22
6290 23
6291 22
6292 22
6293 22
6294 22
6295 22
6296 22
6297 21
6298 21
6299 21
6300 22
6301 22
6302 22
6303 22
6304 22
6305 22
6306 22
6307 21
6308 21
6309 22
6310 22
6311 22
6312 22
6313 22
6314 22
6315 22
6316 22
6317 22
6318 22
6319 22
6320 22
6321 22
6322 21
6323 23
6324 22
6325 23
6326 23
6327 22
6328 22
6329 22
6330 21
6331 23
6332 22
6333 21
6334 22
6335 22
6336 22
6337 21
6338 22
6339 21
6340 22
6341 21
6342 22
6343 22
6344 22
6345 21
6346 22
6347 22
6348 22
6349 21
6350 22
6351 22
6352 22
6353 23
6354 22
6355 22
6356 22
6357 22
6358 22
6359 21
6360 22
6361 22
6362 22
6363 22
6364 22
6365 22
6366 21
6367 22
6368 23
6369 22
6370 21
6371 21
6372 22
6373 22
6374 22
6375 22
6376 22
6377 22
6378 21
6379 22
6380 22
6381 21
6382 22
6383 23
6384 22
6385 22
6386 22
6387 21
6388 22
6389 22
6390 22
6391 22
6392 22
6393 22
6394 21
6395 22
6396 22
6397 22
6398 23
6399 22
6400 22
6401 21
6402 23
6403 22
6404 22
6405 23
6406 21
6407 21
6408 22
6409 23
6410 22
6411 23
6412 22
6413 22
6414 21
6415 22
6416 22
6417 22
6418 22
6419 22
6420 21
6421 22
6422 21
6423 22
6424 22
6425 22
6426 22
6427 22
6428 22
6429 22
6430 22
6431 22
6432 22
6433 23
6434 22
6435 22
6436 22
6437 22
6438 22
6439 22
6440 21
6441 21
6442 22
6443 21
6444 22
6445 22
6446 22
6447 22
6448 23
6449 22
6450 22
6451 22
6452 22
6453 23
6454 21
6455 22
6456 22
6457 23
6458 22
6459 22
6460 22
6461 22
6462 23
6463 21
6464 22
6465 21
6466 22
6467 22
6468 21
6469 22
6470 22
6471 21
6472 23
6473 23
6474 21
6475 22
6476 22
6477 22
6478 22
6479 22
6480 22
6481 22
6482 22
6483 22
6484 22
6485 22
6486 21
6487 22
6488 22
6489 22
6490 22
6491 22
6492 22
6493 23
6494 22
6495 22
6496 22
6497 22
6498 22
6499 23
6500 21
6501 23
6502 22
6503 23
6504 23
6505 22
6506 22
6507 23
6508 22
6509 21
6510 22
6511 21
6512 22
6513 22
6514 22
6515 21
6516 22
6517 22
6518 22
6519 23
6520 22
6521 21
6522 23
6523 23
6524 22
6525 22
6526 22
6527 22
6528 21
6529 22
6530 22
6531 22
6532 22
6533 22
6534 22
6535 22
6536 22
6537 21
6538 22
6539 22
6540 22
6541 21
6542 22
6543 22
6544 23
6545 22
6546 22
6547 22
6548 22
6549 22
6550 22
6551 22
6552 22
6553 22
6554 22
6555 22
6556 21
6557 22
6558 22
6559 22
6560 22
6561 22
6562 22
6563 22
6564 22
6565 22
6566 21
6567 22
6568 23
6569 21
6570 22
6571 22
6572 23
6573 22
6574 22
6575 22
6576 22
6577 22
6578 22
6579 22
6580 22
6581 22
6582 22
6583 22
6584 22
6585 22
6586 22
6587 22
6588 23
6589 22
6590 22
6591 22
6592 22
6593 22
6594 22
6595 22
6596 23
6597 21
6598 22
6599 22
6600 22
6601 22
6602 22
6603 22
6604 22
6605 22
6606 22
6607 22
6608 22
6609 22
6610 22
6611 22
6612 23
6613 22
6614 21
6615 22
6616 22
6617 23
6618 22
6619 22
6620 21
6621 21
6622 22
6623 22
6624 22
6625 22
6626 23
6627 22
6628 22
6629 22
6630 22
6631 22
6632 22
6633 21
6634 22
6635 22
6636 23
6637 22
6638 22
6639 22
6640 22
6641 21
6642 21
6643 22
6644 22
6645 23
6646 21
6647 22
6648 22
6649 22
6650 22
6651 22
6652 22
6653 21
6654 22
6655 21
6656 22
6657 21
6658 21
6659 21
6660 22
6661 21
6662 22
6663 22
6664 22
6665 21
6666 21
6667 22
6668 22
6669 23
6670 22
6671 21
6672 22
6673 22
6674 22
6675 22
6676 22
6677 21
6678 21
6679 22
6680 22
6681 22
6682 22
6683 22
6684 23
6685 21
6686 21
6687 23
6688 22
6689 22
6690 22
6691 21
6692 22
6693 22
6694 22
6695 22
6696 22
6697 21
6698 22
6699 22
6700 22
6701 22
6702 21
6703 22
6704 22
6705 22
6706 22
6707 22
6708 22
6709 23
6710 21
6711 23
6712 22
6713 22
6714 22
6715 22
6716 22
6717 21
6718 22
6719 22
6720 22
6721 22
6722 22
6723 22
6724 22
6725 22
6726 22
6727 22
6728 22
6729 22
6730 22
6731 21
6732 22
6733 22
6734 22
6735 22
6736 22
6737 21
6738 21
6739 22
6740 22
6741 22
6742 22
6743 22
6744 21
6745 22
6746 22
6747 22
6748 22
6749 22
6750 21
6751 22
6752 22
6753 21
6754 21
6755 22
6756 22
6757 23
6758 22
6759 22
6760 23
6761 22
6762 22
6763 22
6764 22
6765 21
6766 22
6767 22
6768 22
6769 22
6770 21
6771 22
6772 22
6773 22
6774 22
6775 22
6776 22
6777 22
6778 21
6779 22
6780 22
6781 22
6782 22
6783 22
6784 22
6785 22
6786 22
6787 22
6788 22
6789 22
6790 22
6791 21
6792 22
6793 22
6794 22
6795 22
6796 22
6797 22
6798 22
6799 23
6800 21
6801 22
6802 22
6803 22
6804 22
6805 23
6806 22
6807 22
6808 22
6809 23
6810 22
6811 22
6812 22
6813 21
6814 22
6815 21
6816 22
6817 22
6818 22
6819 22
6820 21
6821 22
6822 23
6823 22
6824 22
6825 22
6826 22
6827 21
6828 22
6829 22
6830 21
6831 22
6832 22
6833 22
6834 22
6835 22
6836 22
6837 23
6838 22
6839 22
6840 22
6841 22
6842 22
6843 22
6844 22
6845 22
6846 22
6847 21
6848 22
6849 22
6850 23
6851 22
6852 22
6853 22
6854 22
6855 22
6856 23
6857 22
6858 21
6859 22
6860 23
6861 22
6862 23
6863 23
6864 22
6865 21
6866 21
6867 22
6868 22
6869 22
6870 23
6871 22
6872 23
6873 21
6874 22
6875 22
6876 22
6877 22
6878 23
6879 22
6880 22
6881 22
6882 22
6883 22
6884 23
6885 22
6886 22
6887 22
6888 22
6889 22
6890 22
6891 22
6892 22
6893 23
6894 22
6895 22
6896 22
6897 22
6898 22
6899 22
6900 22
6901 22
6902 22
6903 22
6904 22
6905 22
6906 21
6907 22
6908 22
6909 22
6910 22
6911 21
6912 21
6913 22
6914 22
6915 22
6916 21
6917 22
6918 22
6919 22
6920 22
6921 21
6922 22
6923 22
6924 22
6925 22
6926 22
6927 22
6928 22
6929 22
6930 22
6931 22
6932 22
6933 22
6934 21
6935 21
6936 22
6937 22
6938 22
6939 22
6940 21
6941 22
6942 22
6943 22
6944 21
6945 22
6946 22
6947 22
6948 22
6949 22
6950 22
6951 22
6952 22
6953 22
6954 22
6955 22
6956 22
6957 22
6958 21
6959 22
6960 22
6961 23
6962 22
6963 22
6964 22
6965 22
6966 22
6967 21
6968 21
6969 21
6970 22
6971 22
6972 22
6973 22
6974 22
6975 21
6976 22
6977 22
6978 22
6979 22
6980 22
6981 23
6982 21
6983 22
6984 22
6985 22
6986 22
6987 22
6988 22
6989 22
6990 22
6991 22
6992 21
6993 23
6994 22
6995 22
6996 22
6997 22
6998 22
6999 21
7000 22
7001 21
7002 23
7003 23
7004 22
7005 22
7006 22
7007 21
7008 22
7009 22
7010 22
7011 22
7012 22
7013 22
7014 22
7015 22
7016 22
7017 22
7018 21
7019 22
7020 22
7021 22
7022 22
7023 22
7024 22
7025 22
7026 22
7027 22
7028 21
7029 22
7030 22
7031 22
7032 22
7033 23
7034 22
7035 22
7036 22
7037 23
7038 21
7039 21
7040 22
7041 22
7042 23
7043 21
7044 22
7045 22
7046 23
7047 23
7048 22
7049 22
7050 22
7051 21
7052 22
7053 22
7054 21
7055 22
7056 22
7057 22
7058 22
7059 22
7060 22
7061 22
7062 22
7063 22
7064 22
7065 22
7066 21
7067 22
7068 23
7069 22
7070 22
7071 22
7072 22
7073 22
7074 22
7075 22
7076 22
7077 23
7078 21
7079 22
7080 22
7081 23
7082 22
7083 22
7084 21
7085 22
7086 22
7087 22
7088 21
7089 22
7090 22
7091 22
7092 21
7093 22
7094 22
7095 22
7096 22
7097 21
7098 22
7099 22
7100 23
7101 22
7102 22
7103 22
7104 22
7105 21
7106 22
7107 21
7108 22
7109 22
7110 22
7111 22
7112 22
7113 22
7114 22
7115 22
7116 22
7117 22
7118 22
7119 21
7120 22
7121 22
7122 22
7123 22
7124 22
7125 22
7126 22
7127 22
7128 21
7129 22
7130 23
7131 21
7132 22
7133 22
7134 22
7135 22
7136 22
7137 21
7138 22
7139 22
7140 22
7141 22
7142 22
7143 22
7144 22
7145 22
7146 21
7147 22
7148 22
7149 22
7150 22
7151 21
7152 22
7153 22
7154 21
7155 21
7156 22
7157 21
7158 22
7159 22
7160 22
7161 22
7162 22
7163 21
7164 22
7165 22
7166 23
7167 22
7168 21
7169 22
7170 22
7171 22
7172 22
7173 22
7174 21
7175 22
7176 22
7177 21
7178 21
7179 22
7180 23
7181 22
7182 22
7183 21
7184 22
7185 22
7186 22
7187 22
7188 22
7189 22
7190 22
7191 22
7192 22
7193 22
7194 22
7195 22
7196 22
7197 22
7198 22
7199 22
7200 22
7201 22
7202 22
7203 22
7204 22
7205 22
7206 22
7207 22
7208 22
7209 21
7210 22
7211 22
7212 22
7213 22
7214 22
7215 21
7216 22
7217 22
7218 21
7219 22
7220 22
7221 22
7222 23
7223 22
7224 22
7225 23
7226 21
7227 21
7228 22
7229 22
7230 21
7231 22
7232 22
7233 23
7234 22
7235 22
7236 22
7237 22
7238 22
7239 21
7240 22
7241 22
7242 22
7243 22
7244 22
7245 21
7246 23
7247 21
7248 22
7249 22
7250 22
7251 22
7252 22
7253 23
7254 22
7255 22
7256 22
7257 21
7258 22
7259 22
7260 22
7261 21
7262 22
7263 23
7264 22
7265 22
7266 22
7267 22
7268 22
7269 22
7270 22
7271 22
7272 23
7273 22
7274 22
7275 21
7276 22
7277 22
7278 21
7279 23
7280 22
7281 21
7282 22
7283 23
7284 22
7285 22
7286 21
7287 22
7288 22
7289 21
7290 22
7291 22
7292 22
7293 22
7294 22
7295 22
7296 22
7297 23
7298 22
7299 22
7300 22
