Polymer_Index N_1
0 21
1 21
2 21
3 21
4 21
5 21
6 21
7 21
8 21
9 21
10 21
11 21
12 21
13 21
14 21
15 21
16 21
17 21
18 21
19 21
20 21
21 21
22 21
23 21
24 21
25 21
26 21
27 21
28 21
29 20
30 21
31 21
32 21
33 22
34 22
35 22
36 22
37 21
38 21
39 21
40 20
41 21
42 22
43 21
44 20
45 21
46 22
47 20
48 22
49 21
50 21
51 20
52 21
53 21
54 22
55 21
56 20
57 22
58 21
59 20
60 21
61 22
62 22
63 21
64 20
65 21
66 21
67 21
68 22
69 21
70 22
71 21
72 21
73 21
74 21
75 21
76 21
77 21
78 21
79 21
80 22
81 21
82 21
83 21
84 21
85 21
86 21
87 21
88 21
89 21
90 21
91 21
92 22
93 21
94 21
95 22
96 21
97 21
98 22
99 21
100 20
101 21
102 22
103 21
104 21
105 21
106 21
107 22
108 20
109 22
110 21
111 21
112 21
113 21
114 22
115 21
116 21
117 21
118 21
119 22
120 21
121 21
122 20
123 21
124 21
125 21
126 22
127 21
128 21
129 22
130 21
131 22
132 21
133 21
134 20
135 21
136 21
137 21
138 21
139 20
140 21
141 21
142 20
143 21
144 21
145 21
146 21
147 20
148 21
149 20
150 21
151 21
152 21
153 21
154 21
155 21
156 21
157 21
158 21
159 21
160 21
161 21
162 21
163 21
164 22
165 21
166 21
167 20
168 22
169 21
170 21
171 21
172 21
173 22
174 20
175 21
176 21
177 21
178 21
179 21
180 22
181 21
182 22
183 22
184 21
185 21
186 21
187 21
188 21
189 21
190 20
191 20
192 21
193 21
194 21
195 21
196 21
197 21
198 21
199 22
200 21
201 21
202 21
203 21
204 21
205 22
206 22
207 21
208 22
209 22
210 21
211 21
212 22
213 21
214 21
215 20
216 22
217 21
218 21
219 21
220 22
221 21
222 21
223 21
224 22
225 21
226 21
227 21
228 21
229 22
230 21
231 21
232 20
233 21
234 21
235 21
236 22
237 21
238 21
239 21
240 21
241 22
242 20
243 22
244 20
245 21
246 21
247 21
248 20
249 20
250 20
251 21
252 21
253 21
254 22
255 20
256 21
257 20
258 21
259 22
260 21
261 21
262 21
263 21
264 21
265 21
266 22
267 21
268 22
269 21
270 21
271 21
272 21
273 21
274 22
275 20
276 21
277 21
278 21
279 21
280 21
281 21
282 20
283 21
284 21
285 21
286 22
287 21
288 21
289 21
290 22
291 21
292 21
293 21
294 21
295 22
296 21
297 22
298 22
299 22
300 21
301 20
302 21
303 21
304 22
305 21
306 21
307 21
308 21
309 21
310 21
311 21
312 22
313 21
314 21
315 21
316 21
317 20
318 21
319 22
320 21
321 20
322 21
323 21
324 21
325 21
326 21
327 21
328 21
329 21
330 21
331 21
332 21
333 21
334 21
335 20
336 21
337 22
338 21
339 21
340 22
341 21
342 21
343 21
344 21
345 21
346 21
347 22
348 21
349 21
350 22
351 20
352 21
353 21
354 21
355 20
356 21
357 21
358 21
359 21
360 21
361 21
362 21
363 21
364 21
365 21
366 21
367 22
368 21
369 21
370 22
371 21
372 20
373 21
374 21
375 20
376 21
377 21
378 21
379 21
380 21
381 21
382 21
383 21
384 21
385 21
386 21
387 21
388 20
389 21
390 21
391 21
392 20
393 21
394 21
395 21
396 21
397 22
398 21
399 22
400 21
401 21
402 21
403 21
404 21
405 21
406 21
407 22
408 21
409 22
410 22
411 21
412 21
413 21
414 20
415 21
416 21
417 21
418 21
419 21
420 21
421 21
422 21
423 21
424 22
425 22
426 21
427 21
428 21
429 21
430 21
431 21
432 20
433 21
434 21
435 21
436 21
437 21
438 20
439 22
440 21
441 22
442 21
443 21
444 21
445 21
446 21
447 20
448 21
449 21
450 21
451 21
452 21
453 22
454 21
455 22
456 22
457 21
458 21
459 22
460 20
461 21
462 21
463 21
464 21
465 21
466 21
467 21
468 21
469 22
470 20
471 21
472 21
473 21
474 22
475 21
476 22
477 21
478 20
479 22
480 20
481 21
482 21
483 21
484 21
485 22
486 20
487 21
488 22
489 22
490 21
491 22
492 21
493 22
494 21
495 21
496 21
497 21
498 21
499 21
500 22
501 22
502 21
503 21
504 21
505 21
506 21
507 22
508 21
509 22
510 21
511 22
512 21
513 21
514 22
515 22
516 21
517 21
518 21
519 22
520 21
521 21
522 21
523 21
524 20
525 21
526 20
527 22
528 21
529 21
530 21
531 21
532 21
533 22
534 20
535 21
536 22
537 21
538 21
539 21
540 21
541 21
542 21
543 22
544 22
545 21
546 21
547 21
548 21
549 21
550 21
551 22
552 21
553 21
554 21
555 21
556 21
557 22
558 21
559 22
560 20
561 21
562 21
563 21
564 20
565 21
566 21
567 21
568 20
569 21
570 21
571 22
572 21
573 22
574 21
575 21
576 22
577 22
578 22
579 22
580 21
581 21
582 21
583 21
584 21
585 20
586 21
587 21
588 21
589 20
590 21
591 21
592 22
593 21
594 21
595 21
596 21
597 21
598 21
599 21
600 21
601 22
602 21
603 21
604 21
605 22
606 21
607 21
608 21
609 21
610 21
611 21
612 21
613 21
614 21
615 21
616 21
617 21
618 22
619 20
620 21
621 22
622 21
623 20
624 21
625 21
626 22
627 21
628 21
629 21
630 21
631 21
632 20
633 21
634 21
635 21
636 21
637 21
638 21
639 21
640 20
641 21
642 21
643 21
644 21
645 21
646 21
647 22
648 21
649 21
650 20
651 20
652 21
653 21
654 21
655 21
656 22
657 21
658 21
659 20
660 21
661 21
662 22
663 21
664 21
665 21
666 21
667 21
668 22
669 21
670 21
671 21
672 21
673 21
674 21
675 20
676 21
677 22
678 21
679 21
680 21
681 21
682 22
683 22
684 22
685 21
686 21
687 21
688 21
689 21
690 20
691 21
692 20
693 21
694 20
695 21
696 21
697 22
698 21
699 21
700 21
701 21
702 21
703 21
704 21
705 21
706 21
707 22
708 21
709 21
710 20
711 21
712 21
713 21
714 20
715 21
716 21
717 21
718 21
719 21
720 21
721 21
722 21
723 21
724 22
725 22
726 21
727 21
728 21
729 21
730 21
731 21
732 21
733 21
734 21
735 21
736 21
737 21
738 21
739 21
740 21
741 20
742 21
743 22
744 21
745 21
746 21
747 21
748 21
749 21
750 21
751 22
752 21
753 21
754 21
755 21
756 21
757 22
758 21
759 21
760 21
761 21
762 21
763 21
764 21
765 21
766 21
767 22
768 22
769 21
770 21
771 21
772 21
773 21
774 20
775 21
776 21
777 22
778 21
779 21
780 21
781 21
782 21
783 21
784 21
785 22
786 21
787 21
788 21
789 21
790 21
791 21
792 21
793 21
794 21
795 22
796 22
797 22
798 21
799 21
800 21
801 21
802 21
803 21
804 22
805 20
806 20
807 21
808 21
809 21
810 20
811 21
812 22
813 20
814 22
815 21
816 21
817 21
818 22
819 21
820 21
821 21
822 22
823 20
824 22
825 21
826 21
827 21
828 21
829 21
830 21
831 21
832 21
833 21
834 21
835 22
836 21
837 21
838 20
839 22
840 21
841 21
842 21
843 21
844 20
845 21
846 20
847 21
848 21
849 22
850 21
851 22
852 21
853 22
854 21
855 21
856 21
857 21
858 21
859 21
860 21
861 21
862 21
863 20
864 22
865 22
866 21
867 22
868 21
869 20
870 21
871 21
872 22
873 22
874 21
875 21
876 21
877 21
878 21
879 21
880 21
881 21
882 21
883 21
884 21
885 21
886 21
887 21
888 21
889 21
890 21
891 21
892 21
893 21
894 20
895 21
896 21
897 21
898 21
899 21
900 21
901 21
902 21
903 21
904 21
905 21
906 21
907 21
908 21
909 21
910 20
911 21
912 21
913 21
914 21
915 21
916 22
917 22
918 21
919 20
920 21
921 21
922 22
923 21
924 22
925 22
926 21
927 22
928 20
929 21
930 22
931 21
932 21
933 21
934 22
935 20
936 21
937 21
938 20
939 21
940 21
941 21
942 21
943 21
944 21
945 21
946 21
947 21
948 21
949 20
950 21
951 21
952 21
953 21
954 21
955 21
956 22
957 21
958 21
959 21
960 21
961 21
962 21
963 21
964 21
965 22
966 21
967 21
968 21
969 21
970 22
971 22
972 21
973 21
974 22
975 21
976 21
977 22
978 21
979 21
980 21
981 21
982 21
983 21
984 21
985 21
986 21
987 21
988 22
989 21
990 20
991 22
992 21
993 21
994 21
995 21
996 21
997 21
998 21
999 21
1000 21
1001 21
1002 20
1003 21
1004 21
1005 21
1006 21
1007 21
1008 21
1009 22
1010 21
1011 21
1012 21
1013 22
1014 21
1015 20
1016 21
1017 21
1018 20
1019 21
1020 21
1021 21
1022 21
1023 21
1024 21
1025 22
1026 21
1027 21
1028 21
1029 21
1030 21
1031 21
1032 21
1033 20
1034 22
1035 21
1036 22
1037 21
1038 21
1039 21
1040 22
1041 21
1042 21
1043 21
1044 21
1045 21
1046 22
1047 21
1048 21
1049 22
1050 21
1051 22
1052 20
1053 21
1054 21
1055 21
1056 21
1057 21
1058 20
1059 21
1060 21
1061 21
1062 21
1063 21
1064 21
1065 21
1066 21
1067 21
1068 20
1069 21
1070 21
1071 22
1072 21
1073 21
1074 21
1075 21
1076 21
1077 21
1078 22
1079 21
1080 21
1081 21
1082 21
1083 21
1084 21
1085 22
1086 21
1087 21
1088 21
1089 22
1090 22
1091 20
1092 21
1093 21
1094 21
1095 22
1096 21
1097 22
1098 21
1099 21
1100 20
1101 20
1102 20
1103 21
1104 20
1105 22
1106 22
1107 22
1108 21
1109 20
1110 21
1111 21
1112 21
1113 21
1114 21
1115 21
1116 21
1117 22
1118 20
1119 21
1120 21
1121 21
1122 20
1123 22
1124 21
1125 21
1126 21
1127 21
1128 22
1129 21
1130 21
1131 22
1132 22
1133 21
1134 21
1135 21
1136 21
1137 21
1138 21
1139 20
1140 21
1141 22
1142 21
1143 20
1144 22
1145 21
1146 21
1147 21
1148 20
1149 21
1150 21
1151 21
1152 20
1153 22
1154 20
1155 21
1156 22
1157 21
1158 22
1159 21
1160 21
1161 21
1162 22
1163 22
1164 21
1165 21
1166 21
1167 20
1168 22
1169 21
1170 21
1171 22
1172 22
1173 20
1174 20
1175 21
1176 21
1177 20
1178 21
1179 21
1180 21
1181 21
1182 21
1183 21
1184 21
1185 21
1186 21
1187 21
1188 21
1189 22
1190 21
1191 21
1192 21
1193 21
1194 20
1195 21
1196 21
1197 22
1198 21
1199 21
1200 21
1201 21
1202 21
1203 21
1204 20
1205 22
1206 21
1207 21
1208 21
1209 22
1210 21
1211 21
1212 21
1213 22
1214 20
1215 22
1216 21
1217 22
1218 21
1219 21
1220 21
1221 21
1222 21
1223 21
1224 21
1225 21
1226 20
1227 21
1228 22
1229 21
1230 20
1231 22
1232 21
1233 21
1234 21
1235 20
1236 21
1237 20
1238 21
1239 21
1240 22
1241 21
1242 20
1243 21
1244 21
1245 21
1246 21
1247 21
1248 22
1249 21
1250 20
1251 21
1252 20
1253 21
1254 21
1255 20
1256 20
1257 22
1258 21
1259 21
1260 21
1261 21
1262 21
1263 20
1264 21
1265 21
1266 21
1267 22
1268 21
1269 21
1270 21
1271 21
1272 21
1273 21
1274 20
1275 22
1276 21
1277 21
1278 21
1279 21
1280 22
1281 21
1282 21
1283 21
1284 21
1285 21
1286 21
1287 21
1288 20
1289 21
1290 22
1291 21
1292 22
1293 21
1294 21
1295 21
1296 21
1297 21
1298 21
1299 20
1300 21
1301 21
1302 22
1303 21
1304 21
1305 21
1306 21
1307 21
1308 21
1309 21
1310 21
1311 21
1312 21
1313 22
1314 21
1315 21
1316 22
1317 21
1318 21
1319 21
1320 21
1321 21
1322 21
1323 21
1324 21
1325 21
1326 21
1327 22
1328 21
1329 21
1330 21
1331 20
1332 22
1333 21
1334 21
1335 21
1336 21
1337 21
1338 21
1339 22
1340 20
1341 21
1342 21
1343 22
1344 21
1345 20
1346 21
1347 20
1348 21
1349 21
1350 21
1351 21
1352 21
1353 21
1354 21
1355 22
1356 21
1357 21
1358 21
1359 21
1360 21
1361 21
1362 21
1363 21
1364 21
1365 21
1366 21
1367 21
1368 21
1369 21
1370 21
1371 21
1372 20
1373 21
1374 20
1375 21
1376 21
1377 22
1378 21
1379 21
1380 20
1381 21
1382 21
1383 21
1384 21
1385 22
1386 21
1387 21
1388 21
1389 21
1390 21
1391 21
1392 21
1393 22
1394 21
1395 21
1396 21
1397 21
1398 21
1399 21
1400 21
1401 21
1402 21
1403 21
1404 20
1405 21
1406 21
1407 21
1408 21
1409 21
1410 21
1411 21
1412 21
1413 21
1414 21
1415 21
1416 21
1417 20
1418 21
1419 22
1420 21
1421 21
1422 22
1423 21
1424 21
1425 22
1426 21
1427 20
1428 21
1429 21
1430 22
1431 22
1432 21
1433 21
1434 21
1435 22
1436 21
1437 21
1438 22
1439 22
1440 21
1441 21
1442 21
1443 21
1444 21
1445 21
1446 20
1447 21
1448 21
1449 20
1450 21
1451 21
1452 21
1453 21
1454 21
1455 21
1456 21
1457 21
1458 21
1459 22
1460 20
1461 21
1462 21
1463 21
1464 21
1465 22
1466 21
1467 22
1468 21
1469 21
1470 22
1471 21
1472 20
1473 21
1474 21
1475 22
1476 22
1477 21
1478 22
1479 21
1480 21
1481 21
1482 22
1483 21
1484 21
1485 21
1486 21
1487 21
1488 21
1489 21
1490 21
1491 21
1492 21
1493 21
1494 21
1495 21
1496 21
1497 21
1498 20
1499 21
1500 21
1501 21
1502 21
1503 21
1504 21
1505 22
1506 21
1507 21
1508 21
1509 21
1510 21
1511 21
1512 22
1513 22
1514 21
1515 21
1516 20
1517 21
1518 21
1519 21
1520 21
1521 21
1522 21
1523 21
1524 21
1525 21
1526 22
1527 21
1528 21
1529 20
1530 22
1531 21
1532 21
1533 22
1534 21
1535 22
1536 22
1537 20
1538 21
1539 21
1540 21
1541 21
1542 21
1543 20
1544 21
1545 21
1546 21
1547 21
1548 22
1549 21
1550 21
1551 21
1552 21
1553 21
1554 21
1555 21
1556 21
1557 21
1558 22
1559 20
1560 20
1561 21
1562 21
1563 21
1564 21
1565 21
1566 22
1567 21
1568 21
1569 22
1570 21
1571 20
1572 22
1573 22
1574 21
1575 21
1576 21
1577 21
1578 21
1579 21
1580 22
1581 21
1582 21
1583 21
1584 21
1585 21
1586 21
1587 21
1588 21
1589 21
1590 21
1591 21
1592 21
1593 21
1594 20
1595 21
1596 21
1597 21
1598 21
1599 21
1600 21
1601 21
1602 21
1603 21
1604 21
1605 21
1606 20
1607 21
1608 22
1609 22
1610 22
1611 21
1612 20
1613 20
1614 21
1615 21
1616 22
1617 21
1618 22
1619 21
1620 21
1621 21
1622 21
1623 21
1624 21
1625 22
1626 21
1627 21
1628 21
1629 20
1630 20
1631 22
1632 21
1633 21
1634 20
1635 21
1636 20
1637 21
1638 21
1639 21
1640 21
1641 21
1642 22
1643 21
1644 21
1645 20
1646 21
1647 21
1648 21
1649 21
1650 20
1651 21
1652 21
1653 22
1654 21
1655 20
1656 21
1657 21
1658 21
1659 21
1660 21
1661 21
1662 21
1663 21
1664 22
1665 21
1666 21
1667 21
1668 21
1669 21
1670 21
1671 21
1672 21
1673 21
1674 20
1675 20
1676 21
1677 21
1678 21
1679 21
1680 20
1681 21
1682 21
1683 21
1684 21
1685 21
1686 22
1687 20
1688 21
1689 21
1690 22
1691 21
1692 21
1693 20
1694 21
1695 21
1696 22
1697 21
1698 21
1699 21
1700 20
1701 21
1702 21
1703 21
1704 21
1705 21
1706 21
1707 21
1708 21
1709 21
1710 21
1711 21
1712 21
1713 21
1714 21
1715 21
1716 21
1717 21
1718 21
1719 21
1720 21
1721 21
1722 22
1723 21
1724 21
1725 21
1726 21
1727 20
1728 22
1729 21
1730 21
1731 20
1732 21
1733 21
1734 21
1735 21
1736 21
1737 21
1738 21
1739 21
1740 22
1741 21
1742 21
1743 21
1744 21
1745 21
1746 21
1747 21
1748 21
1749 21
1750 22
1751 20
1752 21
1753 22
1754 21
1755 21
1756 22
1757 20
1758 22
1759 21
1760 20
1761 21
1762 21
1763 21
1764 21
1765 21
1766 21
1767 22
1768 20
1769 21
1770 22
1771 21
1772 21
1773 21
1774 21
1775 21
1776 21
1777 22
1778 21
1779 22
1780 21
1781 21
1782 21
1783 21
1784 21
1785 21
1786 21
1787 20
1788 20
1789 22
1790 21
1791 21
1792 22
1793 21
1794 21
1795 22
1796 21
1797 21
1798 22
1799 22
1800 21
1801 21
1802 21
1803 21
1804 21
1805 22
1806 21
1807 21
1808 22
1809 22
1810 21
1811 21
1812 21
1813 20
1814 21
1815 21
1816 21
1817 21
1818 21
1819 21
1820 21
1821 21
1822 21
1823 21
1824 21
1825 21
1826 21
1827 21
1828 21
1829 21
1830 21
1831 21
1832 21
1833 22
1834 21
1835 21
1836 21
1837 21
1838 21
1839 20
1840 22
1841 20
1842 22
1843 21
1844 21
1845 22
1846 21
1847 21
1848 22
1849 21
1850 20
1851 21
1852 21
1853 22
1854 21
1855 21
1856 21
1857 21
1858 21
1859 21
1860 20
1861 21
1862 20
1863 21
1864 21
1865 20
1866 21
1867 21
1868 20
1869 21
1870 21
1871 21
1872 21
1873 21
1874 21
1875 21
1876 21
1877 21
1878 21
1879 22
1880 21
1881 21
1882 20
1883 22
1884 22
1885 22
1886 21
1887 21
1888 22
1889 22
1890 22
1891 21
1892 21
1893 21
1894 21
1895 22
1896 21
1897 22
1898 21
1899 22
1900 21
1901 21
1902 21
1903 21
1904 21
1905 22
1906 21
1907 21
1908 21
1909 21
1910 21
1911 21
1912 22
1913 21
1914 20
1915 21
1916 20
1917 21
1918 20
1919 21
1920 21
1921 21
1922 21
1923 21
1924 21
1925 21
1926 21
1927 20
1928 21
1929 21
1930 21
1931 21
1932 22
1933 20
1934 20
1935 21
1936 21
1937 22
1938 21
1939 21
1940 21
1941 20
1942 21
1943 21
1944 21
1945 21
1946 21
1947 20
1948 22
1949 22
1950 22
1951 21
1952 22
1953 21
1954 21
1955 21
1956 21
1957 21
1958 21
1959 21
1960 21
1961 22
1962 20
1963 21
1964 21
1965 21
1966 22
1967 21
1968 21
1969 21
1970 21
1971 20
1972 21
1973 20
1974 21
1975 21
1976 21
1977 21
1978 21
1979 22
1980 21
1981 21
1982 21
1983 21
1984 21
1985 21
1986 21
1987 21
1988 21
1989 21
1990 21
1991 21
1992 21
1993 21
1994 21
1995 21
1996 21
1997 21
1998 21
1999 21
2000 21
2001 21
2002 20
2003 21
2004 22
2005 20
2006 21
2007 20
2008 22
2009 20
2010 22
2011 21
2012 21
2013 22
2014 21
2015 21
2016 21
2017 21
2018 21
2019 21
2020 21
2021 22
2022 21
2023 22
2024 21
2025 21
2026 21
2027 22
2028 21
2029 21
2030 21
2031 21
2032 20
2033 20
2034 21
2035 22
2036 22
2037 21
2038 22
2039 21
2040 21
2041 21
2042 21
2043 21
2044 20
2045 21
2046 21
2047 22
2048 21
2049 21
2050 21
2051 21
2052 20
2053 21
2054 21
2055 21
2056 21
2057 21
2058 22
2059 21
2060 21
2061 21
2062 21
2063 20
2064 21
2065 21
2066 21
2067 22
2068 21
2069 22
2070 21
2071 21
2072 20
2073 22
2074 21
2075 21
2076 22
2077 21
2078 21
2079 20
2080 21
2081 21
2082 21
2083 21
2084 20
2085 21
2086 21
2087 21
2088 21
2089 20
2090 22
2091 21
2092 20
2093 20
2094 20
2095 22
2096 21
2097 22
2098 21
2099 21
2100 21
2101 20
2102 21
2103 21
2104 20
2105 21
2106 20
2107 21
2108 21
2109 21
2110 21
2111 21
2112 21
2113 20
2114 21
2115 21
2116 21
2117 21
2118 20
2119 21
2120 22
2121 21
2122 21
2123 22
2124 22
2125 21
2126 21
2127 21
2128 21
2129 20
2130 21
2131 21
2132 21
2133 21
2134 21
2135 21
2136 20
2137 22
2138 20
2139 21
2140 21
2141 22
2142 21
2143 22
2144 21
2145 21
2146 21
2147 21
2148 21
2149 21
2150 21
2151 21
2152 21
2153 21
2154 21
2155 21
2156 21
2157 21
2158 21
2159 22
2160 20
2161 21
2162 21
2163 20
2164 21
2165 21
2166 22
2167 21
2168 21
2169 21
2170 20
2171 22
2172 21
2173 21
2174 21
2175 20
2176 20
2177 21
2178 20
2179 21
2180 22
2181 21
2182 20
2183 21
2184 21
2185 21
2186 21
2187 21
2188 21
2189 22
2190 21
2191 21
2192 21
2193 21
2194 21
2195 21
2196 21
2197 21
2198 21
2199 21
2200 21
2201 21
2202 21
2203 20
2204 22
2205 21
2206 21
2207 21
2208 21
2209 21
2210 21
2211 22
2212 20
2213 21
2214 21
2215 21
2216 21
2217 20
2218 21
2219 22
2220 21
2221 21
2222 21
2223 21
2224 21
2225 21
2226 21
2227 21
2228 21
2229 21
2230 21
2231 21
2232 21
2233 22
2234 21
2235 21
2236 22
2237 21
2238 21
2239 21
2240 22
2241 21
2242 21
2243 22
2244 20
2245 20
2246 21
2247 21
2248 21
2249 21
2250 21
2251 21
2252 21
2253 21
2254 21
2255 21
2256 21
2257 21
2258 20
2259 20
2260 21
2261 21
2262 21
2263 22
2264 21
2265 21
2266 21
2267 21
2268 21
2269 21
2270 21
2271 21
2272 21
2273 20
2274 22
2275 21
2276 21
2277 21
2278 21
2279 21
2280 21
2281 20
2282 21
2283 21
2284 21
2285 21
2286 21
2287 21
2288 22
2289 21
2290 22
2291 21
2292 21
2293 21
2294 22
2295 22
2296 21
2297 21
2298 21
2299 21
2300 21
2301 21
2302 21
2303 22
2304 21
2305 22
2306 21
2307 21
2308 20
2309 21
2310 22
2311 21
2312 20
2313 20
2314 22
2315 20
2316 21
2317 21
2318 21
2319 21
2320 21
2321 20
2322 21
2323 21
2324 21
2325 21
2326 21
2327 20
2328 21
2329 21
2330 21
2331 21
2332 21
2333 22
2334 21
2335 21
2336 21
2337 21
2338 21
2339 21
2340 21
2341 21
2342 22
2343 21
2344 21
2345 21
2346 21
2347 21
2348 21
2349 21
2350 21
2351 22
2352 20
2353 22
2354 21
2355 22
2356 21
2357 21
2358 21
2359 21
2360 21
2361 21
2362 21
2363 21
2364 22
2365 22
2366 22
2367 21
2368 21
2369 21
2370 21
2371 21
2372 21
2373 21
2374 21
2375 22
2376 20
2377 21
2378 20
2379 21
2380 22
2381 21
2382 21
2383 21
2384 21
2385 21
2386 20
2387 21
2388 20
2389 22
2390 21
2391 21
2392 21
2393 22
2394 21
2395 21
2396 21
2397 21
2398 21
2399 21
2400 20
2401 21
2402 22
2403 21
2404 21
2405 21
2406 21
2407 21
2408 22
2409 21
2410 21
2411 22
2412 21
2413 21
2414 21
2415 22
2416 21
2417 21
2418 21
2419 21
2420 21
2421 20
2422 22
2423 21
2424 20
2425 21
2426 20
2427 21
2428 21
2429 22
2430 22
2431 21
2432 21
2433 21
2434 21
2435 21
2436 21
2437 20
2438 22
2439 21
2440 21
2441 21
2442 21
2443 21
2444 21
2445 21
2446 22
2447 22
2448 22
2449 21
2450 21
2451 21
2452 22
2453 21
2454 21
2455 21
2456 21
2457 21
2458 21
2459 21
2460 21
2461 20
2462 21
2463 21
2464 21
2465 21
2466 21
2467 21
2468 22
2469 21
2470 21
2471 21
2472 21
2473 21
2474 22
2475 20
2476 21
2477 21
2478 22
2479 21
2480 21
2481 21
2482 21
2483 21
2484 21
2485 21
2486 21
2487 21
2488 21
2489 21
2490 21
2491 21
2492 21
2493 21
2494 21
2495 21
2496 21
2497 21
2498 21
2499 21
2500 21
2501 21
2502 22
2503 21
2504 21
2505 21
2506 20
2507 21
2508 21
2509 21
2510 22
2511 21
2512 21
2513 21
2514 21
2515 21
2516 21
2517 22
2518 21
2519 21
2520 21
2521 21
2522 21
2523 21
2524 21
2525 21
2526 21
2527 21
2528 21
2529 21
2530 21
2531 21
2532 21
2533 22
2534 21
2535 21
2536 21
2537 21
2538 21
2539 22
2540 21
2541 21
2542 21
2543 21
2544 21
2545 22
2546 21
2547 21
2548 21
2549 21
2550 22
2551 21
2552 21
2553 21
2554 20
2555 20
2556 20
2557 21
2558 20
2559 21
2560 21
2561 21
2562 21
2563 21
2564 21
2565 21
2566 21
2567 21
2568 20
2569 20
2570 21
2571 21
2572 21
2573 20
2574 20
2575 21
2576 21
2577 22
2578 22
2579 22
2580 22
2581 22
2582 21
2583 21
2584 21
2585 21
2586 21
2587 21
2588 21
2589 22
2590 21
2591 20
2592 21
2593 21
2594 20
2595 21
2596 21
2597 21
2598 21
2599 21
2600 21
2601 22
2602 20
2603 21
2604 21
2605 21
2606 22
2607 21
2608 21
2609 22
2610 22
2611 21
2612 21
2613 22
2614 20
2615 21
2616 22
2617 20
2618 22
2619 22
2620 22
2621 21
2622 21
2623 21
2624 21
2625 20
2626 21
2627 21
2628 21
2629 21
2630 22
2631 21
2632 21
2633 21
2634 21
2635 22
2636 21
2637 20
2638 22
2639 21
2640 21
2641 21
2642 22
2643 22
2644 21
2645 21
2646 21
2647 21
2648 21
2649 21
2650 21
2651 21
2652 21
2653 21
2654 21
2655 21
2656 21
2657 21
2658 22
2659 21
2660 21
2661 21
2662 21
2663 21
2664 21
2665 21
2666 21
2667 22
2668 21
2669 21
2670 21
2671 21
2672 20
2673 21
2674 21
2675 22
2676 22
2677 22
2678 21
2679 21
2680 21
2681 21
2682 20
2683 21
2684 21
2685 21
2686 21
2687 21
2688 21
2689 21
2690 21
2691 21
2692 20
2693 21
2694 20
2695 21
2696 21
2697 21
2698 21
2699 22
2700 21
2701 21
2702 21
2703 22
2704 21
2705 20
2706 21
2707 22
2708 21
2709 21
2710 21
2711 21
2712 21
2713 21
2714 21
2715 21
2716 21
2717 22
2718 20
2719 22
2720 20
2721 21
2722 21
2723 22
2724 21
2725 22
2726 21
2727 21
2728 21
2729 22
2730 21
2731 21
2732 21
2733 20
2734 20
2735 21
2736 21
2737 21
2738 21
2739 21
2740 21
2741 20
2742 20
2743 21
2744 20
2745 21
2746 21
2747 21
2748 21
2749 21
2750 21
2751 21
2752 21
2753 21
2754 21
2755 21
2756 22
2757 21
2758 21
2759 21
2760 22
2761 21
2762 21
2763 21
2764 21
2765 20
2766 22
2767 22
2768 22
2769 21
2770 20
2771 21
2772 21
2773 21
2774 21
2775 21
2776 21
2777 21
2778 21
2779 21
2780 21
2781 21
2782 21
2783 21
2784 21
2785 20
2786 21
2787 21
2788 21
2789 21
2790 20
2791 21
2792 21
2793 21
2794 21
2795 21
2796 21
2797 21
2798 21
2799 21
2800 22
2801 21
2802 21
2803 20
2804 21
2805 21
2806 21
2807 22
2808 21
2809 22
2810 21
2811 21
2812 21
2813 21
2814 21
2815 21
2816 22
2817 21
2818 21
2819 21
2820 21
2821 21
2822 21
2823 22
2824 20
2825 21
2826 20
2827 21
2828 21
2829 21
2830 21
2831 22
2832 21
2833 21
2834 21
2835 20
2836 21
2837 21
2838 21
2839 20
2840 21
2841 21
2842 21
2843 21
2844 21
2845 21
2846 21
2847 22
2848 22
2849 21
2850 21
2851 20
2852 21
2853 21
2854 22
2855 21
2856 21
2857 22
2858 22
2859 21
2860 21
2861 21
2862 20
2863 21
2864 21
2865 21
2866 21
2867 21
2868 21
2869 21
2870 20
2871 22
2872 21
2873 21
2874 21
2875 21
2876 21
2877 21
2878 22
2879 21
2880 22
2881 21
2882 21
2883 22
2884 21
2885 21
2886 21
2887 21
2888 21
2889 22
2890 21
2891 21
2892 22
2893 21
2894 20
2895 22
2896 21
2897 21
2898 21
2899 21
2900 22
2901 21
2902 20
2903 21
2904 21
2905 22
2906 21
2907 21
2908 21
2909 21
2910 22
2911 20
2912 22
2913 21
2914 21
2915 21
2916 21
2917 21
2918 20
2919 21
2920 21
2921 22
2922 21
2923 21
2924 21
2925 22
2926 21
2927 21
2928 21
2929 21
2930 21
2931 21
2932 21
2933 21
2934 21
2935 21
2936 20
2937 21
2938 20
2939 21
2940 20
2941 21
2942 21
2943 21
2944 22
2945 22
2946 21
2947 21
2948 21
2949 20
2950 22
2951 21
2952 21
2953 21
2954 20
2955 21
2956 21
2957 21
2958 21
2959 20
2960 21
2961 21
2962 21
2963 22
2964 22
2965 20
2966 21
2967 21
2968 21
2969 21
2970 21
2971 21
2972 21
2973 21
2974 21
2975 21
2976 21
2977 22
2978 21
2979 22
2980 21
2981 21
2982 21
2983 21
2984 21
2985 21
2986 21
2987 20
2988 21
2989 21
2990 22
2991 21
2992 21
2993 21
2994 21
2995 21
2996 21
2997 21
2998 21
2999 21
3000 20
3001 20
3002 21
3003 22
3004 21
3005 22
3006 21
3007 21
3008 21
3009 21
3010 21
3011 21
3012 21
3013 21
3014 21
3015 21
3016 21
3017 22
3018 20
3019 21
3020 21
3021 21
3022 21
3023 21
3024 20
3025 21
3026 21
3027 21
3028 21
3029 21
3030 21
3031 21
3032 21
3033 21
3034 21
3035 22
3036 21
3037 21
3038 21
3039 21
3040 21
3041 21
3042 21
3043 21
3044 21
3045 21
3046 21
3047 21
3048 21
3049 21
3050 21
3051 22
3052 21
3053 21
3054 22
3055 21
3056 21
3057 21
3058 20
3059 21
3060 21
3061 21
3062 21
3063 21
3064 20
3065 20
3066 21
3067 22
3068 21
3069 21
3070 21
3071 22
3072 21
3073 22
3074 21
3075 21
3076 21
3077 21
3078 21
3079 21
3080 21
3081 20
3082 21
3083 22
3084 22
3085 22
3086 21
3087 20
3088 21
3089 22
3090 21
3091 21
3092 21
3093 22
3094 22
3095 21
3096 21
3097 21
3098 21
3099 21
3100 21
3101 21
3102 21
3103 21
3104 21
3105 21
3106 21
3107 21
3108 21
3109 21
3110 21
3111 21
3112 20
3113 21
3114 21
3115 21
3116 21
3117 21
3118 21
3119 21
3120 21
3121 21
3122 21
3123 22
3124 21
3125 21
3126 21
3127 21
3128 21
3129 20
3130 21
3131 21
3132 21
3133 20
3134 21
3135 21
3136 21
3137 21
3138 21
3139 21
3140 21
3141 21
3142 21
3143 22
3144 21
3145 22
3146 21
3147 21
3148 21
3149 21
3150 22
3151 21
3152 21
3153 21
3154 21
3155 21
3156 21
3157 21
3158 22
3159 22
3160 21
3161 22
3162 21
3163 21
3164 21
3165 21
3166 21
3167 21
3168 22
3169 20
3170 21
3171 21
3172 20
3173 22
3174 22
3175 21
3176 21
3177 21
3178 21
3179 21
3180 21
3181 22
3182 21
3183 21
3184 21
3185 21
3186 21
3187 21
3188 21
3189 21
3190 20
3191 21
3192 21
3193 21
3194 22
3195 22
3196 21
3197 20
3198 20
3199 22
3200 21
3201 21
3202 22
3203 21
3204 21
3205 21
3206 21
3207 21
3208 22
3209 21
3210 21
3211 21
3212 21
3213 21
3214 22
3215 20
3216 21
3217 21
3218 21
3219 22
3220 21
3221 21
3222 22
3223 21
3224 21
3225 22
3226 21
3227 22
3228 21
3229 21
3230 21
3231 21
3232 21
3233 21
3234 20
3235 21
3236 20
3237 21
3238 21
3239 22
3240 21
3241 21
3242 20
3243 21
3244 21
3245 21
3246 22
3247 20
3248 21
3249 22
3250 21
3251 21
3252 21
3253 21
3254 21
3255 21
3256 21
3257 21
3258 21
3259 21
3260 21
3261 21
3262 21
3263 21
3264 20
3265 21
3266 21
3267 21
3268 21
3269 22
3270 21
3271 21
3272 21
3273 21
3274 21
3275 21
3276 21
3277 21
3278 21
3279 21
3280 21
3281 20
3282 20
3283 21
3284 22
3285 21
3286 21
3287 22
3288 21
3289 21
3290 21
3291 21
3292 21
3293 21
3294 21
3295 21
3296 21
3297 21
3298 22
3299 21
3300 21
3301 20
3302 21
3303 21
3304 21
3305 21
3306 21
3307 21
3308 20
3309 22
3310 21
3311 22
3312 22
3313 21
3314 21
3315 20
3316 22
3317 21
3318 21
3319 21
3320 21
3321 21
3322 21
3323 21
3324 20
3325 21
3326 21
3327 22
3328 21
3329 21
3330 21
3331 21
3332 20
3333 21
3334 21
3335 21
3336 21
3337 22
3338 21
3339 20
3340 21
3341 21
3342 20
3343 21
3344 21
3345 21
3346 21
3347 20
3348 21
3349 22
3350 22
3351 20
3352 21
3353 21
3354 21
3355 21
3356 21
3357 21
3358 21
3359 21
3360 20
3361 21
3362 21
3363 21
3364 21
3365 21
3366 22
3367 21
3368 21
3369 21
3370 21
3371 21
3372 20
3373 21
3374 22
3375 21
3376 20
3377 22
3378 21
3379 21
3380 20
3381 21
3382 22
3383 22
3384 21
3385 21
3386 21
3387 21
3388 21
3389 22
3390 21
3391 21
3392 21
3393 22
3394 21
3395 22
3396 22
3397 22
3398 22
3399 21
3400 20
3401 21
3402 20
3403 21
3404 22
3405 21
3406 21
3407 21
3408 21
3409 21
3410 21
3411 21
3412 22
3413 20
3414 21
3415 21
3416 20
3417 21
3418 21
3419 21
3420 21
3421 21
3422 22
3423 21
3424 21
3425 21
3426 21
3427 22
3428 21
3429 22
3430 21
3431 21
3432 21
3433 21
3434 21
3435 21
3436 21
3437 21
3438 21
3439 21
3440 22
3441 21
3442 22
3443 21
3444 22
3445 21
3446 21
3447 22
3448 21
3449 22
3450 21
3451 21
3452 20
3453 21
3454 21
3455 21
3456 21
3457 21
3458 21
3459 20
3460 22
3461 21
3462 21
3463 21
3464 20
3465 21
3466 22
3467 21
3468 21
3469 22
3470 21
3471 21
3472 21
3473 21
3474 21
3475 21
3476 21
3477 21
3478 21
3479 21
3480 20
3481 22
3482 20
3483 21
3484 21
3485 21
3486 22
3487 21
3488 21
3489 21
3490 21
3491 22
3492 21
3493 21
3494 21
3495 21
3496 20
3497 21
3498 21
3499 21
3500 21
3501 22
3502 20
3503 20
3504 21
3505 21
3506 21
3507 21
3508 20
3509 21
3510 21
3511 20
3512 21
3513 21
3514 22
3515 21
3516 21
3517 21
3518 21
3519 21
3520 21
3521 21
3522 21
3523 22
3524 21
3525 21
3526 22
3527 21
3528 21
3529 21
3530 21
3531 21
3532 21
3533 21
3534 21
3535 21
3536 21
3537 21
3538 20
3539 22
3540 20
3541 21
3542 22
3543 21
3544 21
3545 21
3546 21
3547 21
3548 21
3549 21
3550 22
3551 21
3552 21
3553 21
3554 21
3555 21
3556 21
3557 21
3558 21
3559 21
3560 21
3561 22
3562 21
3563 21
3564 20
3565 20
3566 21
3567 21
3568 21
3569 21
3570 21
3571 22
3572 21
3573 21
3574 21
3575 21
3576 21
3577 21
3578 21
3579 21
3580 21
3581 21
3582 21
3583 21
3584 21
3585 21
3586 21
3587 21
3588 21
3589 21
3590 21
3591 21
3592 21
3593 21
3594 21
3595 20
3596 21
3597 21
3598 21
3599 21
3600 21
3601 21
3602 22
3603 21
3604 21
3605 22
3606 21
3607 21
3608 22
3609 22
3610 22
3611 21
3612 22
3613 21
3614 21
3615 21
3616 22
3617 21
3618 21
3619 21
3620 21
3621 21
3622 21
3623 21
3624 22
3625 21
3626 21
3627 21
3628 21
3629 21
3630 21
3631 20
3632 21
3633 21
3634 21
3635 21
3636 21
3637 21
3638 21
3639 21
3640 21
3641 21
3642 21
3643 21
3644 21
3645 21
3646 21
3647 21
3648 20
3649 21
3650 20
3651 22
3652 21
3653 21
3654 21
3655 21
3656 21
3657 22
3658 21
3659 21
3660 22
3661 21
3662 21
3663 22
3664 22
3665 21
3666 21
3667 21
3668 20
3669 21
3670 21
3671 21
3672 21
3673 20
3674 21
3675 21
3676 22
3677 22
3678 21
3679 20
3680 22
3681 20
3682 21
3683 21
3684 21
3685 21
3686 21
3687 21
3688 21
3689 21
3690 21
3691 20
3692 22
3693 20
3694 21
3695 21
3696 21
3697 21
3698 22
3699 21
3700 21
3701 20
3702 22
3703 21
3704 21
3705 21
3706 21
3707 21
3708 21
3709 21
3710 22
3711 21
3712 21
3713 21
3714 21
3715 21
3716 21
3717 21
3718 21
3719 21
3720 20
3721 21
3722 21
3723 20
3724 21
3725 21
3726 21
3727 21
3728 21
3729 21
3730 21
3731 20
3732 21
3733 21
3734 21
3735 21
3736 21
3737 20
3738 22
3739 21
3740 21
3741 21
3742 21
3743 21
3744 21
3745 21
3746 20
3747 21
3748 21
3749 21
3750 21
3751 21
3752 21
3753 21
3754 22
3755 21
3756 21
3757 21
3758 21
3759 21
3760 21
3761 21
3762 21
3763 21
3764 21
3765 21
3766 21
3767 22
3768 21
3769 21
3770 20
3771 21
3772 21
3773 21
3774 21
3775 21
3776 21
3777 20
3778 21
3779 21
3780 21
3781 21
3782 20
3783 21
3784 21
3785 21
3786 21
3787 21
3788 22
3789 22
3790 22
3791 20
3792 21
3793 20
3794 21
3795 22
3796 22
3797 22
3798 21
3799 20
3800 21
3801 21
3802 21
3803 22
3804 22
3805 21
3806 21
3807 22
3808 22
3809 20
3810 21
3811 20
3812 21
3813 21
3814 21
3815 22
3816 21
3817 21
3818 21
3819 21
3820 20
3821 21
3822 21
3823 21
3824 21
3825 21
3826 20
3827 22
3828 20
3829 21
3830 21
3831 22
3832 20
3833 21
3834 21
3835 21
3836 21
3837 20
3838 21
3839 21
3840 21
3841 21
3842 21
3843 21
3844 21
3845 21
3846 21
3847 22
3848 21
3849 21
3850 21
3851 21
3852 21
3853 21
3854 21
3855 21
3856 21
3857 21
3858 21
3859 20
3860 21
3861 21
3862 21
3863 21
3864 21
3865 21
3866 21
3867 21
3868 21
3869 22
3870 21
3871 22
3872 21
3873 21
3874 21
3875 21
3876 21
3877 22
3878 21
3879 20
3880 21
3881 21
3882 21
3883 21
3884 21
3885 21
3886 21
3887 22
3888 22
3889 21
3890 21
3891 22
3892 21
3893 21
3894 21
3895 21
3896 22
3897 21
3898 22
3899 20
3900 21
3901 20
3902 22
3903 21
3904 22
3905 21
3906 21
3907 21
3908 21
3909 21
3910 21
3911 20
3912 21
3913 21
3914 21
3915 21
3916 22
3917 21
3918 21
3919 21
3920 20
3921 21
3922 22
3923 21
3924 21
3925 22
3926 21
3927 22
3928 21
3929 21
3930 21
3931 21
3932 20
3933 21
3934 22
3935 21
3936 21
3937 21
3938 21
3939 22
3940 22
3941 21
3942 22
3943 21
3944 21
3945 21
3946 20
3947 22
3948 22
3949 22
3950 21
3951 21
3952 20
3953 21
3954 20
3955 21
3956 21
3957 22
3958 21
3959 22
3960 21
3961 21
3962 21
3963 21
3964 22
3965 22
3966 21
3967 21
3968 21
3969 21
3970 21
3971 22
3972 21
3973 21
3974 21
3975 22
3976 21
3977 21
3978 21
3979 21
3980 21
3981 21
3982 21
3983 22
3984 21
3985 21
3986 22
3987 21
3988 21
3989 21
3990 21
3991 22
3992 21
3993 20
3994 21
3995 21
3996 21
3997 21
3998 22
3999 22
4000 21
4001 21
4002 20
4003 21
4004 22
4005 22
4006 21
4007 21
4008 20
4009 22
4010 21
4011 21
4012 22
4013 20
4014 21
4015 21
4016 21
4017 21
4018 21
4019 20
4020 22
4021 21
4022 21
4023 21
4024 22
4025 21
4026 21
4027 21
4028 21
4029 21
4030 21
4031 21
4032 20
4033 22
4034 21
4035 21
4036 21
4037 20
4038 21
4039 21
4040 22
4041 21
4042 20
4043 22
4044 21
4045 20
4046 22
4047 22
4048 21
4049 21
4050 21
4051 20
4052 20
4053 21
4054 21
4055 21
4056 21
4057 21
4058 21
4059 22
4060 21
4061 22
4062 22
4063 22
4064 21
4065 22
4066 21
4067 22
4068 21
4069 21
4070 21
4071 21
4072 21
4073 21
4074 21
4075 21
4076 20
4077 21
4078 22
4079 22
4080 22
4081 21
4082 21
4083 22
4084 21
4085 21
4086 21
4087 20
4088 21
4089 21
4090 22
4091 21
4092 21
4093 21
4094 21
4095 21
4096 21
4097 22
4098 21
4099 21
4100 21
4101 20
4102 21
4103 22
4104 21
4105 21
4106 21
4107 21
4108 22
4109 21
4110 22
4111 22
4112 21
4113 21
4114 21
4115 20
4116 21
4117 21
4118 21
4119 21
4120 21
4121 21
4122 21
4123 21
4124 21
4125 21
4126 20
4127 20
4128 21
4129 20
4130 21
4131 21
4132 21
4133 21
4134 22
4135 21
4136 21
4137 22
4138 21
4139 22
4140 21
4141 21
4142 21
4143 21
4144 21
4145 21
4146 21
4147 21
4148 21
4149 21
4150 21
4151 20
4152 22
4153 21
4154 21
4155 21
4156 21
4157 21
4158 21
4159 21
4160 22
4161 21
4162 22
4163 21
4164 21
4165 21
4166 21
4167 21
4168 21
4169 21
4170 22
4171 21
4172 21
4173 21
4174 21
4175 21
4176 21
4177 22
4178 21
4179 21
4180 21
4181 22
4182 21
4183 21
4184 21
4185 21
4186 22
4187 22
4188 22
4189 21
4190 21
4191 21
4192 22
4193 22
4194 22
4195 21
4196 21
4197 22
4198 20
4199 21
4200 21
4201 20
4202 21
4203 22
4204 21
4205 21
4206 22
4207 20
4208 22
4209 21
4210 21
4211 21
4212 21
4213 21
4214 21
4215 21
4216 21
4217 21
4218 21
4219 20
4220 22
4221 21
4222 21
4223 21
4224 21
4225 21
4226 21
4227 21
4228 20
4229 21
4230 21
4231 21
4232 20
4233 21
4234 22
4235 22
4236 21
4237 21
4238 21
4239 21
4240 21
4241 21
4242 21
4243 21
4244 21
4245 21
4246 21
4247 21
4248 21
4249 22
4250 21
4251 21
4252 21
4253 22
4254 21
4255 22
4256 22
4257 21
4258 21
4259 21
4260 21
4261 21
4262 21
4263 21
4264 21
4265 21
4266 22
4267 21
4268 21
4269 21
4270 21
4271 20
4272 21
4273 21
4274 20
4275 21
4276 21
4277 20
4278 21
4279 21
4280 21
4281 21
4282 22
4283 21
4284 21
4285 22
4286 20
4287 21
4288 22
4289 21
4290 21
4291 21
4292 21
4293 21
4294 21
4295 21
4296 22
4297 21
4298 21
4299 21
4300 22
4301 21
4302 21
4303 22
4304 22
4305 21
4306 21
4307 21
4308 21
4309 21
4310 21
4311 20
4312 21
4313 21
4314 21
4315 21
4316 21
4317 21
4318 20
4319 21
4320 21
4321 21
4322 21
4323 21
4324 21
4325 21
4326 21
4327 21
4328 21
4329 21
4330 21
4331 21
4332 21
4333 20
4334 20
4335 22
4336 21
4337 21
4338 21
4339 21
4340 21
4341 21
4342 21
4343 21
4344 21
4345 21
4346 20
4347 21
4348 21
4349 22
4350 22
4351 21
4352 21
4353 20
4354 21
4355 20
4356 21
4357 21
4358 21
4359 21
4360 21
4361 20
4362 22
4363 21
4364 22
4365 21
4366 21
4367 21
4368 21
4369 21
4370 21
4371 21
4372 22
4373 21
4374 21
4375 21
4376 21
4377 22
4378 21
4379 21
4380 22
4381 21
4382 21
4383 21
4384 21
4385 21
4386 22
4387 21
4388 21
4389 21
4390 21
4391 21
4392 21
4393 21
4394 21
4395 21
4396 21
4397 20
4398 21
4399 21
4400 21
4401 21
4402 21
4403 21
4404 21
4405 21
4406 20
4407 22
4408 20
4409 22
4410 21
4411 22
4412 21
4413 21
4414 21
4415 21
4416 21
4417 21
4418 21
4419 21
4420 21
4421 22
4422 21
4423 21
4424 22
4425 21
4426 21
4427 22
4428 21
4429 21
4430 22
4431 21
4432 20
4433 21
4434 20
4435 21
4436 21
4437 21
4438 21
4439 20
4440 21
4441 21
4442 20
4443 21
4444 21
4445 21
4446 22
4447 21
4448 21
4449 22
4450 21
4451 21
4452 21
4453 22
4454 22
4455 21
4456 21
4457 21
4458 21
4459 21
4460 21
4461 21
4462 20
4463 22
4464 21
4465 21
4466 21
4467 21
4468 21
4469 21
4470 21
4471 21
4472 21
4473 21
4474 21
4475 21
4476 21
4477 20
4478 21
4479 21
4480 21
4481 21
4482 21
4483 21
4484 21
4485 21
4486 21
4487 21
4488 21
4489 21
4490 21
4491 21
4492 21
4493 22
4494 21
4495 21
4496 21
4497 21
4498 22
4499 21
4500 21
4501 22
4502 21
4503 22
4504 21
4505 21
4506 21
4507 20
4508 21
4509 21
4510 21
4511 21
4512 21
4513 21
4514 21
4515 21
4516 21
4517 21
4518 21
4519 21
4520 20
4521 21
4522 21
4523 21
4524 21
4525 21
4526 21
4527 20
4528 21
4529 22
4530 21
4531 22
4532 21
4533 21
4534 21
4535 21
4536 21
4537 22
4538 21
4539 21
4540 21
4541 21
4542 21
4543 22
4544 20
4545 21
4546 21
4547 21
4548 21
4549 21
4550 22
4551 21
4552 21
4553 21
4554 21
4555 22
4556 21
4557 21
4558 21
4559 21
4560 21
4561 21
4562 21
4563 21
4564 21
4565 22
4566 21
4567 21
4568 22
4569 22
4570 22
4571 21
4572 21
4573 21
4574 22
4575 21
4576 21
4577 22
4578 21
4579 21
4580 22
4581 21
4582 21
4583 20
4584 21
4585 21
4586 21
4587 21
4588 21
4589 21
4590 21
4591 21
4592 21
4593 21
4594 21
4595 21
4596 21
4597 22
4598 21
4599 21
4600 21
4601 21
4602 21
4603 22
4604 22
4605 21
4606 20
4607 21
4608 22
4609 21
4610 20
4611 21
4612 20
4613 21
4614 22
4615 21
4616 21
4617 21
4618 22
4619 21
4620 21
4621 20
4622 21
4623 21
4624 21
4625 21
4626 20
4627 20
4628 22
4629 21
4630 21
4631 22
4632 22
4633 21
4634 21
4635 21
4636 21
4637 21
4638 21
4639 21
4640 21
4641 21
4642 21
4643 21
4644 21
4645 21
4646 21
4647 21
4648 21
4649 21
4650 21
4651 22
4652 21
4653 21
4654 20
4655 21
4656 21
4657 21
4658 21
4659 21
4660 21
4661 22
4662 21
4663 21
4664 21
4665 21
4666 21
4667 21
4668 22
4669 21
4670 21
4671 21
4672 21
4673 21
4674 21
4675 20
4676 21
4677 21
4678 21
4679 21
4680 20
4681 21
4682 21
4683 21
4684 21
4685 21
4686 21
4687 21
4688 21
4689 22
4690 20
4691 21
4692 21
4693 21
4694 21
4695 21
4696 21
4697 21
4698 21
4699 21
4700 21
4701 20
4702 22
4703 20
4704 21
4705 21
4706 22
4707 21
4708 21
4709 21
4710 21
4711 21
4712 21
4713 21
4714 22
4715 22
4716 21
4717 21
4718 20
4719 20
4720 21
4721 22
4722 21
4723 21
4724 22
4725 21
4726 21
4727 21
4728 21
4729 21
4730 20
4731 21
4732 21
4733 22
4734 22
4735 21
4736 21
4737 22
4738 21
4739 21
4740 21
4741 21
4742 21
4743 21
4744 22
4745 21
4746 21
4747 21
4748 21
4749 21
4750 21
4751 22
4752 21
4753 21
4754 22
4755 21
4756 22
4757 20
4758 21
4759 21
4760 22
4761 21
4762 20
4763 21
4764 21
4765 21
4766 21
4767 21
4768 21
4769 21
4770 21
4771 21
4772 21
4773 20
4774 21
4775 21
4776 21
4777 21
4778 21
4779 21
4780 20
4781 21
4782 21
4783 22
4784 21
4785 21
4786 22
4787 21
4788 21
4789 21
4790 22
4791 21
4792 21
4793 21
4794 21
4795 22
4796 21
4797 22
4798 22
4799 22
4800 22
4801 22
4802 21
4803 21
4804 22
4805 21
4806 21
4807 21
4808 20
4809 20
4810 21
4811 21
4812 21
4813 22
4814 21
4815 21
4816 21
4817 21
4818 21
4819 21
4820 21
4821 21
4822 21
4823 21
4824 21
4825 21
4826 22
4827 22
4828 21
4829 21
4830 21
4831 21
4832 21
4833 21
4834 21
4835 21
4836 21
4837 21
4838 22
4839 22
4840 21
4841 21
4842 21
4843 21
4844 20
4845 21
4846 21
4847 21
4848 22
4849 21
4850 22
4851 21
4852 21
4853 21
4854 21
4855 21
4856 21
4857 21
4858 21
4859 21
4860 21
4861 21
4862 21
4863 22
4864 21
4865 21
4866 21
4867 21
4868 21
4869 20
4870 21
4871 21
4872 21
4873 21
4874 21
4875 21
4876 21
4877 21
4878 21
4879 21
4880 22
4881 21
4882 21
4883 22
4884 21
4885 21
4886 21
4887 21
4888 21
4889 21
4890 21
4891 21
4892 21
4893 22
4894 21
4895 21
4896 21
4897 21
4898 22
4899 21
4900 22
4901 21
4902 21
4903 21
4904 20
4905 21
4906 21
4907 21
4908 22
4909 21
4910 21
4911 21
4912 22
4913 21
4914 21
4915 21
4916 20
4917 21
4918 22
4919 21
4920 21
4921 21
4922 21
4923 21
4924 21
4925 21
4926 21
4927 21
4928 21
4929 21
4930 21
4931 21
4932 21
4933 22
4934 21
4935 20
4936 22
4937 21
4938 21
4939 21
4940 21
4941 21
4942 21
4943 21
4944 22
4945 21
4946 21
4947 20
4948 21
4949 21
4950 21
4951 21
4952 21
4953 21
4954 21
4955 21
4956 22
4957 21
4958 21
4959 21
4960 21
4961 21
4962 21
4963 22
4964 21
4965 21
4966 21
4967 21
4968 20
4969 20
4970 21
4971 20
4972 21
4973 21
4974 20
4975 21
4976 22
4977 20
4978 21
4979 20
4980 21
4981 22
4982 22
4983 21
4984 21
4985 20
4986 21
4987 21
4988 21
4989 21
4990 22
4991 21
4992 21
4993 22
4994 22
4995 21
4996 22
4997 21
4998 22
4999 21
5000 21
5001 22
5002 21
5003 21
5004 22
5005 21
5006 21
5007 21
5008 21
5009 21
5010 21
5011 21
5012 21
5013 21
5014 21
5015 21
5016 21
5017 20
5018 20
5019 20
5020 21
5021 21
5022 20
5023 22
5024 20
5025 21
5026 21
5027 21
5028 21
5029 20
5030 22
5031 22
5032 21
5033 21
5034 22
5035 21
5036 22
5037 21
5038 21
5039 21
5040 21
5041 21
5042 22
5043 21
5044 20
5045 22
5046 21
5047 21
5048 21
5049 21
5050 21
5051 21
5052 21
5053 21
5054 22
5055 21
5056 21
5057 21
5058 21
5059 21
5060 21
5061 21
5062 21
5063 21
5064 22
5065 21
5066 21
5067 21
5068 21
5069 21
5070 20
5071 22
5072 21
5073 21
5074 21
5075 21
5076 22
5077 21
5078 21
5079 21
5080 21
5081 21
5082 21
5083 21
5084 21
5085 21
5086 21
5087 20
5088 21
5089 21
5090 21
5091 21
5092 20
5093 21
5094 22
5095 21
5096 21
5097 21
5098 20
5099 21
5100 21
5101 22
5102 21
5103 20
5104 22
5105 21
5106 21
5107 20
5108 22
5109 22
5110 22
5111 21
5112 21
5113 22
5114 20
5115 20
5116 21
5117 21
5118 22
5119 21
5120 21
5121 21
5122 21
5123 21
5124 20
5125 21
5126 21
5127 22
5128 21
5129 22
5130 21
5131 21
5132 21
5133 21
5134 21
5135 21
5136 22
5137 22
5138 22
5139 21
5140 21
5141 22
5142 21
5143 21
5144 20
5145 21
5146 21
5147 21
5148 21
5149 21
5150 22
5151 21
5152 21
5153 21
5154 21
5155 22
5156 21
5157 21
5158 21
5159 21
5160 21
5161 21
5162 21
5163 22
5164 22
5165 21
5166 21
5167 21
5168 22
5169 21
5170 21
5171 21
5172 22
5173 21
5174 21
5175 21
5176 21
5177 21
5178 21
5179 21
5180 21
5181 21
5182 21
5183 21
5184 21
5185 21
5186 21
5187 21
5188 21
5189 21
5190 21
5191 21
5192 22
5193 22
5194 22
5195 21
5196 22
5197 21
5198 21
5199 21
5200 21
5201 21
5202 21
5203 21
5204 22
5205 21
5206 21
5207 20
5208 21
5209 21
5210 21
5211 21
5212 21
5213 21
5214 21
5215 21
5216 21
5217 20
5218 21
5219 21
5220 21
5221 21
5222 21
5223 21
5224 20
5225 21
5226 20
5227 22
5228 21
5229 21
5230 21
5231 21
5232 21
5233 22
5234 21
5235 19
5236 21
5237 21
5238 21
5239 21
5240 21
5241 21
5242 21
5243 20
5244 22
5245 22
5246 21
5247 21
5248 21
5249 22
5250 21
5251 21
5252 21
5253 21
5254 22
5255 21
5256 21
5257 21
5258 20
5259 21
5260 21
5261 20
5262 21
5263 21
5264 21
5265 21
5266 21
5267 20
5268 21
5269 21
5270 21
5271 21
5272 21
5273 21
5274 21
5275 20
5276 21
5277 20
5278 21
5279 21
5280 21
5281 21
5282 22
5283 22
5284 20
5285 21
5286 21
5287 21
5288 21
5289 21
5290 21
5291 22
5292 21
5293 22
5294 21
5295 21
5296 21
5297 21
5298 21
5299 20
5300 22
5301 21
5302 21
5303 21
5304 21
5305 20
5306 21
5307 21
5308 21
5309 21
5310 22
5311 21
5312 21
5313 21
5314 21
5315 21
5316 21
5317 21
5318 21
5319 21
5320 21
5321 21
5322 21
5323 22
5324 21
5325 21
5326 21
5327 21
5328 21
5329 21
5330 21
5331 21
5332 21
5333 21
5334 21
5335 21
5336 21
5337 22
5338 20
5339 21
5340 21
5341 21
5342 22
5343 21
5344 21
5345 21
5346 22
5347 21
5348 21
5349 21
5350 21
5351 21
5352 21
5353 21
5354 21
5355 21
5356 21
5357 21
5358 21
5359 21
5360 20
5361 21
5362 21
5363 20
5364 21
5365 21
5366 21
5367 20
5368 22
5369 21
5370 21
5371 22
5372 22
5373 21
5374 20
5375 21
5376 21
5377 20
5378 21
5379 21
5380 21
5381 20
5382 20
5383 20
5384 21
5385 22
5386 22
5387 21
5388 21
5389 21
5390 21
5391 21
5392 21
5393 21
5394 21
5395 22
5396 21
5397 20
5398 21
5399 20
5400 22
5401 21
5402 21
5403 21
5404 21
5405 21
5406 21
5407 21
5408 22
5409 21
5410 20
5411 21
5412 21
5413 21
5414 22
5415 21
5416 21
5417 21
5418 21
5419 22
5420 21
5421 21
5422 21
5423 21
5424 21
5425 21
5426 21
5427 22
5428 21
5429 21
5430 22
5431 21
5432 21
5433 20
5434 21
5435 21
5436 21
5437 21
5438 21
5439 22
5440 21
5441 21
5442 21
5443 22
5444 22
5445 21
5446 21
5447 21
5448 21
5449 21
5450 20
5451 21
5452 21
5453 20
5454 21
5455 21
5456 21
5457 20
5458 21
5459 21
5460 21
5461 21
5462 21
5463 21
5464 21
5465 21
5466 21
5467 21
5468 22
5469 21
5470 21
5471 21
5472 21
5473 21
5474 22
5475 22
5476 21
5477 22
5478 22
5479 21
5480 20
5481 21
5482 21
5483 20
5484 20
5485 22
5486 21
5487 22
5488 21
5489 21
5490 21
5491 21
5492 21
5493 21
5494 21
5495 21
5496 22
5497 20
5498 21
5499 21
5500 21
5501 21
5502 22
5503 21
5504 21
5505 21
5506 22
5507 21
5508 21
5509 21
5510 21
5511 20
5512 21
5513 20
5514 21
5515 21
5516 21
5517 21
5518 21
5519 20
5520 22
5521 20
5522 21
5523 21
5524 22
5525 21
5526 22
5527 21
5528 21
5529 21
5530 20
5531 21
5532 21
5533 21
5534 20
5535 20
5536 21
5537 21
5538 22
5539 21
5540 21
5541 21
5542 22
5543 21
5544 21
5545 21
5546 20
5547 21
5548 20
5549 21
5550 21
5551 20
5552 21
5553 21
5554 22
5555 22
5556 22
5557 20
5558 20
5559 22
5560 20
5561 21
5562 21
5563 21
5564 21
5565 21
5566 21
5567 20
5568 21
5569 21
5570 21
5571 21
5572 21
5573 21
5574 21
5575 22
5576 22
5577 21
5578 22
5579 21
5580 21
5581 21
5582 22
5583 21
5584 21
5585 22
5586 21
5587 21
5588 21
5589 22
5590 21
5591 22
5592 22
5593 21
5594 21
5595 21
5596 20
5597 22
5598 20
5599 21
5600 21
5601 21
5602 21
5603 20
5604 21
5605 21
5606 21
5607 21
5608 21
5609 20
5610 22
5611 22
5612 21
5613 22
5614 21
5615 21
5616 21
5617 21
5618 21
5619 21
5620 21
5621 21
5622 21
5623 21
5624 21
5625 21
5626 21
5627 21
5628 22
5629 21
5630 21
5631 21
5632 21
5633 21
5634 21
5635 21
5636 21
5637 21
5638 22
5639 22
5640 22
5641 21
5642 21
5643 22
5644 21
5645 21
5646 21
5647 21
5648 21
5649 21
5650 21
5651 21
5652 22
5653 21
5654 21
5655 22
5656 21
5657 21
5658 20
5659 22
5660 20
5661 21
5662 21
5663 22
5664 21
5665 21
5666 21
5667 21
5668 21
5669 21
5670 21
5671 21
5672 21
5673 20
5674 21
5675 21
5676 21
5677 21
5678 21
5679 22
5680 21
5681 21
5682 21
5683 20
5684 20
5685 21
5686 21
5687 21
5688 21
5689 21
5690 21
5691 21
5692 21
5693 22
5694 20
5695 21
5696 22
5697 22
5698 21
5699 21
5700 21
5701 21
5702 21
5703 21
5704 21
5705 21
5706 21
5707 21
5708 21
5709 21
5710 21
5711 21
5712 22
5713 22
5714 21
5715 21
5716 21
5717 21
5718 21
5719 21
5720 21
5721 22
5722 21
5723 20
5724 21
5725 21
5726 21
5727 21
5728 21
5729 21
5730 21
5731 21
5732 21
5733 21
5734 22
5735 21
5736 21
5737 22
5738 22
5739 21
5740 22
5741 21
5742 21
5743 21
5744 21
5745 21
5746 21
5747 21
5748 21
5749 21
5750 21
5751 21
5752 21
5753 21
5754 21
5755 21
5756 21
5757 21
5758 21
5759 20
5760 22
5761 21
5762 21
5763 21
5764 21
5765 22
5766 21
5767 21
5768 21
5769 21
5770 21
5771 21
5772 21
5773 21
5774 22
5775 20
5776 21
5777 22
5778 21
5779 21
5780 21
5781 21
5782 22
5783 21
5784 21
5785 21
5786 21
5787 22
5788 21
5789 21
5790 22
5791 21
5792 21
5793 21
5794 21
5795 21
5796 21
5797 21
5798 21
5799 21
5800 21
5801 21
5802 21
5803 22
5804 21
5805 21
5806 22
5807 21
5808 21
5809 21
5810 21
5811 21
5812 21
5813 21
5814 20
5815 21
5816 21
5817 21
5818 21
5819 22
5820 21
5821 20
5822 21
5823 21
5824 22
5825 22
5826 21
5827 21
5828 21
5829 20
5830 21
5831 21
5832 20
5833 22
5834 21
5835 21
5836 21
5837 21
5838 21
5839 21
5840 21
5841 21
5842 20
5843 22
5844 22
5845 21
5846 20
5847 21
5848 20
5849 20
5850 21
5851 21
5852 20
5853 22
5854 21
5855 21
5856 21
5857 21
5858 21
5859 21
5860 22
5861 21
5862 21
5863 21
5864 21
5865 21
5866 21
5867 21
5868 21
5869 21
5870 21
5871 21
5872 21
5873 22
5874 21
5875 21
5876 21
5877 21
5878 22
5879 21
5880 22
5881 21
5882 21
5883 21
5884 22
5885 22
5886 21
5887 21
5888 21
5889 20
5890 21
5891 22
5892 21
5893 22
5894 21
5895 21
5896 20
5897 21
5898 21
5899 21
5900 22
5901 21
5902 21
5903 21
5904 21
5905 21
5906 22
5907 21
5908 21
5909 21
5910 22
5911 22
5912 21
5913 20
5914 21
5915 21
5916 21
5917 21
5918 21
5919 21
5920 21
5921 21
5922 21
5923 22
5924 21
5925 22
5926 21
5927 21
5928 21
5929 21
5930 21
5931 21
5932 21
5933 22
5934 22
5935 21
5936 21
5937 21
5938 20
5939 21
5940 21
5941 20
5942 21
5943 21
5944 21
5945 22
5946 22
5947 21
5948 22
5949 21
5950 21
5951 21
5952 21
5953 21
5954 22
5955 21
5956 22
5957 21
5958 21
5959 22
5960 21
5961 21
5962 21
5963 21
5964 21
5965 21
5966 21
5967 21
5968 22
5969 21
5970 21
5971 21
5972 22
5973 21
5974 22
5975 21
5976 22
5977 22
5978 21
5979 21
5980 22
5981 20
5982 21
5983 20
5984 22
5985 22
5986 21
5987 22
5988 20
5989 21
5990 21
5991 21
5992 21
5993 22
5994 21
5995 20
5996 21
5997 21
5998 21
5999 20
6000 21
6001 21
6002 21
6003 21
6004 21
6005 21
6006 22
6007 21
6008 22
6009 21
6010 20
6011 21
6012 21
6013 20
6014 21
6015 21
6016 21
6017 21
6018 21
6019 22
6020 21
6021 21
6022 21
6023 21
6024 21
6025 22
6026 22
6027 21
6028 21
6029 21
6030 22
6031 20
6032 21
6033 21
6034 22
6035 21
6036 21
6037 22
6038 21
6039 22
6040 20
6041 21
6042 21
6043 22
6044 21
6045 22
6046 21
6047 21
6048 21
6049 21
6050 22
6051 21
6052 21
6053 21
6054 21
6055 21
6056 21
6057 21
6058 20
6059 21
6060 21
6061 22
6062 21
6063 21
6064 21
6065 21
6066 21
6067 21
6068 22
6069 22
6070 21
6071 21
6072 22
6073 20
6074 21
6075 21
6076 21
6077 21
6078 21
6079 20
6080 21
6081 22
6082 21
6083 21
6084 21
6085 21
6086 21
6087 20
6088 21
6089 22
6090 21
6091 22
6092 20
6093 21
6094 21
6095 21
6096 21
6097 21
6098 21
6099 21
6100 20
6101 21
6102 21
6103 21
6104 21
6105 22
6106 21
6107 21
6108 22
6109 21
6110 21
6111 20
6112 22
6113 22
6114 21
6115 21
6116 22
6117 21
6118 21
6119 20
6120 21
6121 21
6122 22
6123 21
6124 21
6125 21
6126 21
6127 20
6128 21
6129 22
6130 21
6131 21
6132 21
6133 21
6134 21
6135 21
6136 22
6137 21
6138 21
6139 22
6140 20
6141 21
6142 22
6143 22
6144 21
6145 21
6146 22
6147 21
6148 21
6149 21
6150 21
6151 21
6152 22
6153 21
6154 21
6155 20
6156 21
6157 21
6158 21
6159 21
6160 21
6161 21
6162 21
6163 20
6164 21
6165 21
6166 21
6167 21
6168 22
6169 21
6170 21
6171 21
6172 22
6173 22
6174 21
6175 21
6176 21
6177 21
6178 21
6179 21
6180 22
6181 21
6182 21
6183 21
6184 20
6185 21
6186 21
6187 21
6188 21
6189 21
6190 21
6191 20
6192 22
6193 21
6194 21
6195 22
6196 21
6197 21
6198 21
6199 21
6200 21
6201 20
6202 21
6203 22
6204 22
6205 21
6206 22
6207 21
6208 21
6209 20
6210 21
6211 21
6212 20
6213 21
6214 22
6215 22
6216 21
6217 22
6218 20
6219 21
6220 21
6221 21
6222 20
6223 21
6224 21
6225 21
6226 22
6227 21
6228 21
6229 21
6230 21
6231 21
6232 21
6233 21
6234 21
6235 21
6236 21
6237 21
6238 22
6239 21
6240 21
6241 21
6242 21
6243 20
6244 21
6245 20
6246 21
6247 21
6248 20
6249 21
6250 20
6251 22
6252 21
6253 22
6254 21
6255 22
6256 21
6257 21
6258 22
6259 21
6260 20
6261 20
6262 21
6263 21
6264 21
6265 21
6266 22
6267 22
6268 21
6269 21
6270 22
6271 21
6272 21
6273 21
6274 21
6275 22
6276 21
6277 21
6278 21
6279 20
6280 21
6281 22
6282 21
6283 22
6284 22
6285 21
6286 21
6287 21
6288 21
6289 21
6290 20
6291 21
6292 21
6293 21
6294 21
6295 20
6296 21
6297 21
6298 21
6299 22
6300 21
6301 22
6302 21
6303 22
6304 21
6305 21
6306 21
6307 21
6308 22
6309 21
6310 21
6311 21
6312 21
6313 22
6314 21
6315 21
6316 21
6317 21
6318 21
6319 21
6320 21
6321 21
6322 21
6323 20
6324 20
6325 21
6326 21
6327 21
6328 20
6329 21
6330 21
6331 20
6332 21
6333 21
6334 21
6335 21
6336 21
6337 21
6338 20
6339 21
6340 21
6341 21
6342 21
6343 21
6344 21
6345 22
6346 21
6347 21
6348 20
6349 21
6350 21
6351 22
6352 21
6353 22
6354 21
6355 21
6356 20
6357 21
6358 20
6359 22
6360 21
6361 22
6362 21
6363 21
6364 21
6365 21
6366 21
6367 21
6368 21
6369 21
6370 21
6371 21
6372 20
6373 21
6374 21
6375 20
6376 22
6377 21
6378 20
6379 21
6380 21
6381 21
6382 21
6383 21
6384 21
6385 20
6386 21
6387 21
6388 21
6389 21
6390 21
6391 22
6392 21
6393 22
6394 21
6395 21
6396 21
6397 21
6398 20
6399 21
6400 21
6401 20
6402 21
6403 21
6404 21
6405 21
6406 22
6407 20
6408 21
6409 21
6410 21
6411 21
6412 21
6413 21
6414 21
6415 20
6416 21
6417 21
6418 20
6419 21
6420 21
6421 20
6422 21
6423 21
6424 21
6425 21
6426 20
6427 21
6428 21
6429 20
6430 21
6431 21
6432 21
6433 22
6434 20
6435 21
6436 21
6437 21
6438 21
6439 21
6440 21
6441 21
6442 21
6443 21
6444 21
6445 21
6446 22
6447 20
6448 21
6449 21
6450 21
6451 21
6452 22
6453 21
6454 22
6455 20
6456 20
6457 21
6458 20
6459 21
6460 21
6461 21
6462 21
6463 21
6464 20
6465 21
6466 21
6467 21
6468 21
6469 21
6470 20
6471 21
6472 21
6473 20
6474 20
6475 21
6476 21
6477 21
6478 21
6479 21
6480 21
6481 21
6482 21
6483 22
6484 21
6485 21
6486 21
6487 21
6488 22
6489 22
6490 21
6491 21
6492 21
6493 21
6494 21
6495 21
6496 21
6497 21
6498 21
6499 22
6500 21
6501 21
6502 21
6503 22
6504 21
6505 21
6506 21
6507 21
6508 21
6509 21
6510 21
6511 21
6512 21
6513 21
6514 21
6515 21
6516 22
6517 21
6518 21
6519 21
6520 21
6521 21
6522 20
6523 21
6524 21
6525 22
6526 20
6527 21
6528 21
6529 21
6530 22
6531 21
6532 20
6533 21
6534 21
6535 21
6536 21
6537 21
6538 21
6539 21
6540 22
6541 21
6542 22
6543 21
6544 22
6545 22
6546 22
6547 21
6548 21
6549 21
6550 20
6551 21
6552 21
6553 21
6554 22
6555 21
6556 21
6557 21
6558 21
6559 21
6560 21
6561 21
6562 21
6563 21
6564 20
6565 21
6566 21
6567 21
6568 21
6569 22
6570 21
6571 22
6572 21
6573 20
6574 21
6575 21
6576 20
6577 21
6578 21
6579 21
6580 20
6581 21
6582 21
6583 21
6584 21
6585 22
6586 20
6587 21
6588 21
6589 21
6590 21
6591 21
6592 21
6593 21
6594 21
6595 20
6596 21
6597 21
6598 22
6599 20
6600 21
6601 21
6602 21
6603 21
6604 21
6605 22
6606 21
6607 21
6608 21
6609 21
6610 21
6611 21
6612 21
6613 21
6614 22
6615 20
6616 21
6617 21
6618 21
6619 21
6620 22
6621 21
6622 20
6623 21
6624 21
6625 21
6626 21
6627 20
6628 21
6629 21
6630 21
6631 21
6632 21
6633 20
6634 20
6635 21
6636 21
6637 22
6638 20
6639 21
6640 21
6641 22
6642 22
6643 22
6644 21
6645 21
6646 21
6647 21
6648 22
6649 21
6650 21
6651 22
6652 21
6653 21
6654 20
6655 21
6656 21
6657 22
6658 22
6659 21
6660 21
6661 21
6662 21
6663 22
6664 21
6665 21
6666 21
6667 20
6668 21
6669 20
6670 21
6671 21
6672 20
6673 21
6674 22
6675 21
6676 20
6677 22
6678 21
6679 21
6680 21
6681 21
6682 21
6683 21
6684 21
6685 21
6686 20
6687 21
6688 21
6689 21
6690 22
6691 21
6692 21
6693 21
6694 21
6695 21
6696 21
6697 21
6698 22
6699 21
6700 21
6701 21
6702 21
6703 20
6704 21
6705 21
6706 21
6707 21
6708 21
6709 21
6710 22
6711 21
6712 21
6713 21
6714 22
6715 21
6716 21
6717 21
6718 21
6719 21
6720 21
6721 21
6722 21
6723 21
6724 21
6725 21
6726 21
6727 22
6728 21
6729 21
6730 21
6731 21
6732 22
6733 21
6734 21
6735 21
6736 21
6737 21
6738 21
6739 21
6740 20
6741 21
6742 22
6743 21
6744 20
6745 21
6746 21
6747 21
6748 22
6749 22
6750 21
6751 21
6752 21
6753 21
6754 21
6755 22
6756 21
6757 21
6758 21
6759 21
6760 20
6761 21
6762 20
6763 22
6764 21
6765 21
6766 21
6767 21
6768 22
6769 22
6770 21
6771 21
6772 21
6773 21
6774 21
6775 21
6776 20
6777 21
6778 22
6779 20
6780 22
6781 21
6782 20
6783 20
6784 21
6785 21
6786 21
6787 22
6788 21
6789 22
6790 21
6791 21
6792 21
6793 21
6794 20
6795 22
6796 21
6797 21
6798 21
6799 21
6800 20
6801 22
6802 21
6803 22
6804 21
6805 21
6806 22
6807 21
6808 21
6809 22
6810 21
6811 21
6812 21
6813 21
6814 21
6815 21
6816 21
6817 20
6818 21
6819 21
6820 21
6821 21
6822 22
6823 21
6824 21
6825 21
6826 21
6827 21
6828 21
6829 21
6830 20
6831 22
6832 21
6833 21
6834 21
6835 21
6836 21
6837 20
6838 21
6839 21
6840 21
6841 21
6842 22
6843 21
6844 20
6845 21
6846 21
6847 21
6848 21
6849 21
6850 21
6851 21
6852 21
6853 22
6854 22
6855 21
6856 21
6857 21
6858 21
6859 22
6860 21
6861 21
6862 22
6863 22
6864 21
6865 21
6866 20
6867 21
6868 20
6869 21
6870 21
6871 21
6872 21
6873 20
6874 22
6875 21
6876 21
6877 21
6878 20
6879 21
6880 21
6881 22
6882 21
6883 22
6884 20
6885 22
6886 21
6887 21
6888 21
6889 22
6890 21
6891 21
6892 22
6893 22
6894 21
6895 21
6896 21
6897 21
6898 22
6899 21
6900 21
6901 21
6902 21
6903 21
6904 21
6905 21
6906 21
6907 21
6908 21
6909 21
6910 22
6911 21
6912 21
6913 21
6914 21
6915 21
6916 21
6917 21
6918 21
6919 22
6920 22
6921 21
6922 21
6923 21
6924 21
6925 21
6926 21
6927 21
6928 22
6929 21
6930 22
6931 21
6932 21
6933 20
6934 20
6935 21
6936 22
6937 21
6938 20
6939 22
6940 21
6941 21
6942 21
6943 21
6944 21
6945 22
6946 20
6947 20
6948 21
6949 21
6950 21
6951 21
6952 22
6953 20
6954 20
6955 21
6956 21
6957 20
6958 21
6959 21
6960 21
6961 21
6962 21
6963 21
6964 21
6965 21
6966 21
6967 20
6968 20
6969 21
6970 20
6971 21
6972 21
6973 21
6974 22
6975 21
6976 22
6977 21
6978 20
6979 21
6980 21
6981 21
6982 21
6983 21
6984 20
6985 22
6986 22
6987 20
6988 21
6989 21
6990 22
6991 22
6992 21
6993 20
6994 21
6995 21
6996 21
6997 22
6998 22
6999 21
7000 21
7001 21
7002 22
7003 21
7004 20
7005 21
7006 21
7007 21
7008 20
7009 21
7010 21
7011 20
7012 21
7013 20
7014 21
7015 21
7016 21
7017 21
7018 21
7019 21
7020 20
7021 21
7022 21
7023 21
7024 21
7025 21
7026 21
7027 22
7028 20
7029 21
7030 21
7031 21
7032 21
7033 21
7034 21
7035 21
7036 22
7037 22
7038 21
7039 21
7040 21
7041 21
7042 20
7043 21
7044 21
7045 20
7046 21
7047 22
7048 20
7049 20
7050 20
7051 20
7052 22
7053 21
7054 21
7055 21
7056 20
7057 21
7058 20
7059 20
7060 22
7061 21
7062 21
7063 21
7064 21
7065 21
7066 21
7067 22
7068 21
7069 21
7070 21
7071 21
7072 21
7073 21
7074 22
7075 21
7076 21
7077 21
7078 21
7079 21
7080 21
7081 21
7082 21
7083 21
7084 21
7085 21
7086 21
7087 21
7088 21
7089 21
7090 21
7091 21
7092 22
7093 21
7094 21
7095 21
7096 21
7097 21
7098 21
7099 21
7100 21
7101 20
7102 22
7103 21
7104 21
7105 21
7106 21
7107 21
7108 21
7109 21
7110 21
7111 21
7112 21
7113 21
7114 21
7115 21
7116 21
7117 20
7118 21
7119 21
7120 21
7121 21
7122 20
7123 21
7124 22
7125 20
7126 21
7127 22
7128 20
7129 21
7130 21
7131 21
7132 21
7133 21
7134 21
7135 21
7136 20
7137 21
7138 21
7139 21
7140 21
7141 21
7142 21
7143 22
7144 21
7145 22
7146 21
7147 21
7148 21
7149 20
7150 21
7151 21
7152 21
7153 22
7154 21
7155 21
7156 21
7157 22
7158 21
7159 21
7160 21
7161 20
7162 21
7163 21
7164 21
7165 21
7166 21
7167 21
7168 20
7169 21
7170 21
7171 22
7172 21
7173 20
7174 20
7175 21
7176 21
7177 21
7178 21
7179 20
7180 21
7181 21
7182 22
7183 21
7184 21
7185 21
7186 21
7187 21
7188 21
7189 21
7190 21
7191 21
7192 21
7193 21
7194 21
7195 21
7196 21
7197 20
7198 21
7199 21
7200 21
7201 22
7202 21
7203 21
7204 20
7205 21
7206 21
7207 21
7208 21
7209 21
7210 21
7211 21
7212 21
7213 21
7214 22
7215 21
7216 21
7217 22
7218 22
7219 21
7220 21
7221 21
7222 21
7223 21
7224 21
7225 21
7226 21
7227 20
7228 21
7229 21
7230 21
7231 21
7232 21
7233 21
7234 21
7235 21
7236 21
7237 21
7238 21
7239 21
7240 20
7241 21
7242 20
7243 21
7244 21
7245 21
7246 22
7247 22
7248 21
7249 22
7250 22
7251 21
7252 21
7253 21
7254 22
7255 21
7256 21
7257 21
7258 21
7259 21
7260 21
7261 21
7262 21
7263 21
7264 21
7265 22
7266 21
7267 21
7268 21
7269 20
7270 20
7271 21
7272 21
7273 21
7274 21
7275 21
7276 21
7277 20
7278 21
7279 21
7280 21
7281 21
7282 21
7283 21
7284 21
7285 20
7286 20
7287 22
7288 21
7289 21
7290 21
7291 21
7292 21
7293 21
7294 21
7295 21
7296 21
7297 22
7298 21
7299 21
7300 21
7301 22
7302 22
7303 21
7304 22
7305 21
7306 22
7307 21
7308 21
7309 21
7310 21
7311 22
7312 21
7313 21
7314 21
7315 21
7316 21
7317 21
7318 21
7319 21
7320 22
7321 21
7322 21
7323 21
7324 20
7325 21
7326 21
7327 21
7328 21
7329 21
7330 21
7331 21
7332 22
7333 22
7334 21
7335 21
7336 21
7337 20
7338 21
7339 21
7340 21
7341 21
7342 21
7343 21
7344 21
7345 21
7346 21
7347 21
7348 21
7349 21
7350 21
7351 21
7352 22
7353 21
7354 21
7355 21
7356 21
7357 21
7358 20
7359 22
7360 21
7361 21
7362 22
7363 21
7364 21
7365 22
7366 20
7367 21
7368 21
7369 22
7370 21
7371 21
7372 22
7373 21
7374 22
7375 21
7376 21
7377 21
7378 20
7379 22
7380 22
7381 21
7382 21
7383 21
7384 21
7385 21
7386 21
7387 21
7388 21
7389 22
7390 21
7391 21
7392 21
7393 20
7394 21
7395 21
7396 22
7397 21
7398 21
7399 22
7400 21
7401 20
7402 20
7403 21
7404 20
7405 22
7406 21
7407 21
7408 21
7409 20
7410 21
7411 21
7412 21
7413 22
7414 21
7415 21
7416 21
7417 21
7418 22
7419 21
7420 21
7421 21
7422 21
7423 20
7424 21
7425 22
7426 21
7427 21
7428 21
7429 22
7430 21
7431 20
7432 21
7433 21
7434 21
7435 21
7436 21
7437 22
7438 21
7439 20
7440 21
7441 21
7442 21
7443 21
7444 21
7445 22
7446 21
7447 21
7448 20
7449 21
7450 20
7451 21
7452 21
7453 21
7454 21
7455 21
7456 21
7457 21
7458 22
7459 20
7460 22
7461 21
7462 21
7463 21
7464 21
7465 21
7466 22
7467 21
7468 21
7469 21
7470 21
7471 22
7472 21
7473 21
7474 21
7475 22
7476 21
7477 21
7478 21
7479 21
7480 20
7481 22
7482 21
7483 22
7484 22
7485 21
7486 21
7487 22
7488 21
7489 22
7490 22
7491 21
7492 21
7493 20
7494 21
7495 21
7496 21
7497 21
7498 21
7499 21
7500 21
7501 21
7502 21
7503 21
7504 20
7505 21
7506 21
7507 21
7508 21
7509 22
7510 20
7511 21
7512 20
7513 21
7514 21
7515 21
7516 21
7517 21
7518 21
7519 21
7520 21
7521 21
7522 20
7523 21
7524 21
7525 21
7526 22
7527 20
7528 21
7529 20
7530 21
7531 21
7532 21
7533 20
7534 21
7535 21
7536 21
7537 20
7538 22
7539 21
7540 20
7541 21
7542 20
7543 22
7544 21
7545 21
7546 21
7547 21
7548 21
7549 21
7550 21
7551 22
7552 22
7553 20
7554 21
7555 21
7556 21
7557 21
7558 21
7559 21
7560 21
7561 22
7562 21
7563 21
7564 21
7565 21
7566 21
7567 21
7568 22
7569 21
7570 21
7571 21
7572 21
7573 21
7574 21
7575 21
7576 21
7577 21
7578 21
7579 21
7580 21
7581 20
7582 21
7583 21
7584 21
7585 21
7586 22
7587 21
7588 21
7589 21
7590 21
7591 22
7592 21
7593 21
7594 21
7595 21
7596 21
7597 21
7598 21
7599 22
7600 21
7601 21
7602 21
7603 22
7604 21
7605 21
7606 22
7607 21
7608 21
7609 21
7610 22
7611 21
7612 21
7613 21
7614 21
7615 21
7616 20
7617 21
7618 21
7619 21
7620 20
7621 21
7622 21
7623 22
7624 21
7625 21
7626 21
7627 21
7628 21
7629 21
7630 21
7631 21
7632 21
7633 21
7634 21
7635 21
7636 21
7637 21
7638 21
7639 20
7640 21
7641 21
7642 20
7643 21
7644 22
7645 20
7646 21
7647 21
7648 21
7649 20
7650 22
7651 21
7652 21
7653 21
7654 21
7655 21
7656 21
7657 21
7658 21
7659 22
7660 21
7661 22
7662 21
7663 21
7664 22
7665 21
7666 21
7667 21
7668 20
7669 21
7670 21
7671 21
7672 21
7673 22
7674 22
7675 21
7676 21
7677 21
7678 21
7679 21
7680 21
7681 20
7682 20
7683 21
7684 21
7685 21
7686 22
7687 21
7688 21
7689 21
7690 21
7691 21
7692 21
7693 21
7694 21
7695 21
7696 20
7697 21
7698 21
7699 21
7700 22
7701 21
7702 22
7703 21
7704 21
7705 21
7706 21
7707 21
7708 21
7709 21
7710 21
7711 21
7712 21
7713 21
7714 22
7715 22
7716 21
7717 21
7718 21
7719 21
7720 21
7721 22
7722 21
7723 21
7724 21
7725 21
7726 21
7727 21
7728 20
7729 22
7730 20
7731 21
7732 21
7733 21
7734 21
7735 20
7736 21
7737 21
7738 21
7739 20
7740 21
7741 22
7742 21
7743 21
7744 21
7745 21
7746 20
7747 22
7748 21
7749 21
7750 21
7751 22
7752 21
7753 22
7754 21
7755 22
7756 20
7757 22
7758 21
7759 21
7760 21
7761 21
7762 21
7763 21
7764 21
7765 22
7766 21
7767 21
7768 21
7769 21
7770 21
7771 21
7772 21
7773 21
7774 21
7775 21
7776 21
7777 20
7778 21
7779 21
7780 21
7781 21
7782 21
7783 21
7784 21
7785 21
7786 21
7787 21
7788 22
7789 20
7790 20
7791 21
7792 21
7793 20
7794 21
7795 21
7796 21
7797 21
7798 21
7799 21
7800 22
7801 21
7802 21
7803 21
7804 22
7805 21
7806 21
7807 21
7808 21
7809 21
7810 21
7811 20
7812 22
7813 21
7814 21
7815 21
7816 21
7817 21
7818 21
7819 21
7820 21
7821 21
7822 21
7823 21
7824 22
7825 21
7826 21
7827 21
7828 21
7829 21
7830 21
7831 21
7832 22
7833 21
7834 21
7835 21
7836 21
7837 21
7838 21
7839 21
7840 21
7841 21
7842 21
7843 21
7844 21
7845 21
7846 21
7847 21
7848 21
7849 20
7850 21
7851 22
7852 21
7853 21
7854 21
7855 21
7856 21
7857 21
7858 21
7859 21
7860 21
7861 21
7862 21
7863 21
7864 21
7865 22
7866 22
7867 22
7868 21
7869 20
7870 21
7871 21
7872 21
7873 21
7874 22
7875 21
7876 21
7877 21
7878 21
7879 22
7880 22
7881 21
7882 21
7883 21
7884 21
7885 20
7886 22
7887 22
7888 20
7889 21
7890 21
7891 22
7892 22
7893 21
7894 21
7895 20
7896 21
7897 21
7898 21
7899 21
7900 20
7901 22
7902 21
7903 21
7904 22
7905 21
7906 21
7907 22
7908 20
7909 21
7910 20
7911 21
7912 22
7913 22
7914 21
7915 21
7916 21
7917 21
7918 21
7919 21
7920 21
7921 21
7922 21
7923 20
7924 21
7925 21
7926 21
7927 21
7928 21
7929 21
7930 22
7931 22
7932 21
7933 21
7934 21
7935 21
7936 20
7937 21
7938 20
7939 21
7940 21
7941 21
7942 21
7943 21
7944 22
7945 21
7946 21
7947 21
7948 21
7949 22
7950 21
7951 21
7952 20
7953 22
7954 21
7955 21
7956 21
7957 21
7958 22
7959 21
7960 21
7961 21
7962 21
7963 21
7964 21
7965 21
7966 21
7967 21
7968 21
7969 21
7970 21
7971 20
7972 21
7973 22
7974 21
7975 21
7976 21
7977 21
7978 21
7979 21
7980 21
7981 22
7982 20
7983 21
7984 21
7985 22
7986 21
7987 21
7988 21
7989 21
7990 22
7991 22
7992 21
7993 22
7994 21
7995 21
7996 21
7997 21
7998 21
7999 22
8000 22
8001 21
8002 21
8003 21
8004 22
8005 21
8006 21
8007 21
8008 21
8009 21
8010 21
8011 21
8012 22
8013 21
8014 21
8015 21
8016 21
8017 20
8018 22
8019 21
8020 21
8021 21
8022 21
8023 21
8024 21
8025 20
8026 21
8027 21
8028 22
8029 21
8030 21
8031 21
8032 21
8033 21
8034 21
8035 21
8036 21
8037 22
8038 22
8039 22
8040 20
8041 22
8042 21
8043 21
8044 21
8045 21
8046 22
8047 21
8048 22
8049 20
8050 20
8051 21
8052 21
8053 21
8054 21
8055 21
8056 21
8057 21
8058 21
8059 21
8060 22
8061 22
8062 21
8063 21
8064 21
8065 21
8066 20
8067 21
8068 22
8069 21
8070 22
8071 22
8072 20
8073 21
8074 21
8075 22
8076 21
8077 22
8078 21
8079 20
8080 20
8081 21
8082 21
8083 22
8084 22
8085 21
8086 21
8087 21
8088 21
8089 20
8090 21
8091 21
8092 21
8093 21
8094 21
8095 21
8096 22
8097 21
8098 21
8099 20
8100 22
8101 21
8102 21
8103 21
8104 21
8105 21
8106 21
8107 21
8108 21
8109 22
8110 21
8111 21
8112 21
8113 20
8114 22
8115 21
8116 21
8117 21
8118 21
8119 22
8120 21
8121 21
8122 21
8123 20
8124 21
8125 21
8126 20
8127 21
8128 22
8129 22
8130 21
8131 21
8132 21
8133 21
8134 21
8135 21
8136 21
8137 21
8138 21
8139 20
8140 21
8141 21
8142 21
8143 21
8144 21
8145 22
8146 21
8147 21
8148 21
8149 21
8150 21
8151 21
8152 21
8153 20
8154 20
8155 22
8156 21
8157 20
8158 20
8159 21
8160 21
8161 21
8162 21
8163 21
8164 21
8165 21
8166 21
8167 21
8168 21
8169 20
8170 21
8171 21
8172 21
8173 21
8174 21
8175 21
8176 21
8177 21
8178 21
8179 21
8180 21
8181 22
8182 21
8183 21
8184 21
8185 21
8186 21
8187 21
8188 20
8189 22
8190 21
8191 20
8192 21
8193 21
8194 22
8195 22
8196 21
8197 22
8198 21
8199 22
8200 22
8201 21
8202 22
8203 21
8204 21
8205 22
8206 21
8207 21
8208 21
8209 21
8210 21
8211 21
8212 21
8213 21
8214 21
8215 21
8216 20
8217 22
8218 21
8219 22
8220 21
8221 21
8222 21
8223 21
8224 21
8225 20
8226 20
8227 22
8228 22
8229 21
8230 21
8231 22
8232 22
8233 21
8234 21
8235 21
8236 21
8237 20
8238 22
8239 21
8240 20
8241 21
8242 21
8243 21
8244 21
8245 21
8246 21
8247 21
8248 21
8249 20
8250 21
8251 21
8252 21
8253 22
8254 21
8255 21
8256 21
8257 21
8258 21
8259 21
8260 22
8261 21
8262 21
8263 21
8264 21
8265 21
8266 21
8267 21
8268 21
8269 21
8270 20
8271 21
8272 21
8273 21
8274 21
8275 20
8276 21
8277 21
8278 22
8279 22
8280 21
8281 21
8282 21
8283 21
8284 21
8285 20
8286 22
8287 21
8288 21
8289 21
8290 20
8291 21
8292 22
8293 21
8294 21
8295 20
8296 21
8297 21
8298 20
8299 21
8300 22
8301 22
8302 21
8303 20
8304 22
8305 21
8306 21
8307 20
8308 21
8309 21
8310 21
8311 22
8312 21
8313 21
8314 21
8315 21
8316 21
8317 21
8318 21
8319 22
8320 22
8321 20
8322 21
8323 21
8324 20
8325 21
8326 21
8327 21
8328 21
8329 21
8330 21
8331 21
8332 21
8333 21
8334 20
8335 22
8336 22
8337 22
8338 22
8339 21
8340 21
8341 21
8342 22
8343 21
8344 21
8345 22
8346 21
8347 21
8348 21
8349 21
8350 22
8351 21
8352 22
8353 21
8354 21
8355 21
8356 21
8357 21
8358 22
8359 21
8360 21
8361 21
8362 21
8363 20
8364 20
8365 21
8366 21
8367 21
8368 20
8369 21
8370 20
8371 21
8372 21
8373 22
8374 21
8375 21
8376 21
8377 21
8378 21
8379 21
8380 22
8381 21
8382 20
8383 21
8384 21
8385 21
8386 21
8387 21
8388 21
8389 22
8390 22
8391 20
8392 21
8393 20
8394 22
8395 21
8396 21
8397 21
8398 22
8399 21
8400 22
8401 21
8402 21
8403 22
8404 21
8405 21
8406 21
8407 21
8408 21
8409 21
8410 20
8411 21
8412 21
8413 21
8414 20
8415 22
8416 21
8417 21
8418 21
8419 20
8420 21
8421 21
8422 21
8423 21
8424 21
8425 21
8426 21
8427 21
8428 22
8429 21
8430 21
8431 22
8432 21
8433 21
8434 21
8435 21
8436 20
8437 21
8438 20
8439 21
8440 21
8441 20
8442 22
8443 21
8444 21
8445 20
8446 21
8447 21
8448 22
8449 21
8450 21
8451 21
8452 21
8453 21
8454 21
8455 21
8456 20
8457 21
8458 20
8459 21
8460 21
8461 21
8462 21
8463 21
8464 21
8465 22
8466 22
8467 21
8468 21
8469 21
8470 21
8471 20
8472 21
8473 21
8474 21
8475 21
8476 21
8477 20
8478 21
8479 21
8480 21
8481 21
8482 21
8483 21
8484 21
8485 21
8486 21
8487 20
8488 21
8489 22
8490 21
8491 21
8492 21
8493 20
8494 21
8495 21
8496 21
8497 21
8498 21
8499 22
8500 21
8501 21
8502 21
8503 22
8504 22
8505 21
8506 21
8507 20
8508 21
8509 21
8510 21
8511 21
8512 22
8513 22
8514 20
8515 21
8516 21
8517 20
8518 21
8519 21
8520 21
8521 21
8522 22
8523 21
8524 21
8525 21
8526 21
8527 21
8528 21
8529 20
8530 21
8531 21
8532 21
8533 21
8534 21
8535 21
8536 21
8537 21
8538 22
8539 21
8540 21
8541 21
8542 21
8543 22
8544 21
8545 22
8546 22
8547 22
8548 22
8549 20
8550 21
8551 20
8552 21
8553 21
8554 21
8555 21
8556 21
8557 21
8558 21
8559 21
8560 21
8561 21
8562 21
8563 21
8564 22
8565 21
8566 21
8567 21
8568 21
8569 21
8570 22
8571 21
8572 21
8573 21
8574 21
8575 22
8576 21
8577 21
8578 21
8579 21
8580 21
8581 22
8582 21
8583 21
8584 21
8585 22
8586 21
8587 21
8588 21
8589 21
8590 21
8591 21
8592 21
8593 21
8594 22
8595 21
8596 21
8597 21
8598 21
8599 21
8600 21
8601 21
8602 21
8603 21
8604 20
8605 21
8606 22
8607 21
8608 21
8609 21
8610 21
8611 22
8612 21
8613 21
8614 21
8615 22
8616 21
8617 21
8618 21
8619 22
8620 20
8621 21
8622 21
8623 21
8624 20
8625 21
8626 21
8627 21
8628 21
8629 21
8630 21
8631 21
8632 21
8633 21
8634 21
8635 21
8636 21
8637 21
8638 21
8639 21
8640 21
8641 21
8642 21
8643 22
8644 22
8645 21
8646 21
8647 22
8648 22
8649 22
8650 21
8651 21
8652 22
8653 20
8654 21
8655 21
8656 21
8657 21
8658 22
8659 21
8660 21
8661 22
8662 21
8663 22
8664 21
8665 21
8666 22
8667 20
8668 20
8669 21
8670 22
8671 22
8672 20
8673 21
8674 21
8675 22
8676 21
8677 21
8678 22
8679 21
8680 21
8681 21
8682 22
8683 21
8684 21
8685 21
8686 21
8687 21
8688 21
8689 21
8690 21
8691 21
8692 22
8693 20
8694 21
8695 21
8696 21
8697 21
8698 21
8699 21
8700 21
8701 22
8702 21
8703 21
8704 21
8705 21
8706 21
8707 21
8708 21
8709 21
8710 20
8711 21
8712 22
8713 21
8714 21
8715 21
8716 20
8717 21
8718 21
8719 20
8720 22
8721 22
8722 21
8723 21
8724 21
8725 21
8726 20
8727 21
8728 21
8729 21
8730 21
8731 21
8732 21
8733 21
8734 20
8735 22
8736 20
8737 21
8738 20
8739 21
8740 21
8741 21
8742 21
8743 21
8744 21
8745 21
8746 21
8747 22
8748 21
8749 21
8750 21
8751 21
8752 21
8753 21
8754 21
8755 21
8756 22
8757 21
8758 22
8759 21
8760 22
8761 20
8762 22
8763 20
8764 21
8765 22
8766 21
8767 20
8768 20
8769 21
8770 21
8771 21
8772 20
8773 22
8774 21
8775 20
8776 21
8777 21
8778 21
8779 21
8780 21
8781 21
8782 22
8783 21
8784 21
8785 21
8786 20
8787 21
8788 22
8789 20
8790 21
8791 21
8792 21
8793 20
8794 21
8795 21
8796 22
8797 21
8798 21
8799 21
8800 21
8801 21
8802 21
8803 21
8804 21
8805 21
8806 21
8807 20
8808 20
8809 21
8810 21
8811 21
8812 22
8813 22
8814 22
8815 21
8816 20
8817 21
8818 21
8819 21
8820 21
8821 21
8822 21
8823 22
8824 21
8825 21
8826 22
8827 21
8828 21
8829 21
8830 20
8831 21
8832 21
8833 21
8834 22
8835 21
8836 21
8837 20
8838 21
8839 21
8840 21
8841 21
8842 21
8843 20
8844 22
8845 21
8846 21
8847 21
8848 21
8849 21
8850 21
8851 21
8852 22
8853 20
8854 21
8855 21
8856 21
8857 21
8858 21
8859 21
8860 21
8861 21
8862 21
8863 21
8864 20
8865 21
8866 21
8867 21
8868 22
8869 21
8870 21
8871 21
8872 21
8873 21
8874 21
8875 21
8876 22
8877 21
8878 21
8879 21
8880 21
8881 21
8882 21
8883 21
8884 21
8885 22
8886 20
8887 21
8888 21
8889 21
8890 21
8891 21
8892 21
8893 21
8894 21
8895 20
8896 21
8897 22
8898 21
8899 21
8900 21
8901 22
8902 21
8903 21
8904 22
8905 21
8906 20
8907 21
8908 21
8909 21
8910 21
8911 21
8912 21
8913 21
8914 22
8915 21
8916 21
8917 21
8918 21
8919 21
8920 21
8921 21
8922 21
8923 21
8924 20
8925 21
8926 21
8927 21
8928 21
8929 21
8930 21
8931 20
8932 21
8933 20
8934 21
8935 21
8936 21
8937 21
8938 21
8939 21
8940 21
8941 21
8942 21
8943 21
8944 21
8945 21
8946 22
8947 21
8948 21
8949 21
8950 22
8951 20
8952 21
8953 21
8954 21
8955 21
8956 21
8957 21
8958 21
8959 21
8960 22
8961 21
8962 22
8963 21
8964 20
8965 21
8966 21
8967 21
8968 21
8969 21
8970 21
8971 21
8972 21
8973 21
8974 22
8975 22
8976 22
8977 21
8978 21
8979 21
8980 21
8981 21
8982 21
8983 22
8984 20
8985 21
8986 21
8987 22
8988 21
8989 20
8990 21
8991 21
8992 20
8993 21
8994 21
8995 21
8996 21
8997 21
8998 21
8999 21
9000 21
9001 21
9002 22
9003 22
9004 21
9005 21
9006 22
9007 21
9008 21
9009 21
9010 22
9011 21
9012 21
9013 21
9014 21
9015 21
9016 21
9017 21
9018 21
9019 21
9020 21
9021 21
9022 22
9023 21
9024 21
9025 21
9026 21
9027 21
9028 21
9029 22
9030 21
9031 21
9032 21
9033 22
9034 21
9035 21
9036 21
9037 21
9038 21
9039 21
9040 22
9041 22
9042 20
9043 21
9044 21
9045 21
9046 21
9047 22
9048 22
9049 21
9050 20
9051 21
9052 20
9053 22
9054 21
9055 21
9056 21
9057 21
9058 21
9059 22
9060 20
9061 22
9062 21
9063 21
9064 21
9065 21
9066 22
9067 22
9068 22
9069 20
9070 22
9071 21
9072 22
9073 22
9074 21
9075 21
9076 21
9077 21
9078 22
9079 22
9080 21
9081 21
9082 22
9083 21
9084 21
9085 21
9086 21
9087 21
9088 20
9089 21
9090 21
9091 21
9092 21
9093 20
9094 21
9095 21
9096 21
9097 21
9098 21
9099 22
9100 20
9101 22
9102 21
9103 21
9104 21
9105 21
9106 21
9107 21
9108 22
9109 21
9110 21
9111 21
9112 21
9113 21
9114 21
9115 21
9116 21
9117 22
9118 20
9119 22
9120 21
9121 21
9122 21
9123 20
9124 21
9125 22
9126 21
9127 21
9128 21
9129 21
9130 21
9131 21
9132 21
9133 21
9134 21
9135 22
9136 20
9137 20
9138 21
9139 21
9140 21
9141 21
9142 21
9143 21
9144 21
9145 22
9146 22
9147 21
9148 21
9149 22
9150 21
9151 22
9152 21
9153 21
9154 21
9155 20
9156 21
9157 22
9158 21
9159 21
9160 22
9161 21
9162 21
9163 20
9164 21
9165 21
9166 21
9167 21
9168 21
9169 21
9170 21
9171 21
9172 21
9173 21
9174 21
9175 20
9176 21
9177 22
9178 21
9179 21
9180 21
9181 21
9182 21
9183 21
9184 21
9185 20
9186 21
9187 21
9188 21
9189 21
9190 21
9191 21
9192 21
9193 21
9194 22
9195 21
9196 20
9197 21
9198 21
9199 21
9200 21
9201 21
9202 21
9203 21
9204 21
9205 21
9206 20
9207 21
9208 21
9209 21
9210 21
9211 22
9212 21
9213 21
9214 21
9215 21
9216 21
9217 21
9218 21
9219 20
9220 21
9221 22
9222 22
9223 22
9224 21
9225 21
9226 21
9227 21
9228 22
9229 21
9230 20
9231 21
9232 21
9233 22
9234 21
9235 21
9236 21
9237 21
9238 21
9239 21
9240 21
9241 22
9242 21
9243 21
9244 21
9245 21
9246 22
9247 21
9248 21
9249 21
9250 21
9251 21
9252 21
9253 21
9254 21
9255 21
9256 21
9257 21
9258 21
9259 21
9260 21
9261 20
9262 21
9263 20
9264 21
9265 21
9266 21
9267 21
9268 21
9269 21
9270 21
9271 22
9272 22
9273 21
9274 22
9275 21
9276 21
9277 21
9278 21
9279 20
9280 21
9281 22
9282 22
9283 21
9284 21
9285 21
9286 22
9287 21
9288 21
9289 21
9290 21
9291 22
9292 21
9293 20
9294 21
9295 21
9296 20
9297 21
9298 21
9299 21
9300 21
9301 21
9302 21
9303 21
9304 20
9305 21
9306 21
9307 21
9308 20
9309 20
9310 21
9311 22
9312 21
9313 21
9314 21
9315 21
9316 21
9317 21
9318 21
9319 21
9320 20
9321 21
9322 21
9323 22
9324 21
9325 21
9326 22
9327 21
9328 21
9329 21
9330 21
9331 21
9332 21
9333 21
9334 21
9335 21
9336 21
9337 21
9338 21
9339 22
9340 21
9341 21
9342 21
9343 21
9344 21
9345 21
9346 21
9347 21
9348 21
9349 21
9350 21
9351 22
9352 21
9353 22
9354 20
9355 22
9356 21
9357 22
9358 21
9359 20
9360 21
9361 21
9362 21
9363 22
9364 21
9365 22
9366 21
9367 21
9368 21
9369 22
9370 21
9371 21
9372 21
9373 22
9374 21
9375 22
9376 21
9377 21
9378 22
9379 21
9380 22
9381 21
9382 21
9383 21
9384 21
9385 22
9386 21
9387 21
9388 21
9389 22
9390 21
9391 21
9392 21
9393 21
9394 21
9395 22
9396 21
9397 21
9398 21
9399 21
9400 22
9401 21
9402 20
9403 21
9404 21
9405 22
9406 22
9407 21
9408 21
9409 22
9410 22
9411 21
9412 21
9413 21
9414 20
9415 22
9416 22
9417 21
9418 20
9419 22
9420 21
9421 21
9422 21
9423 21
9424 20
9425 21
9426 21
9427 21
9428 21
9429 21
9430 21
9431 21
9432 21
9433 22
9434 21
9435 21
9436 20
9437 22
9438 22
9439 22
9440 21
9441 21
9442 21
9443 21
