Polymer_Index N_1
0 28
1 27
2 28
3 27
4 27
5 27
6 28
7 28
8 28
9 27
10 27
11 28
12 28
13 27
14 28
15 27
16 28
17 27
18 27
19 27
20 28
21 27
22 27
23 28
24 28
25 27
26 28
27 28
28 28
29 27
30 27
31 28
32 27
33 28
34 28
35 27
36 28
37 28
38 28
39 28
40 27
41 27
42 27
43 28
44 27
45 27
46 27
47 28
48 27
49 27
50 28
51 27
52 27
53 28
54 28
55 27
56 27
57 28
58 28
59 28
60 28
61 28
62 27
63 28
64 28
65 27
66 28
67 27
68 28
69 27
70 28
71 27
72 27
73 27
74 28
75 28
76 28
77 28
78 27
79 27
80 28
81 28
82 27
83 27
84 27
85 27
86 28
87 28
88 28
89 28
90 28
91 27
92 28
93 27
94 28
95 28
96 28
97 27
98 28
99 28
100 28
101 28
102 27
103 28
104 28
105 27
106 28
107 28
108 27
109 28
110 27
111 28
112 28
113 28
114 27
115 28
116 27
117 27
118 28
119 27
120 27
121 28
122 27
123 27
124 27
125 28
126 27
127 28
128 28
129 27
130 28
131 28
132 28
133 28
134 28
135 27
136 27
137 27
138 28
139 28
140 28
141 28
142 27
143 27
144 27
145 28
146 28
147 27
148 28
149 28
150 27
151 27
152 28
153 27
154 28
155 28
156 27
157 27
158 27
159 27
160 27
161 28
162 28
163 27
164 27
165 27
166 27
167 28
168 27
169 27
170 27
171 28
172 27
173 28
174 28
175 27
176 27
177 28
178 28
179 28
180 28
181 27
182 27
183 28
184 28
185 27
186 27
187 27
188 26
189 28
190 27
191 28
192 28
193 28
194 27
195 27
196 27
197 27
198 27
199 27
200 28
201 28
202 28
203 28
204 27
205 27
206 28
207 27
208 27
209 28
210 27
211 27
212 28
213 28
214 28
215 28
216 27
217 27
218 27
219 27
220 28
221 27
222 27
223 28
224 28
225 27
226 27
227 28
228 27
229 28
230 27
231 28
232 28
233 27
234 27
235 27
236 27
237 28
238 28
239 27
240 28
241 27
242 27
243 27
244 28
245 28
246 27
247 28
248 28
249 28
250 26
251 28
252 27
253 28
254 28
255 28
256 28
257 28
258 28
259 28
260 27
261 27
262 27
263 27
264 27
265 28
266 28
267 27
268 27
269 28
270 28
271 28
272 28
273 27
274 27
275 28
276 28
277 28
278 28
279 27
280 28
281 27
282 28
283 27
284 28
285 27
286 27
287 28
288 28
289 27
290 28
291 27
292 27
293 28
294 28
295 27
296 27
297 28
298 27
299 27
300 28
301 27
302 27
303 27
304 27
305 28
306 27
307 28
308 28
309 27
310 27
311 28
312 27
313 27
314 28
315 27
316 27
317 28
318 27
319 27
320 28
321 27
322 27
323 28
324 27
325 27
326 27
327 27
328 28
329 28
330 27
331 27
332 27
333 27
334 28
335 28
336 27
337 28
338 28
339 28
340 27
341 28
342 27
343 28
344 28
345 28
346 27
347 28
348 27
349 27
350 28
351 27
352 28
353 28
354 28
355 27
356 28
357 28
358 27
359 28
360 28
361 27
362 28
363 27
364 29
365 27
366 27
367 27
368 28
369 27
370 27
371 28
372 27
373 28
374 27
375 27
376 28
377 27
378 28
379 27
380 26
381 27
382 28
383 28
384 28
385 28
386 28
387 27
388 28
389 28
390 27
391 27
392 28
393 27
394 28
395 27
396 28
397 27
398 27
399 28
400 27
401 27
402 27
403 27
404 26
405 28
406 27
407 27
408 27
409 28
410 28
411 28
412 28
413 27
414 28
415 28
416 27
417 27
418 28
419 28
420 28
421 28
422 28
423 28
424 28
425 28
426 28
427 28
428 28
429 27
430 27
431 28
432 27
433 28
434 27
435 27
436 27
437 27
438 27
439 27
440 27
441 28
442 27
443 28
444 28
445 27
446 27
447 27
448 27
449 27
450 28
451 27
452 26
453 28
454 28
455 28
456 27
457 27
458 27
459 27
460 28
461 28
462 28
463 28
464 27
465 27
466 28
467 27
468 28
469 27
470 28
471 28
472 28
473 27
474 28
475 28
476 27
477 27
478 27
479 27
480 27
481 28
482 28
483 28
484 27
485 28
486 27
487 28
488 27
489 27
490 27
491 28
492 28
493 28
494 28
495 28
496 27
497 28
498 27
499 28
500 27
501 27
502 28
503 27
504 27
505 28
506 28
507 28
508 28
509 28
510 27
511 27
512 28
513 27
514 28
515 26
516 28
517 27
518 28
519 27
520 27
521 28
522 28
523 28
524 27
525 27
526 27
527 28
528 28
529 28
530 27
531 27
532 27
533 28
534 27
535 27
536 27
537 27
538 27
539 27
540 27
541 28
542 28
543 28
544 27
545 28
546 28
547 28
548 28
549 28
550 28
551 26
552 28
553 27
554 27
555 28
556 28
557 28
558 28
559 28
560 27
561 27
562 27
563 28
564 28
565 28
566 27
567 27
568 27
569 28
570 27
571 28
572 28
573 28
574 28
575 27
576 28
577 27
578 28
579 27
580 28
581 27
582 28
583 27
584 28
585 27
586 28
587 28
588 27
589 27
590 27
591 28
592 28
593 28
594 27
595 27
596 28
597 27
598 28
599 28
600 27
601 28
602 27
603 28
604 28
605 28
606 28
607 27
608 28
609 27
610 27
611 27
612 28
613 28
614 28
615 28
616 28
617 27
618 27
619 28
620 27
621 27
622 27
623 28
624 27
625 27
626 28
627 28
628 27
629 28
630 27
631 28
632 27
633 28
634 28
635 27
636 27
637 28
638 28
639 27
640 28
641 27
642 27
643 28
644 28
645 27
646 27
647 27
648 27
649 27
650 28
651 28
652 28
653 27
654 27
655 27
656 28
657 27
658 27
659 28
660 27
661 27
662 28
663 27
664 28
665 28
666 28
667 28
668 28
669 27
670 28
671 27
672 28
673 28
674 28
675 27
676 27
677 27
678 28
679 27
680 28
681 26
682 27
683 28
684 28
685 28
686 28
687 27
688 27
689 27
690 27
691 27
692 28
693 27
694 28
695 27
696 27
697 27
698 28
699 28
700 28
701 28
702 28
703 27
704 27
705 28
706 27
707 28
708 27
709 27
710 27
711 27
712 27
713 28
714 27
715 26
716 28
717 27
718 28
719 27
720 28
721 27
722 28
723 27
724 28
725 27
726 27
727 27
728 27
729 28
730 27
731 28
732 27
733 28
734 27
735 28
736 27
737 27
738 28
739 28
740 27
741 26
742 28
743 27
744 27
745 27
746 28
747 28
748 28
749 27
750 28
751 28
752 28
753 27
754 28
755 28
756 28
757 27
758 27
759 28
760 28
761 28
762 27
763 27
764 27
765 27
766 28
767 27
768 28
769 27
770 27
771 27
772 28
773 28
774 28
775 27
776 27
777 27
778 27
779 28
780 27
781 28
782 27
783 28
784 28
785 28
786 28
787 28
788 27
789 28
790 27
791 27
792 26
793 27
794 27
795 27
796 28
797 28
798 27
799 28
800 28
801 28
802 27
803 27
804 28
805 27
806 28
807 28
808 28
809 28
810 27
811 28
812 28
813 28
814 27
815 27
816 28
817 28
818 27
819 27
820 28
821 28
822 27
823 28
824 28
825 27
826 28
827 28
828 28
829 28
830 27
831 28
832 28
833 27
834 27
835 28
836 27
837 27
838 28
839 28
840 28
841 28
842 28
843 28
844 27
845 27
846 28
847 28
848 28
849 27
850 27
851 28
852 28
853 27
854 27
855 27
856 28
857 28
858 27
859 28
860 28
861 28
862 27
863 27
864 28
865 27
866 28
867 27
868 28
869 28
870 27
871 28
872 27
873 28
874 27
875 28
876 28
877 28
878 27
879 27
880 28
881 28
882 28
883 27
884 27
885 27
886 27
887 28
888 27
889 28
890 27
891 28
892 28
893 27
894 27
895 28
896 27
897 28
898 28
899 28
900 27
901 28
902 27
903 27
904 27
905 27
906 28
907 28
908 28
909 28
910 27
911 27
912 27
913 28
914 27
915 27
916 27
917 28
918 28
919 28
920 28
921 27
922 27
923 27
924 28
925 28
926 28
927 27
928 27
929 27
930 27
931 27
932 27
933 27
934 28
935 26
936 27
937 28
938 28
939 28
940 28
941 28
942 28
943 28
944 27
945 27
946 27
947 27
948 28
949 27
950 27
951 27
952 28
953 28
954 27
955 27
956 27
957 28
958 28
959 28
960 28
961 27
962 28
963 28
964 28
965 27
966 28
967 27
968 28
969 28
970 28
971 28
972 27
973 27
974 28
975 27
976 28
977 28
978 28
979 28
980 27
981 27
982 27
983 27
984 28
985 27
986 27
987 26
988 28
989 27
990 28
991 27
992 28
993 27
994 27
995 27
996 28
997 28
998 27
999 28
1000 27
1001 27
1002 28
1003 27
1004 28
1005 28
1006 28
1007 27
1008 27
1009 27
1010 28
1011 28
1012 28
1013 28
1014 28
1015 28
1016 26
1017 28
1018 27
1019 27
1020 28
1021 28
1022 28
1023 28
1024 27
1025 28
1026 28
1027 28
1028 27
1029 28
1030 28
1031 26
1032 28
1033 28
1034 28
1035 28
1036 27
1037 28
1038 28
1039 27
1040 28
1041 27
1042 27
1043 28
1044 28
1045 27
1046 28
1047 28
1048 28
1049 28
1050 28
1051 28
1052 27
1053 27
1054 28
1055 28
1056 27
1057 28
1058 28
1059 28
1060 28
1061 27
1062 27
1063 28
1064 27
1065 27
1066 28
1067 27
1068 27
1069 28
1070 27
1071 28
1072 27
1073 27
1074 28
1075 27
1076 28
1077 28
1078 27
1079 27
1080 28
1081 27
1082 27
1083 27
1084 28
1085 27
1086 27
1087 28
1088 27
1089 28
1090 28
1091 28
1092 26
1093 27
1094 28
1095 28
1096 27
1097 28
1098 28
1099 28
1100 28
1101 27
1102 28
1103 27
1104 27
1105 28
1106 28
1107 27
1108 28
1109 28
1110 28
1111 28
1112 28
1113 28
1114 27
1115 27
1116 28
1117 27
1118 28
1119 28
1120 28
1121 28
1122 27
1123 28
1124 28
1125 28
1126 27
1127 27
1128 27
1129 28
1130 28
1131 27
1132 28
1133 27
1134 28
1135 28
1136 28
1137 28
1138 28
1139 27
1140 28
1141 28
1142 27
1143 28
1144 28
1145 28
1146 27
1147 28
1148 27
1149 28
1150 27
1151 27
1152 27
1153 27
1154 28
1155 27
1156 27
1157 27
1158 27
1159 26
1160 28
1161 28
1162 28
1163 28
1164 28
1165 27
1166 27
1167 27
1168 27
1169 28
1170 28
1171 27
1172 28
1173 28
1174 27
1175 28
1176 27
1177 27
1178 28
1179 28
1180 28
1181 28
1182 28
1183 27
1184 28
1185 27
1186 28
1187 27
1188 28
1189 27
1190 28
1191 28
1192 28
1193 27
1194 27
1195 28
1196 28
1197 28
1198 27
1199 28
1200 28
1201 28
1202 27
1203 27
1204 28
1205 28
1206 27
1207 28
1208 27
1209 27
1210 28
1211 28
1212 28
1213 27
1214 28
1215 28
1216 28
1217 28
1218 28
1219 28
1220 27
1221 28
1222 28
1223 27
1224 27
1225 28
1226 28
1227 26
1228 28
1229 28
1230 28
1231 28
1232 27
1233 28
1234 28
1235 28
1236 27
1237 28
1238 28
1239 28
1240 27
1241 28
1242 27
1243 28
1244 28
1245 27
1246 27
1247 28
1248 28
1249 28
1250 27
1251 27
1252 28
1253 27
1254 27
1255 28
1256 27
1257 27
1258 27
1259 27
1260 28
1261 27
1262 28
1263 28
1264 28
1265 28
1266 28
1267 27
1268 27
1269 28
1270 28
1271 28
1272 28
1273 27
1274 27
1275 28
1276 28
1277 28
1278 28
1279 28
1280 27
1281 27
1282 28
1283 27
1284 28
1285 28
1286 28
1287 28
1288 28
1289 27
1290 27
1291 28
1292 28
1293 28
1294 27
1295 28
1296 27
1297 28
1298 28
1299 28
1300 28
1301 27
1302 27
1303 27
1304 26
1305 27
1306 27
1307 28
1308 28
1309 28
1310 28
1311 28
1312 28
1313 27
1314 28
1315 27
1316 28
1317 27
1318 27
1319 27
1320 28
1321 27
1322 28
1323 27
1324 28
1325 27
1326 27
1327 28
1328 28
1329 28
1330 27
1331 28
1332 28
1333 27
1334 26
1335 27
1336 27
1337 27
1338 27
1339 28
1340 28
1341 28
1342 28
1343 28
1344 27
1345 28
1346 28
1347 27
1348 28
1349 28
1350 27
1351 28
1352 28
1353 28
1354 28
1355 28
1356 28
1357 28
1358 28
1359 27
1360 27
1361 27
1362 28
1363 27
1364 28
1365 27
1366 28
1367 27
1368 27
1369 27
1370 27
1371 28
1372 27
1373 28
1374 28
1375 27
1376 28
1377 27
1378 28
1379 27
1380 28
1381 28
1382 28
1383 28
1384 27
1385 27
1386 27
1387 28
1388 28
1389 28
1390 28
1391 27
1392 28
1393 28
1394 28
1395 28
1396 28
1397 28
1398 27
1399 27
1400 28
1401 28
1402 28
1403 27
1404 27
1405 27
1406 27
1407 28
1408 27
1409 27
1410 28
1411 27
1412 28
1413 27
1414 28
1415 26
1416 28
1417 27
1418 28
1419 27
1420 28
1421 28
1422 27
1423 27
1424 28
1425 27
1426 27
1427 27
1428 28
1429 27
1430 28
1431 28
1432 27
1433 27
1434 27
1435 27
1436 27
1437 28
1438 27
1439 28
1440 28
1441 28
1442 28
1443 28
1444 27
1445 27
1446 28
1447 28
1448 28
1449 27
1450 27
1451 27
1452 28
1453 27
1454 28
1455 27
1456 28
1457 27
1458 27
1459 28
1460 28
1461 27
1462 28
1463 28
1464 27
1465 28
1466 27
1467 28
1468 28
1469 27
1470 28
1471 28
1472 27
1473 28
1474 27
1475 27
1476 27
1477 28
1478 28
1479 28
1480 28
1481 27
1482 28
1483 27
1484 28
1485 28
1486 28
1487 27
1488 28
1489 27
1490 28
1491 27
1492 28
1493 28
1494 27
1495 27
1496 28
1497 27
1498 27
1499 28
1500 28
1501 27
1502 27
1503 28
1504 27
1505 27
1506 28
1507 27
1508 28
1509 28
1510 28
1511 27
1512 28
1513 27
1514 27
1515 27
1516 28
1517 27
1518 28
1519 28
1520 27
1521 28
1522 27
1523 27
1524 28
1525 28
1526 28
1527 28
1528 28
1529 27
1530 27
1531 28
1532 28
1533 27
1534 27
1535 27
1536 28
1537 28
1538 27
1539 27
1540 27
1541 27
1542 28
1543 27
1544 27
1545 28
1546 27
1547 28
1548 28
1549 27
1550 27
1551 27
1552 26
1553 27
1554 27
1555 27
1556 28
1557 27
1558 27
1559 28
1560 27
1561 28
1562 27
1563 28
1564 28
1565 27
1566 27
1567 28
1568 27
1569 28
1570 26
1571 28
1572 27
1573 27
1574 27
1575 27
1576 27
1577 28
1578 27
1579 28
1580 28
1581 27
1582 28
1583 28
1584 28
1585 28
1586 28
1587 27
1588 27
1589 27
1590 28
1591 28
1592 28
1593 28
1594 27
1595 28
1596 28
1597 28
1598 28
1599 28
1600 26
1601 28
1602 28
1603 27
1604 28
1605 28
1606 27
1607 27
1608 27
1609 28
1610 27
1611 27
1612 27
1613 28
1614 27
1615 28
1616 28
1617 28
1618 27
1619 27
1620 27
1621 28
1622 28
1623 28
1624 28
1625 28
1626 28
1627 27
1628 27
1629 27
1630 27
1631 27
1632 28
1633 27
1634 28
1635 27
1636 28
1637 28
1638 28
1639 27
1640 27
1641 27
1642 28
1643 27
1644 27
1645 27
1646 28
1647 27
1648 28
1649 27
1650 28
1651 27
1652 28
1653 27
1654 28
1655 28
1656 27
1657 28
1658 28
1659 28
1660 27
1661 27
1662 28
1663 28
1664 28
1665 27
1666 27
1667 28
1668 27
1669 28
1670 28
1671 28
1672 28
1673 27
1674 28
1675 28
1676 28
1677 28
1678 28
1679 28
1680 28
1681 27
1682 28
1683 27
1684 28
1685 28
1686 27
1687 28
1688 27
1689 27
1690 27
1691 28
1692 28
1693 28
1694 28
1695 28
1696 27
1697 28
1698 27
1699 28
1700 28
1701 28
1702 27
1703 28
1704 27
1705 28
1706 28
1707 28
1708 27
1709 27
1710 27
1711 28
1712 27
1713 28
1714 28
1715 27
1716 28
1717 27
1718 27
1719 27
1720 27
1721 27
1722 27
1723 27
1724 28
1725 28
1726 26
1727 28
1728 27
1729 28
1730 28
1731 27
1732 28
1733 27
1734 28
1735 28
1736 27
1737 28
1738 28
1739 27
1740 27
1741 28
1742 28
1743 27
1744 27
1745 28
1746 27
1747 28
1748 28
1749 28
1750 27
1751 28
1752 27
1753 27
1754 28
1755 28
1756 28
1757 28
1758 28
1759 28
1760 28
1761 27
1762 28
1763 28
1764 27
1765 27
1766 27
1767 28
1768 28
1769 27
1770 28
1771 27
1772 28
1773 27
1774 27
1775 28
1776 28
1777 28
1778 27
1779 28
1780 28
1781 27
1782 28
1783 28
1784 28
1785 28
1786 27
1787 28
1788 27
1789 28
1790 27
1791 28
1792 28
1793 27
1794 27
1795 27
1796 27
1797 28
1798 28
1799 27
1800 28
1801 27
1802 28
1803 28
1804 27
1805 28
1806 28
1807 27
1808 27
1809 28
1810 28
1811 27
1812 28
1813 27
1814 28
1815 28
1816 28
1817 27
1818 28
1819 28
1820 27
1821 27
1822 28
1823 27
1824 28
1825 28
1826 28
1827 27
1828 28
1829 28
1830 28
1831 28
1832 28
1833 28
1834 27
1835 28
1836 27
1837 28
1838 28
1839 27
1840 27
1841 27
1842 28
1843 27
1844 28
1845 27
1846 27
1847 27
1848 27
1849 27
1850 27
1851 28
1852 28
1853 27
1854 27
1855 28
1856 27
1857 28
1858 28
1859 27
1860 27
1861 27
1862 28
1863 28
1864 28
1865 28
1866 28
1867 27
1868 29
1869 27
1870 28
1871 28
1872 28
1873 27
1874 28
1875 27
1876 28
1877 28
1878 28
1879 28
1880 27
1881 28
1882 27
1883 27
1884 28
1885 28
1886 27
1887 28
1888 28
1889 28
1890 27
1891 28
1892 27
1893 28
1894 27
1895 27
1896 27
1897 28
1898 28
1899 28
1900 28
1901 28
1902 28
1903 28
1904 27
1905 28
1906 28
1907 27
1908 27
1909 28
1910 28
1911 27
1912 27
1913 27
1914 27
1915 27
1916 28
1917 28
1918 27
1919 28
1920 27
1921 28
1922 28
1923 28
1924 27
1925 27
1926 28
1927 28
1928 27
1929 28
1930 27
1931 28
1932 27
1933 27
1934 27
1935 28
1936 27
1937 28
1938 27
1939 27
1940 27
1941 27
1942 28
1943 28
1944 27
1945 28
1946 27
1947 27
1948 28
1949 28
1950 27
1951 27
1952 27
1953 27
1954 27
1955 28
1956 27
1957 27
1958 28
1959 28
1960 27
1961 27
1962 28
1963 28
1964 27
1965 28
1966 28
1967 28
1968 27
1969 28
1970 28
1971 28
1972 27
1973 27
1974 28
1975 27
1976 28
1977 26
1978 27
1979 28
1980 27
1981 27
1982 27
1983 28
1984 28
1985 27
1986 27
1987 28
1988 28
1989 28
1990 27
1991 28
1992 28
1993 27
1994 28
1995 27
1996 27
1997 27
1998 27
1999 28
2000 28
2001 27
2002 27
2003 28
2004 28
2005 28
2006 27
2007 27
2008 27
2009 27
2010 28
2011 27
2012 27
2013 28
2014 28
2015 27
2016 27
2017 27
2018 28
2019 28
2020 28
2021 28
2022 27
2023 27
2024 27
2025 27
2026 27
2027 29
2028 28
2029 27
2030 28
2031 28
2032 28
2033 27
2034 27
2035 27
2036 27
2037 27
2038 28
2039 27
2040 27
2041 27
2042 28
2043 27
2044 28
2045 28
2046 28
2047 28
2048 27
2049 28
2050 28
2051 27
2052 27
2053 26
2054 28
2055 27
2056 28
2057 28
2058 27
2059 28
2060 27
2061 28
2062 28
2063 27
2064 27
2065 27
2066 28
2067 28
2068 28
2069 28
2070 28
2071 28
2072 28
2073 28
2074 27
2075 28
2076 28
2077 27
2078 28
2079 27
2080 28
2081 28
2082 26
2083 27
2084 27
2085 27
2086 28
2087 28
2088 27
2089 27
2090 27
2091 28
2092 27
2093 27
2094 27
2095 28
2096 28
2097 27
2098 28
2099 27
2100 27
2101 27
2102 27
2103 28
2104 28
2105 28
2106 27
2107 27
2108 28
2109 28
2110 28
2111 28
2112 28
2113 27
2114 27
2115 28
2116 28
2117 28
2118 28
2119 28
2120 28
2121 28
2122 27
2123 27
2124 28
2125 28
2126 27
2127 27
2128 28
2129 28
2130 28
2131 28
2132 28
2133 27
2134 27
2135 28
2136 27
2137 28
2138 27
2139 27
2140 28
2141 27
2142 28
2143 28
2144 28
2145 27
2146 28
2147 28
2148 28
2149 27
2150 27
2151 28
2152 27
2153 27
2154 28
2155 28
2156 28
2157 27
2158 28
2159 27
2160 27
2161 27
2162 28
2163 27
2164 28
2165 27
2166 27
2167 28
2168 28
2169 28
2170 27
2171 28
2172 28
2173 28
2174 28
2175 28
2176 28
2177 27
2178 28
2179 28
2180 28
2181 27
2182 28
2183 27
2184 27
2185 27
2186 28
2187 28
2188 27
2189 27
2190 28
2191 27
2192 28
2193 28
2194 27
2195 28
2196 27
2197 28
2198 27
2199 27
2200 28
2201 28
2202 28
2203 28
2204 28
2205 27
2206 28
2207 27
2208 28
2209 28
2210 27
2211 28
2212 28
2213 27
2214 27
2215 27
2216 28
2217 27
2218 27
2219 28
2220 28
2221 28
2222 27
2223 28
2224 28
2225 28
2226 28
2227 27
2228 27
2229 28
2230 28
2231 27
2232 28
2233 28
2234 28
2235 28
2236 27
2237 28
2238 27
2239 27
2240 28
2241 27
2242 28
2243 28
2244 27
2245 27
2246 26
2247 27
2248 28
2249 27
2250 28
2251 28
2252 28
2253 27
2254 27
2255 27
2256 28
2257 27
2258 27
2259 27
2260 28
2261 28
2262 28
2263 27
2264 27
2265 28
2266 28
2267 28
2268 28
2269 27
2270 27
2271 27
2272 27
2273 27
2274 28
2275 28
2276 28
2277 27
2278 28
2279 28
2280 28
2281 28
2282 27
2283 27
2284 27
2285 27
2286 27
2287 28
2288 27
2289 27
2290 27
2291 27
2292 27
2293 27
2294 28
2295 28
2296 28
2297 27
2298 27
2299 27
2300 28
2301 28
2302 27
2303 28
2304 27
2305 28
2306 28
2307 28
2308 27
2309 28
2310 27
2311 28
2312 28
2313 27
2314 28
2315 28
2316 28
2317 28
2318 28
2319 28
2320 28
2321 28
2322 28
2323 28
2324 28
2325 28
2326 27
2327 27
2328 28
2329 28
2330 28
2331 28
2332 28
2333 27
2334 27
2335 27
2336 27
2337 28
2338 28
2339 27
2340 28
2341 28
2342 28
2343 27
2344 28
2345 27
2346 27
2347 27
2348 28
2349 28
2350 28
2351 27
2352 27
2353 28
2354 28
2355 27
2356 27
2357 26
2358 28
2359 28
2360 28
2361 28
2362 27
2363 27
2364 27
2365 28
2366 28
2367 28
2368 28
2369 27
2370 27
2371 28
2372 28
2373 28
2374 27
2375 27
2376 27
2377 28
2378 27
2379 28
2380 27
2381 28
2382 27
2383 27
2384 28
2385 28
2386 28
2387 28
2388 28
2389 28
2390 28
2391 28
2392 28
2393 28
2394 26
2395 27
2396 27
2397 27
2398 27
2399 27
2400 28
2401 27
2402 28
2403 28
2404 28
2405 28
2406 28
2407 28
2408 28
2409 27
2410 27
2411 28
2412 27
2413 28
2414 27
2415 27
2416 27
2417 28
2418 28
2419 28
2420 27
2421 28
2422 28
2423 27
2424 28
2425 28
2426 27
2427 27
2428 28
2429 28
2430 27
2431 27
2432 28
2433 27
2434 27
2435 27
2436 28
2437 28
2438 28
2439 28
2440 27
2441 28
2442 28
2443 27
2444 28
2445 27
2446 27
2447 27
2448 28
2449 28
2450 27
2451 28
2452 27
2453 28
2454 27
2455 27
2456 28
2457 28
2458 28
2459 28
2460 28
2461 28
2462 28
2463 28
2464 28
2465 28
2466 28
2467 28
2468 27
2469 27
2470 28
2471 28
2472 28
2473 27
2474 27
2475 27
2476 27
2477 27
2478 28
2479 28
2480 28
2481 26
2482 28
2483 28
2484 28
2485 27
2486 28
2487 27
2488 28
2489 27
2490 28
2491 28
2492 27
2493 27
2494 27
2495 27
2496 28
2497 28
2498 27
2499 27
2500 28
2501 27
2502 27
2503 27
2504 27
2505 27
2506 28
2507 28
2508 27
2509 27
2510 27
2511 26
2512 27
2513 27
2514 27
2515 28
2516 27
2517 27
2518 28
2519 28
2520 27
2521 28
2522 28
2523 28
2524 28
2525 28
2526 28
2527 27
2528 28
2529 27
2530 27
2531 28
2532 27
2533 28
2534 28
2535 27
2536 28
2537 28
2538 27
2539 28
2540 28
2541 28
2542 27
2543 28
2544 28
2545 27
2546 28
2547 28
2548 28
2549 27
2550 27
2551 27
2552 28
2553 27
2554 28
2555 27
2556 28
2557 28
2558 27
2559 27
2560 27
2561 27
2562 28
2563 28
2564 28
2565 27
2566 28
2567 27
2568 27
2569 27
2570 27
2571 28
2572 28
2573 27
2574 28
2575 28
2576 27
2577 28
2578 27
2579 27
2580 27
2581 28
2582 27
2583 27
2584 28
2585 28
2586 27
2587 27
2588 28
2589 27
2590 27
2591 28
2592 27
2593 27
2594 28
2595 28
2596 27
2597 27
2598 28
2599 28
2600 28
2601 28
2602 27
2603 27
2604 27
2605 27
2606 27
2607 28
2608 28
2609 28
2610 28
2611 28
2612 27
2613 28
2614 27
2615 28
2616 28
2617 28
2618 28
2619 27
2620 28
2621 26
2622 27
2623 27
2624 27
2625 27
2626 28
2627 28
2628 27
2629 26
2630 28
2631 26
2632 28
2633 28
2634 28
2635 27
2636 28
2637 28
2638 28
2639 27
2640 27
2641 27
2642 28
2643 28
2644 27
2645 27
2646 27
2647 27
2648 27
2649 27
2650 28
2651 28
2652 27
2653 27
2654 28
2655 27
2656 27
2657 28
2658 27
2659 27
2660 27
2661 28
2662 28
2663 27
2664 28
2665 27
2666 28
2667 28
2668 27
2669 28
2670 27
2671 27
2672 28
2673 27
2674 28
2675 27
2676 28
2677 27
2678 28
2679 27
2680 28
2681 28
2682 27
2683 27
2684 28
2685 27
2686 27
2687 27
2688 27
2689 27
2690 28
2691 28
2692 27
2693 28
2694 28
2695 27
2696 28
2697 28
2698 27
2699 27
2700 27
2701 28
2702 28
2703 28
2704 28
2705 27
2706 28
2707 28
2708 27
2709 27
2710 27
2711 26
2712 27
2713 27
2714 27
2715 28
2716 27
2717 28
2718 26
2719 28
2720 27
2721 27
2722 27
2723 27
2724 28
2725 28
2726 28
2727 26
2728 28
2729 27
2730 27
2731 28
2732 27
2733 27
2734 27
2735 27
2736 28
2737 28
2738 28
2739 27
2740 28
2741 28
2742 28
2743 28
2744 28
2745 28
2746 28
2747 28
2748 28
2749 28
2750 28
2751 27
2752 28
2753 28
2754 28
2755 27
2756 28
2757 27
2758 28
2759 27
2760 28
2761 28
2762 28
2763 28
2764 27
2765 27
2766 28
2767 28
2768 27
2769 28
2770 27
2771 28
2772 28
2773 28
2774 27
2775 27
2776 27
2777 27
2778 28
2779 28
2780 27
2781 28
2782 28
2783 28
2784 27
2785 28
2786 28
2787 27
2788 28
2789 27
2790 28
2791 28
2792 28
2793 28
2794 28
2795 28
2796 28
2797 27
2798 27
2799 28
2800 27
2801 28
2802 27
2803 27
2804 28
2805 27
2806 27
2807 26
2808 27
2809 28
2810 28
2811 27
2812 27
2813 28
2814 27
2815 27
2816 28
2817 28
2818 28
2819 27
2820 27
2821 27
2822 27
2823 27
2824 27
2825 28
2826 28
2827 27
2828 27
2829 27
2830 28
2831 27
2832 28
2833 27
2834 27
2835 27
2836 27
2837 27
2838 27
2839 28
2840 28
2841 28
2842 28
2843 28
2844 28
2845 28
2846 27
2847 27
2848 27
2849 27
2850 28
2851 28
2852 28
2853 28
2854 28
2855 28
2856 28
2857 27
2858 28
2859 28
2860 28
2861 28
2862 28
2863 27
2864 28
2865 28
2866 28
2867 28
2868 28
2869 27
2870 27
2871 27
2872 27
2873 28
2874 28
2875 27
2876 28
2877 27
2878 27
2879 27
2880 27
2881 28
2882 28
2883 27
2884 28
2885 27
2886 27
2887 27
2888 27
2889 28
2890 27
2891 27
2892 28
2893 27
2894 28
2895 28
2896 28
2897 27
2898 27
2899 28
2900 27
2901 28
2902 28
2903 27
2904 27
2905 28
2906 27
2907 27
2908 27
2909 28
2910 28
2911 27
2912 27
2913 27
2914 28
2915 27
2916 28
2917 27
2918 27
2919 27
2920 27
2921 27
2922 28
2923 28
2924 26
2925 27
2926 27
2927 27
2928 28
2929 27
2930 28
2931 28
2932 28
2933 27
2934 28
2935 27
2936 28
2937 28
2938 28
2939 27
2940 28
2941 28
2942 27
2943 28
2944 27
2945 27
2946 27
2947 27
2948 27
2949 27
2950 27
2951 27
2952 27
2953 27
2954 28
2955 27
2956 27
2957 28
2958 27
2959 28
2960 27
2961 27
2962 27
2963 28
2964 28
2965 28
2966 28
2967 27
2968 28
2969 27
2970 27
2971 27
2972 27
2973 27
2974 27
2975 27
2976 27
2977 27
2978 28
2979 28
2980 27
2981 27
2982 28
2983 27
2984 28
2985 27
2986 27
2987 27
2988 28
2989 26
2990 28
2991 28
2992 28
2993 27
2994 28
2995 28
2996 28
2997 27
2998 27
2999 28
3000 28
3001 28
3002 28
3003 28
3004 27
3005 28
3006 28
3007 26
3008 27
3009 27
3010 28
3011 28
3012 28
3013 27
3014 27
3015 28
3016 27
3017 28
3018 28
3019 27
3020 27
3021 27
3022 27
3023 28
3024 28
3025 27
3026 27
3027 27
3028 28
3029 27
3030 28
3031 28
3032 27
3033 28
3034 28
3035 27
3036 27
3037 27
3038 28
3039 28
3040 28
3041 27
3042 28
3043 27
3044 27
3045 27
3046 27
3047 28
3048 28
3049 27
3050 28
3051 27
3052 28
3053 27
3054 27
3055 28
3056 28
3057 27
3058 28
3059 27
3060 28
3061 27
3062 28
3063 28
3064 28
3065 28
3066 27
3067 27
3068 27
3069 28
3070 27
3071 27
3072 27
3073 28
3074 27
3075 28
3076 28
3077 28
3078 26
3079 27
3080 28
3081 28
3082 28
3083 28
3084 28
3085 27
3086 28
3087 28
3088 27
3089 28
3090 28
3091 28
3092 27
3093 27
3094 28
3095 27
3096 28
3097 27
3098 27
3099 28
3100 28
3101 28
3102 28
3103 28
3104 27
3105 27
3106 28
3107 27
3108 27
3109 28
3110 27
3111 27
3112 27
3113 28
3114 27
3115 27
3116 28
3117 27
3118 27
3119 27
3120 27
3121 28
3122 28
3123 28
3124 28
3125 28
3126 27
3127 27
3128 28
3129 27
3130 28
3131 27
3132 28
3133 27
3134 28
3135 27
3136 26
3137 28
3138 28
3139 28
3140 28
3141 28
3142 27
3143 27
3144 27
3145 28
3146 26
3147 28
3148 28
3149 27
3150 27
3151 28
3152 28
3153 27
3154 27
3155 27
3156 26
3157 28
3158 27
3159 28
3160 27
3161 28
3162 27
3163 27
3164 28
3165 27
3166 28
3167 27
3168 28
3169 27
3170 28
3171 28
3172 27
3173 28
3174 28
3175 27
3176 27
3177 28
3178 27
3179 28
3180 28
3181 29
3182 28
3183 27
3184 28
3185 28
3186 28
3187 28
3188 28
3189 28
3190 27
3191 28
3192 28
3193 28
3194 28
3195 27
3196 27
3197 28
3198 27
3199 28
3200 27
3201 27
3202 27
3203 26
3204 27
3205 28
3206 28
3207 27
3208 27
3209 28
3210 28
3211 28
3212 28
3213 28
3214 27
3215 26
3216 27
3217 28
3218 28
3219 27
3220 27
3221 27
3222 27
3223 28
3224 27
3225 28
3226 27
3227 28
3228 28
3229 28
3230 27
3231 26
3232 27
3233 27
3234 28
3235 27
3236 28
3237 28
3238 28
3239 27
3240 28
3241 28
3242 28
3243 27
3244 27
3245 28
3246 27
3247 27
3248 27
3249 28
3250 27
3251 27
3252 28
3253 27
3254 28
3255 27
3256 27
3257 27
3258 28
3259 28
3260 27
3261 27
3262 27
3263 27
3264 28
3265 27
3266 28
3267 27
3268 28
3269 28
3270 27
3271 28
3272 28
3273 27
3274 28
3275 27
3276 28
3277 28
3278 27
3279 27
3280 27
3281 27
3282 28
3283 28
3284 27
3285 27
3286 28
3287 28
3288 27
3289 27
3290 28
3291 28
3292 27
3293 27
3294 28
3295 28
3296 27
3297 28
3298 27
3299 27
3300 28
3301 28
3302 27
3303 27
3304 27
3305 28
3306 28
3307 28
3308 27
3309 28
3310 28
3311 28
3312 27
3313 28
3314 27
3315 27
3316 27
3317 27
3318 28
3319 28
3320 27
3321 27
3322 28
3323 27
3324 27
3325 28
3326 28
3327 28
3328 28
3329 27
3330 28
3331 27
3332 28
3333 28
3334 27
3335 27
3336 27
3337 28
3338 28
3339 28
3340 28
3341 26
3342 28
3343 28
3344 28
3345 28
3346 28
3347 27
3348 28
3349 28
3350 28
3351 28
3352 27
3353 27
3354 28
3355 27
3356 27
3357 27
3358 27
3359 28
3360 27
3361 28
3362 28
3363 28
3364 28
3365 28
3366 27
3367 27
3368 28
3369 28
3370 27
3371 28
3372 27
3373 28
3374 28
3375 27
3376 27
3377 27
3378 28
3379 27
3380 28
3381 28
3382 27
3383 27
3384 28
3385 27
3386 28
3387 28
3388 28
3389 27
3390 27
3391 28
3392 27
3393 27
3394 28
3395 28
3396 28
3397 27
3398 27
3399 27
3400 28
3401 28
3402 27
3403 27
3404 28
3405 27
3406 28
3407 28
3408 27
3409 27
3410 26
3411 27
3412 27
3413 28
3414 27
3415 27
3416 27
3417 27
3418 27
3419 28
3420 28
3421 28
3422 28
3423 28
3424 27
3425 28
3426 28
3427 28
3428 28
3429 27
3430 27
3431 28
3432 28
3433 27
3434 28
3435 28
3436 27
3437 28
3438 28
3439 27
3440 28
3441 28
3442 27
3443 28
3444 28
3445 27
3446 26
3447 27
3448 28
3449 27
3450 28
3451 27
3452 28
3453 28
3454 28
3455 27
3456 28
3457 27
3458 27
3459 28
3460 28
3461 27
3462 28
3463 28
3464 27
3465 28
3466 27
3467 28
3468 27
3469 28
3470 28
3471 28
3472 28
3473 27
3474 27
3475 27
3476 28
3477 27
3478 27
3479 28
3480 28
3481 27
3482 28
3483 27
3484 28
3485 28
3486 27
3487 27
3488 28
3489 28
3490 27
3491 28
3492 27
3493 28
3494 27
3495 27
3496 28
3497 28
3498 28
3499 27
3500 27
3501 28
3502 28
3503 27
3504 27
3505 27
3506 28
3507 28
3508 27
3509 28
3510 27
3511 27
3512 28
3513 27
3514 27
3515 27
3516 27
3517 27
3518 28
3519 28
3520 27
3521 28
3522 28
3523 28
3524 27
3525 27
3526 28
3527 27
3528 28
3529 27
3530 28
3531 27
3532 28
3533 27
3534 27
3535 27
3536 27
3537 28
3538 27
3539 27
3540 28
3541 28
3542 27
3543 28
3544 27
3545 28
3546 28
3547 27
3548 28
3549 27
3550 28
3551 27
3552 28
3553 28
3554 27
3555 27
3556 28
3557 27
3558 26
3559 27
3560 28
3561 28
3562 28
3563 28
3564 28
3565 28
3566 28
3567 27
3568 27
3569 28
3570 27
3571 27
3572 27
3573 27
3574 27
3575 27
3576 28
3577 26
3578 27
3579 28
3580 28
3581 27
3582 28
3583 28
3584 28
3585 28
3586 28
3587 27
3588 28
3589 27
3590 28
3591 27
3592 28
3593 27
3594 27
3595 28
3596 28
3597 27
3598 28
3599 28
3600 28
3601 28
3602 28
3603 28
3604 28
3605 28
3606 28
3607 27
3608 26
3609 28
3610 28
3611 28
3612 28
3613 27
3614 27
3615 27
3616 28
3617 28
3618 28
3619 28
3620 28
3621 27
3622 27
3623 28
3624 27
3625 27
3626 27
3627 28
3628 28
3629 28
3630 28
3631 28
3632 28
3633 27
3634 28
3635 28
3636 27
3637 27
3638 28
3639 28
3640 27
3641 28
3642 27
3643 28
3644 27
3645 27
3646 27
3647 28
3648 28
3649 28
3650 27
3651 28
3652 28
3653 28
3654 28
3655 27
3656 27
3657 27
3658 27
3659 28
3660 28
3661 28
3662 28
3663 27
3664 28
3665 27
3666 28
3667 27
3668 28
3669 27
3670 27
3671 27
3672 27
3673 27
3674 28
3675 27
3676 27
3677 28
3678 27
3679 27
3680 28
3681 28
3682 28
3683 28
3684 28
3685 27
3686 28
3687 28
3688 28
3689 28
3690 28
3691 28
3692 27
3693 27
3694 27
3695 28
3696 28
3697 28
3698 27
3699 28
3700 27
3701 27
3702 27
3703 27
3704 28
3705 27
3706 27
3707 27
3708 27
3709 28
3710 27
3711 28
3712 28
3713 27
3714 28
3715 27
3716 28
3717 27
3718 27
3719 28
3720 27
3721 27
3722 28
3723 26
3724 27
3725 27
3726 28
3727 28
3728 27
3729 28
3730 27
3731 28
3732 27
3733 27
3734 28
3735 28
3736 28
3737 27
3738 28
3739 28
3740 27
3741 28
3742 28
3743 27
3744 27
3745 28
3746 27
3747 28
3748 28
3749 28
3750 27
3751 28
3752 27
3753 27
3754 28
3755 28
3756 28
3757 27
3758 27
3759 27
3760 28
3761 28
3762 28
3763 27
3764 28
3765 28
3766 28
3767 28
3768 27
3769 28
3770 28
3771 28
3772 28
3773 28
3774 27
3775 28
3776 28
3777 27
3778 27
3779 27
3780 28
3781 28
3782 27
3783 28
3784 28
3785 27
3786 27
3787 28
3788 27
3789 28
3790 28
3791 27
3792 27
3793 27
3794 28
3795 28
3796 27
3797 27
3798 27
3799 28
3800 26
3801 27
3802 27
3803 27
3804 27
3805 27
3806 27
3807 27
3808 27
3809 28
3810 28
3811 28
3812 28
3813 28
3814 28
3815 27
3816 28
3817 27
3818 28
3819 28
3820 27
3821 28
3822 28
3823 27
3824 27
3825 27
3826 27
3827 27
3828 27
3829 27
3830 27
3831 28
3832 28
3833 27
3834 27
3835 27
3836 28
3837 28
3838 28
3839 27
3840 28
3841 28
3842 28
3843 28
3844 27
3845 28
3846 27
3847 27
3848 28
3849 27
3850 27
3851 28
3852 27
3853 27
3854 27
3855 28
3856 27
3857 28
3858 28
3859 28
3860 27
3861 27
3862 28
3863 27
3864 27
3865 28
3866 28
3867 28
3868 27
3869 27
3870 28
3871 28
3872 27
3873 27
3874 28
3875 28
3876 28
3877 28
3878 28
3879 28
3880 27
3881 27
3882 27
3883 28
3884 28
3885 27
3886 27
3887 26
3888 27
3889 27
3890 27
3891 27
3892 28
3893 28
3894 28
3895 28
3896 27
3897 27
3898 27
3899 27
3900 27
3901 28
3902 28
3903 27
3904 27
3905 28
3906 28
3907 28
3908 28
3909 28
3910 28
3911 28
3912 28
3913 28
3914 27
3915 27
3916 28
3917 28
3918 27
3919 28
3920 27
3921 28
3922 27
3923 27
3924 27
3925 28
3926 28
3927 28
3928 27
3929 27
3930 28
3931 28
3932 27
3933 28
3934 28
3935 27
3936 28
3937 27
3938 27
3939 28
3940 28
3941 27
3942 27
3943 27
3944 27
3945 28
3946 28
3947 28
3948 28
3949 27
3950 27
3951 27
3952 27
3953 28
3954 27
3955 28
3956 27
3957 27
3958 27
3959 27
3960 28
3961 27
3962 27
3963 28
3964 26
3965 28
3966 27
3967 28
3968 28
3969 28
3970 27
3971 28
3972 28
3973 27
3974 27
3975 27
3976 27
3977 27
3978 28
3979 27
3980 28
3981 28
3982 27
3983 28
3984 27
3985 28
3986 27
3987 27
3988 27
3989 28
3990 28
3991 28
3992 28
3993 27
3994 27
3995 27
3996 27
3997 28
3998 28
3999 28
4000 27
4001 28
4002 28
4003 27
4004 28
4005 28
4006 27
4007 27
4008 28
4009 27
4010 27
4011 27
4012 28
4013 27
4014 28
4015 27
4016 28
4017 27
4018 28
4019 27
4020 27
4021 27
4022 27
4023 28
4024 27
4025 28
4026 27
4027 27
4028 28
4029 27
4030 28
4031 28
4032 27
4033 28
4034 27
4035 27
4036 27
4037 27
4038 27
4039 27
4040 27
4041 27
4042 28
4043 28
4044 28
4045 27
4046 26
4047 28
4048 28
4049 27
4050 28
4051 27
4052 27
4053 28
4054 28
4055 28
4056 27
4057 28
4058 28
4059 28
4060 28
4061 28
4062 28
4063 27
4064 28
4065 28
4066 28
4067 27
4068 28
4069 28
4070 28
4071 28
4072 27
4073 27
4074 28
4075 28
4076 28
4077 27
4078 28
4079 28
4080 28
4081 27
4082 27
4083 27
4084 27
4085 27
4086 28
4087 27
4088 28
4089 27
4090 28
4091 27
4092 27
4093 28
4094 27
4095 28
4096 28
4097 27
4098 27
4099 28
4100 27
4101 28
4102 27
4103 28
4104 27
4105 27
4106 28
4107 28
4108 28
4109 28
4110 28
4111 28
4112 28
4113 28
4114 27
4115 28
4116 27
4117 28
4118 27
4119 27
4120 27
4121 28
4122 27
4123 28
4124 28
4125 28
4126 27
4127 28
4128 28
4129 28
4130 27
4131 27
4132 27
4133 27
4134 27
4135 28
4136 28
4137 27
4138 27
4139 28
4140 28
4141 28
4142 27
4143 27
4144 27
4145 28
4146 28
4147 28
4148 28
4149 28
4150 27
4151 28
4152 28
4153 28
4154 28
4155 28
4156 28
4157 27
4158 28
4159 27
4160 28
4161 28
4162 27
4163 27
4164 27
4165 27
4166 27
4167 28
4168 28
4169 27
4170 27
4171 28
4172 27
4173 27
4174 28
4175 28
4176 28
4177 28
4178 27
4179 27
4180 28
4181 27
4182 28
4183 28
4184 28
4185 28
4186 28
4187 27
4188 27
4189 28
4190 27
4191 27
4192 28
4193 27
4194 27
4195 27
4196 28
4197 27
4198 27
4199 27
4200 28
4201 27
4202 27
4203 28
4204 28
4205 28
4206 28
4207 28
4208 27
4209 28
4210 28
4211 27
4212 28
4213 28
4214 28
4215 27
4216 27
4217 27
4218 28
4219 28
4220 27
4221 27
4222 27
4223 27
4224 28
4225 27
4226 27
4227 27
4228 28
4229 28
4230 27
4231 27
4232 27
4233 27
4234 27
4235 29
4236 27
4237 27
4238 27
4239 27
4240 28
4241 28
4242 28
4243 28
4244 27
4245 27
4246 28
4247 28
4248 28
4249 27
4250 27
4251 27
4252 27
4253 28
4254 27
4255 27
4256 27
4257 28
4258 28
4259 28
4260 28
4261 27
4262 28
4263 27
4264 27
4265 27
4266 28
4267 27
4268 28
4269 27
4270 28
4271 27
4272 27
4273 27
4274 28
4275 27
4276 27
4277 28
4278 27
4279 27
4280 28
4281 27
4282 28
4283 27
4284 28
4285 27
4286 27
4287 28
4288 28
4289 28
4290 27
4291 27
4292 27
4293 27
4294 27
4295 28
4296 28
4297 27
4298 27
4299 28
4300 27
4301 28
4302 27
4303 27
4304 27
4305 28
4306 28
4307 28
4308 26
4309 28
4310 28
4311 28
4312 27
4313 27
4314 28
4315 27
4316 27
4317 28
4318 28
4319 27
4320 28
4321 27
4322 28
4323 27
4324 28
4325 28
4326 27
4327 27
4328 27
4329 27
4330 27
4331 27
4332 27
4333 28
4334 27
4335 28
4336 28
4337 28
4338 27
4339 28
4340 28
4341 28
4342 27
4343 27
4344 27
4345 28
4346 27
4347 28
4348 28
4349 28
4350 28
4351 26
4352 27
4353 27
4354 27
4355 26
4356 28
4357 28
4358 28
4359 28
4360 28
4361 28
4362 28
4363 28
4364 27
4365 27
4366 28
4367 28
4368 27
4369 27
4370 28
4371 28
4372 28
4373 27
4374 28
4375 28
4376 27
4377 27
4378 28
4379 28
4380 28
4381 27
4382 27
4383 28
4384 28
4385 28
4386 27
4387 28
4388 28
4389 28
4390 27
4391 28
4392 28
4393 28
4394 28
4395 28
4396 28
4397 27
4398 28
4399 28
4400 28
4401 28
4402 28
4403 27
4404 27
4405 28
4406 27
4407 27
4408 27
4409 28
4410 27
4411 27
4412 28
4413 28
4414 27
4415 28
4416 28
4417 27
4418 27
4419 28
4420 27
4421 28
4422 28
4423 27
4424 27
4425 27
4426 28
4427 28
4428 28
4429 28
4430 28
4431 28
4432 27
4433 27
4434 28
4435 27
4436 27
4437 27
4438 28
4439 27
4440 28
4441 28
4442 27
4443 27
4444 28
4445 28
4446 28
4447 27
4448 27
4449 28
4450 28
4451 28
4452 28
4453 28
4454 28
4455 28
4456 27
4457 28
4458 28
4459 27
4460 28
4461 28
4462 28
4463 28
4464 27
4465 28
4466 28
4467 27
4468 27
4469 27
4470 28
4471 28
4472 27
4473 27
4474 27
4475 27
4476 27
4477 28
4478 28
4479 28
4480 27
4481 28
4482 27
4483 27
4484 27
4485 28
4486 27
4487 27
4488 27
4489 28
4490 28
4491 27
4492 28
4493 28
4494 27
4495 27
4496 27
4497 28
4498 28
4499 27
4500 27
4501 27
4502 28
4503 27
4504 28
4505 28
4506 28
4507 28
4508 28
4509 28
4510 27
4511 27
4512 27
4513 27
4514 27
4515 27
4516 28
4517 27
4518 28
4519 27
4520 28
4521 28
4522 27
4523 27
4524 28
4525 28
4526 27
4527 28
4528 28
4529 28
4530 28
4531 28
4532 28
4533 28
4534 27
4535 28
4536 27
4537 28
4538 27
4539 28
4540 28
4541 27
4542 28
4543 27
4544 28
4545 28
4546 27
4547 28
4548 27
4549 27
4550 27
4551 27
4552 28
4553 28
4554 27
4555 27
4556 28
4557 28
4558 28
4559 27
4560 28
4561 28
4562 28
4563 28
4564 28
4565 28
4566 27
4567 28
4568 28
4569 27
4570 27
4571 27
4572 27
4573 27
4574 27
4575 27
4576 28
4577 27
4578 26
4579 27
4580 28
4581 27
4582 28
4583 28
4584 28
4585 27
4586 28
4587 28
4588 28
4589 27
4590 28
4591 27
4592 27
4593 28
4594 27
4595 28
4596 28
4597 28
4598 28
4599 28
4600 28
4601 28
4602 28
4603 27
4604 27
4605 28
4606 27
4607 28
4608 28
4609 28
4610 28
4611 28
4612 28
4613 27
4614 28
4615 27
4616 28
4617 27
4618 28
4619 28
4620 28
4621 27
4622 27
4623 28
4624 27
4625 28
4626 28
4627 28
4628 27
4629 27
4630 27
4631 27
4632 28
4633 28
4634 28
4635 27
4636 28
4637 28
4638 28
4639 27
4640 28
4641 28
4642 28
4643 28
4644 28
4645 28
4646 28
4647 28
4648 28
4649 28
4650 27
4651 28
4652 27
4653 28
4654 28
4655 28
4656 27
4657 27
4658 28
4659 27
4660 28
4661 27
4662 27
4663 27
4664 27
4665 28
4666 28
4667 28
4668 27
4669 27
4670 28
4671 28
4672 27
4673 27
4674 27
4675 28
4676 28
4677 28
4678 27
4679 28
4680 27
4681 27
4682 27
4683 28
4684 28
4685 28
4686 27
4687 27
4688 28
4689 27
4690 28
4691 27
4692 27
4693 28
4694 28
4695 27
4696 28
4697 28
4698 27
4699 27
4700 28
4701 27
4702 27
4703 27
4704 28
4705 27
4706 27
4707 27
4708 28
4709 26
4710 27
4711 26
4712 28
4713 28
4714 28
4715 27
4716 28
4717 26
4718 27
4719 27
4720 27
4721 27
4722 26
4723 28
4724 27
4725 27
4726 27
4727 28
4728 28
4729 27
4730 27
4731 27
4732 27
4733 28
4734 28
4735 27
4736 28
4737 27
4738 27
4739 27
4740 28
4741 28
4742 28
4743 28
4744 28
4745 27
4746 27
4747 28
4748 27
4749 28
4750 27
4751 27
4752 27
4753 28
4754 27
4755 28
4756 28
4757 28
4758 28
4759 28
4760 28
4761 27
4762 28
4763 27
4764 28
4765 27
4766 28
4767 28
4768 26
4769 27
4770 27
4771 28
4772 28
4773 27
4774 28
4775 27
4776 27
4777 27
4778 28
4779 28
4780 28
4781 28
4782 27
4783 28
4784 27
4785 27
4786 27
4787 27
4788 28
4789 28
4790 28
4791 27
4792 27
4793 28
4794 27
4795 27
4796 28
4797 27
4798 28
4799 28
4800 28
4801 27
4802 28
4803 28
4804 28
4805 28
4806 27
4807 27
4808 27
4809 27
4810 28
4811 27
4812 28
4813 27
4814 27
4815 28
4816 28
4817 27
4818 27
4819 27
4820 28
4821 28
4822 28
4823 27
4824 28
4825 28
4826 28
4827 27
4828 28
4829 28
4830 28
4831 28
4832 27
4833 28
4834 28
4835 27
4836 27
4837 28
4838 28
4839 28
4840 28
4841 27
4842 27
4843 28
4844 27
4845 27
4846 27
4847 27
4848 28
4849 27
4850 28
4851 28
4852 28
4853 28
4854 27
4855 27
4856 28
4857 28
4858 27
4859 28
4860 28
4861 28
4862 27
4863 27
4864 27
4865 28
4866 27
4867 28
4868 28
4869 28
4870 28
4871 28
4872 27
4873 28
4874 28
4875 28
4876 28
4877 28
4878 28
4879 28
4880 27
4881 28
4882 27
4883 28
4884 28
4885 27
4886 27
4887 27
4888 28
4889 28
4890 28
4891 27
4892 28
4893 28
4894 27
4895 28
4896 27
4897 27
4898 28
4899 28
4900 27
4901 27
4902 27
4903 28
4904 28
4905 27
4906 27
4907 28
4908 28
4909 28
4910 27
4911 27
4912 28
4913 27
4914 28
4915 28
4916 28
4917 28
4918 28
4919 28
4920 27
4921 28
4922 27
4923 27
4924 27
4925 27
4926 27
4927 27
4928 28
4929 28
4930 28
4931 27
4932 27
4933 28
4934 27
4935 27
4936 27
4937 28
4938 28
4939 28
4940 28
4941 27
4942 28
4943 28
4944 28
4945 28
4946 28
4947 28
4948 28
4949 27
4950 27
4951 28
4952 28
4953 28
4954 28
4955 26
4956 28
4957 27
4958 27
4959 28
4960 28
4961 26
4962 27
4963 27
4964 28
4965 27
4966 27
4967 27
4968 27
4969 27
4970 28
4971 28
4972 27
4973 27
4974 28
4975 28
4976 28
4977 28
4978 28
4979 28
4980 28
4981 28
4982 27
4983 27
4984 27
4985 28
4986 27
4987 27
4988 28
4989 28
4990 28
4991 27
4992 27
4993 27
4994 28
4995 27
4996 28
4997 28
4998 28
4999 27
5000 27
5001 28
5002 28
5003 28
5004 27
5005 28
5006 27
5007 27
5008 27
5009 28
5010 27
5011 27
5012 27
5013 27
5014 27
5015 28
5016 27
5017 27
5018 28
5019 27
5020 28
5021 28
5022 27
5023 27
5024 28
5025 27
5026 27
5027 28
5028 28
5029 27
5030 28
5031 28
5032 28
5033 27
5034 27
5035 27
5036 27
5037 28
5038 28
5039 28
5040 27
5041 28
5042 27
5043 28
5044 28
5045 27
5046 28
5047 28
5048 27
5049 28
5050 27
5051 27
5052 28
5053 27
5054 27
5055 27
5056 27
5057 27
5058 27
5059 28
5060 28
5061 27
5062 27
5063 27
5064 27
5065 28
5066 28
5067 27
5068 27
5069 27
5070 28
5071 27
5072 27
5073 27
5074 28
5075 28
5076 28
5077 28
5078 28
5079 27
5080 28
5081 27
5082 28
5083 28
5084 28
5085 27
5086 28
5087 27
5088 27
5089 27
5090 28
5091 27
5092 28
5093 28
5094 28
5095 28
5096 28
5097 28
5098 28
5099 28
5100 28
5101 28
5102 27
5103 28
5104 28
5105 28
5106 27
5107 28
5108 27
5109 27
5110 27
5111 28
5112 28
5113 26
5114 27
5115 27
5116 28
5117 27
5118 28
5119 28
5120 27
5121 28
5122 27
5123 27
5124 28
5125 28
5126 28
5127 28
5128 28
5129 28
5130 27
5131 28
5132 27
5133 28
5134 27
5135 28
5136 28
5137 28
5138 28
5139 28
5140 28
5141 27
5142 27
5143 28
5144 27
5145 27
5146 27
5147 28
5148 28
5149 27
5150 28
5151 28
5152 28
5153 28
5154 27
5155 27
5156 27
5157 28
5158 27
5159 27
5160 27
5161 27
5162 27
5163 27
5164 28
5165 27
5166 27
5167 27
5168 28
5169 27
5170 28
5171 28
5172 28
5173 28
5174 28
5175 27
5176 27
5177 27
5178 27
5179 27
5180 27
5181 28
5182 28
5183 28
5184 28
5185 27
5186 28
5187 27
5188 27
5189 27
5190 27
5191 28
5192 27
5193 28
5194 27
5195 27
5196 28
5197 27
5198 27
5199 27
5200 27
5201 28
5202 28
5203 27
5204 27
5205 26
5206 27
5207 27
5208 28
5209 27
5210 28
5211 27
5212 27
5213 28
5214 27
5215 28
5216 28
5217 27
5218 28
5219 27
5220 28
5221 28
5222 28
5223 27
5224 28
5225 28
5226 27
5227 27
5228 27
5229 27
5230 27
5231 27
5232 27
5233 26
5234 27
5235 27
5236 28
5237 28
5238 28
5239 28
5240 27
5241 28
5242 28
5243 28
5244 28
5245 28
5246 27
5247 27
5248 28
5249 27
5250 28
5251 28
5252 28
5253 28
5254 28
5255 29
5256 27
5257 27
5258 27
5259 28
5260 28
5261 27
5262 28
5263 27
5264 28
5265 28
5266 28
5267 27
5268 27
5269 27
5270 27
5271 28
5272 27
5273 27
5274 28
5275 28
5276 28
5277 27
5278 28
5279 28
5280 27
5281 28
5282 27
5283 28
5284 28
5285 27
5286 28
5287 27
5288 27
5289 27
5290 28
5291 27
5292 28
5293 28
5294 27
5295 28
5296 28
5297 28
5298 27
5299 27
5300 27
5301 28
5302 28
5303 27
5304 27
5305 28
5306 28
5307 27
5308 27
5309 27
5310 26
5311 27
5312 28
5313 28
5314 27
5315 28
5316 28
5317 27
5318 27
5319 27
5320 27
5321 27
5322 27
5323 28
5324 27
5325 27
5326 27
5327 28
5328 27
5329 27
5330 28
5331 27
5332 27
5333 28
5334 28
5335 28
5336 28
5337 27
5338 28
5339 27
5340 27
5341 27
5342 27
5343 27
5344 27
5345 28
5346 27
5347 28
5348 28
5349 27
5350 27
5351 27
5352 28
5353 28
5354 27
5355 27
5356 27
5357 27
5358 28
5359 28
5360 27
5361 28
5362 28
5363 28
5364 27
5365 28
5366 27
5367 28
5368 28
5369 28
5370 28
5371 28
5372 28
5373 28
5374 27
5375 28
5376 28
5377 27
5378 28
5379 28
5380 28
5381 27
5382 27
5383 28
5384 28
5385 28
5386 28
5387 28
5388 28
5389 28
5390 27
5391 27
5392 27
5393 26
5394 28
5395 27
5396 28
5397 27
5398 27
5399 27
5400 27
5401 28
5402 28
5403 28
5404 27
5405 27
5406 28
5407 28
5408 28
5409 28
5410 28
5411 28
5412 27
5413 27
5414 27
5415 27
5416 28
5417 27
5418 27
5419 28
5420 27
5421 27
5422 28
5423 28
5424 27
5425 28
5426 28
5427 28
5428 28
5429 28
5430 27
5431 27
5432 28
5433 28
5434 27
5435 27
5436 27
5437 28
5438 28
5439 28
5440 28
5441 28
5442 27
5443 27
5444 28
5445 27
5446 27
5447 27
5448 28
5449 27
5450 27
5451 28
5452 27
5453 27
5454 28
5455 27
5456 27
5457 27
5458 28
5459 28
5460 27
5461 27
5462 28
5463 28
5464 28
5465 27
5466 28
5467 28
5468 27
5469 28
5470 27
5471 27
5472 27
5473 28
5474 27
5475 28
5476 27
5477 28
5478 28
5479 28
5480 27
5481 28
5482 28
5483 28
5484 28
5485 28
5486 28
5487 28
5488 28
5489 28
5490 27
5491 28
5492 28
5493 29
5494 28
5495 27
5496 26
5497 27
5498 27
5499 28
5500 27
5501 27
5502 28
5503 27
5504 28
5505 28
5506 27
5507 28
5508 28
5509 28
5510 28
5511 28
5512 28
5513 28
5514 27
5515 27
5516 28
5517 27
5518 27
5519 28
5520 27
5521 28
5522 28
5523 28
5524 27
5525 28
5526 28
5527 28
5528 27
5529 28
5530 28
5531 28
5532 27
5533 28
5534 28
5535 28
5536 27
5537 28
5538 28
5539 28
5540 27
5541 28
5542 27
5543 28
5544 26
5545 28
5546 27
5547 27
5548 27
5549 27
5550 27
5551 27
5552 28
5553 27
5554 28
5555 28
5556 27
5557 28
5558 28
5559 27
5560 28
5561 27
5562 27
5563 27
5564 28
5565 28
5566 27
5567 28
5568 28
5569 27
5570 28
5571 27
5572 28
5573 27
5574 27
5575 28
5576 27
5577 26
5578 27
5579 28
5580 28
5581 27
5582 28
5583 28
5584 28
5585 28
5586 27
5587 28
5588 28
5589 27
5590 27
5591 28
5592 27
5593 28
5594 27
5595 28
5596 28
5597 27
5598 27
5599 27
5600 28
5601 27
5602 27
5603 28
5604 27
5605 27
5606 27
5607 28
5608 28
5609 27
5610 27
5611 28
5612 27
5613 28
5614 27
5615 28
5616 27
5617 28
5618 27
5619 27
5620 27
5621 27
5622 28
5623 27
5624 28
5625 28
5626 27
5627 28
5628 27
5629 28
5630 28
5631 28
5632 28
5633 27
5634 28
5635 28
5636 27
5637 27
5638 27
5639 27
5640 27
5641 27
5642 28
5643 28
5644 27
5645 27
5646 27
5647 27
5648 27
5649 28
5650 28
5651 27
5652 27
5653 28
5654 28
5655 27
5656 27
5657 27
5658 27
5659 27
5660 27
5661 27
5662 27
5663 28
5664 28
5665 28
5666 27
5667 28
5668 28
5669 27
5670 27
5671 27
5672 27
5673 28
5674 28
5675 28
5676 28
5677 28
5678 28
5679 27
5680 27
5681 28
5682 28
5683 27
5684 28
5685 27
5686 27
5687 28
5688 27
5689 28
5690 27
5691 28
5692 28
5693 28
5694 27
5695 28
5696 27
5697 28
5698 27
5699 27
5700 27
5701 28
5702 28
5703 28
5704 28
5705 27
5706 27
5707 27
5708 27
5709 28
5710 28
5711 28
5712 27
5713 28
5714 28
5715 27
5716 28
5717 27
5718 28
5719 28
5720 27
5721 27
5722 27
5723 28
5724 27
5725 28
5726 28
5727 27
5728 27
5729 28
5730 28
5731 27
5732 28
5733 26
5734 27
5735 27
5736 28
5737 28
5738 26
5739 27
5740 27
5741 28
5742 28
5743 27
5744 27
5745 28
5746 27
5747 27
5748 28
5749 28
5750 28
5751 28
5752 27
5753 28
5754 27
5755 27
5756 27
5757 28
5758 28
5759 28
5760 28
5761 28
5762 27
5763 27
5764 27
5765 27
5766 28
5767 27
5768 26
5769 27
5770 27
5771 28
5772 28
5773 28
5774 28
5775 28
5776 28
5777 28
5778 27
5779 28
5780 28
5781 28
5782 27
5783 28
5784 28
5785 28
5786 28
5787 28
5788 27
5789 28
5790 28
5791 28
5792 27
5793 27
5794 28
5795 27
5796 28
5797 27
5798 28
5799 28
5800 27
5801 28
5802 28
5803 28
5804 27
5805 27
5806 27
5807 27
5808 27
5809 28
5810 27
5811 28
5812 27
5813 27
5814 28
5815 27
5816 28
5817 27
5818 27
5819 28
5820 28
5821 27
5822 28
5823 27
5824 27
5825 27
5826 27
5827 28
5828 28
5829 28
5830 27
5831 27
5832 27
5833 28
5834 28
5835 28
5836 28
5837 28
5838 28
5839 28
5840 28
5841 28
5842 28
5843 28
5844 28
5845 27
5846 28
5847 27
5848 27
5849 27
5850 27
5851 28
5852 27
5853 27
5854 28
5855 28
5856 27
5857 28
5858 28
5859 27
5860 28
5861 28
5862 28
5863 28
5864 28
5865 27
5866 27
5867 28
5868 28
5869 27
5870 28
5871 28
5872 27
5873 27
5874 28
5875 27
5876 27
5877 28
5878 27
5879 28
5880 27
5881 27
5882 28
5883 28
5884 27
5885 27
5886 28
5887 28
5888 27
5889 27
5890 28
5891 28
5892 27
5893 28
5894 27
5895 27
5896 28
5897 28
5898 27
5899 27
5900 28
5901 27
5902 27
5903 28
5904 28
5905 27
5906 27
5907 27
5908 27
5909 27
5910 28
5911 27
5912 27
5913 28
5914 27
5915 28
5916 27
5917 27
5918 28
5919 28
5920 28
5921 27
5922 28
5923 28
5924 27
5925 28
5926 27
5927 27
5928 27
5929 27
5930 27
5931 26
5932 27
5933 28
5934 28
5935 28
5936 27
5937 28
5938 28
5939 28
5940 27
5941 26
5942 28
5943 27
5944 27
5945 27
5946 27
5947 28
5948 28
5949 27
5950 27
5951 28
5952 27
5953 27
5954 28
5955 28
5956 28
5957 27
5958 28
5959 28
5960 27
5961 27
5962 28
5963 27
5964 28
5965 27
5966 27
5967 27
5968 28
5969 28
5970 28
5971 27
5972 27
5973 28
5974 28
5975 28
5976 28
5977 27
5978 28
5979 27
5980 28
5981 28
5982 27
5983 28
5984 28
5985 27
5986 27
5987 27
5988 28
5989 28
5990 28
5991 28
5992 28
5993 27
5994 27
5995 28
5996 28
5997 27
5998 27
5999 28
6000 28
6001 28
6002 27
6003 27
6004 27
6005 28
6006 28
6007 27
6008 28
6009 27
6010 27
6011 26
6012 28
6013 27
6014 27
6015 28
6016 27
6017 28
6018 27
6019 28
6020 28
6021 28
6022 27
6023 27
6024 28
6025 28
6026 27
6027 28
6028 27
6029 27
6030 28
6031 27
6032 27
6033 28
6034 27
6035 28
6036 27
6037 28
6038 28
6039 27
6040 28
6041 27
6042 28
6043 28
6044 27
6045 28
6046 28
6047 27
6048 28
6049 27
6050 27
6051 27
6052 27
6053 27
6054 27
6055 27
6056 27
6057 27
6058 27
6059 28
6060 27
6061 28
6062 28
6063 27
6064 28
6065 27
6066 27
6067 28
6068 27
6069 28
6070 27
6071 27
6072 28
6073 28
6074 27
6075 28
6076 27
6077 27
6078 27
6079 28
6080 27
6081 27
6082 27
6083 27
6084 28
6085 27
6086 28
6087 28
6088 27
6089 28
6090 27
6091 27
6092 28
6093 28
6094 27
6095 28
6096 28
6097 28
6098 28
6099 28
6100 27
6101 28
6102 27
6103 28
6104 26
6105 27
6106 28
6107 27
6108 27
6109 28
6110 28
6111 27
6112 28
6113 27
6114 28
6115 27
6116 28
6117 28
6118 27
6119 27
6120 28
6121 27
6122 28
6123 27
6124 27
6125 27
6126 28
6127 28
6128 27
6129 28
6130 28
6131 28
6132 28
6133 27
6134 27
6135 27
6136 27
6137 26
6138 28
6139 28
6140 28
6141 28
6142 27
6143 28
6144 27
6145 28
6146 28
6147 28
6148 27
6149 27
6150 27
6151 28
6152 28
6153 27
6154 28
6155 28
6156 28
6157 27
6158 27
6159 27
6160 27
6161 28
6162 27
6163 28
6164 28
6165 27
6166 28
6167 28
6168 27
6169 28
6170 27
6171 28
6172 28
6173 28
6174 27
6175 28
6176 28
6177 28
6178 28
6179 27
6180 28
6181 27
6182 28
6183 28
6184 28
6185 28
6186 28
6187 28
6188 27
6189 27
6190 28
6191 27
6192 28
6193 28
6194 28
6195 27
6196 28
6197 27
6198 28
6199 28
6200 27
6201 28
6202 28
6203 28
6204 28
6205 28
6206 27
6207 28
6208 28
6209 27
6210 28
6211 27
6212 27
6213 28
6214 27
6215 27
6216 27
6217 27
6218 28
6219 27
6220 28
6221 26
6222 27
6223 27
6224 28
6225 28
6226 28
6227 27
6228 28
6229 27
6230 27
6231 27
6232 28
6233 27
6234 27
6235 28
6236 27
6237 28
6238 28
6239 28
6240 27
6241 26
6242 28
6243 27
6244 27
6245 27
6246 28
6247 28
6248 28
6249 28
6250 28
6251 27
6252 27
6253 28
6254 28
6255 27
6256 28
6257 27
6258 27
6259 27
6260 27
6261 27
6262 27
6263 27
6264 27
6265 27
6266 27
6267 27
6268 28
6269 27
6270 28
6271 28
6272 28
6273 28
6274 27
6275 27
6276 28
6277 27
6278 28
6279 28
6280 28
6281 28
6282 26
6283 27
6284 28
6285 27
6286 28
6287 28
6288 27
6289 27
6290 27
6291 28
6292 28
6293 28
6294 27
6295 27
6296 27
6297 27
6298 28
6299 28
6300 28
6301 27
6302 27
6303 27
6304 27
6305 28
6306 28
6307 28
6308 27
6309 28
6310 28
6311 27
6312 27
6313 28
6314 28
6315 27
6316 28
6317 27
6318 27
6319 26
6320 27
6321 27
6322 27
6323 28
6324 28
6325 27
6326 27
6327 28
6328 28
6329 28
6330 28
6331 28
6332 27
6333 28
6334 27
6335 27
6336 27
6337 27
6338 27
6339 28
6340 28
6341 27
6342 27
6343 27
6344 27
6345 27
6346 27
6347 27
6348 28
6349 28
6350 27
6351 28
6352 28
6353 28
6354 28
6355 28
6356 28
6357 28
6358 27
6359 28
6360 27
6361 28
6362 27
6363 27
6364 28
6365 27
6366 27
6367 27
6368 28
6369 27
6370 28
6371 28
6372 28
6373 27
6374 27
6375 27
6376 27
6377 27
6378 27
6379 28
6380 27
6381 27
6382 28
6383 28
6384 27
6385 28
6386 27
6387 27
6388 27
6389 28
6390 28
6391 28
6392 28
6393 28
6394 27
6395 27
6396 27
6397 27
6398 28
6399 28
6400 27
6401 27
6402 28
6403 27
6404 27
6405 28
6406 28
6407 27
6408 28
6409 28
6410 27
6411 27
6412 27
6413 28
6414 28
6415 28
6416 27
6417 28
6418 28
6419 27
6420 27
6421 28
6422 28
6423 28
6424 27
6425 27
6426 27
6427 27
6428 28
6429 28
6430 28
6431 27
6432 28
6433 28
6434 28
6435 27
6436 27
6437 28
6438 28
6439 28
6440 28
6441 27
6442 28
6443 28
6444 27
6445 27
6446 28
6447 27
6448 28
6449 27
6450 28
6451 27
6452 27
6453 28
6454 27
6455 28
6456 28
6457 27
6458 27
6459 28
6460 28
6461 27
6462 27
6463 27
6464 27
6465 27
6466 27
6467 27
6468 28
6469 28
6470 27
6471 27
6472 28
6473 27
6474 28
6475 27
6476 27
6477 27
6478 28
6479 28
6480 27
6481 28
6482 28
6483 28
6484 27
6485 28
6486 28
6487 28
6488 27
6489 27
6490 28
6491 27
6492 27
6493 27
6494 28
6495 27
6496 28
6497 27
6498 27
6499 27
6500 28
6501 27
6502 28
6503 27
6504 27
6505 28
6506 26
6507 27
6508 27
6509 27
6510 28
6511 28
6512 28
6513 27
6514 27
6515 28
6516 28
6517 27
6518 28
6519 27
6520 28
6521 28
6522 26
6523 27
6524 27
6525 28
6526 27
6527 28
6528 27
6529 27
6530 27
6531 27
6532 28
6533 28
6534 27
6535 28
6536 27
6537 27
6538 28
6539 28
6540 28
6541 27
6542 28
6543 28
6544 28
6545 27
6546 27
6547 27
6548 28
6549 27
6550 28
6551 28
6552 28
6553 27
6554 28
6555 28
6556 27
6557 27
6558 27
6559 28
6560 28
6561 28
6562 28
6563 28
6564 27
6565 27
6566 28
6567 28
6568 27
6569 28
6570 27
6571 27
6572 28
6573 28
6574 28
6575 28
6576 28
6577 27
6578 28
6579 27
6580 27
6581 27
6582 28
6583 27
6584 28
6585 28
6586 27
6587 27
6588 28
6589 28
6590 28
6591 28
6592 28
6593 28
6594 28
6595 28
6596 27
6597 28
6598 27
6599 27
6600 28
6601 28
6602 28
6603 27
6604 28
6605 27
6606 28
6607 28
6608 27
6609 28
6610 28
6611 28
6612 28
6613 27
6614 27
6615 28
6616 27
6617 27
6618 27
6619 27
6620 28
6621 28
6622 27
6623 28
6624 27
6625 28
6626 28
6627 27
6628 28
6629 27
6630 27
6631 27
6632 27
6633 27
6634 27
6635 27
6636 28
6637 27
6638 27
6639 27
6640 27
6641 28
6642 27
6643 28
6644 28
6645 28
6646 27
6647 27
6648 28
6649 28
6650 28
6651 28
6652 28
6653 28
6654 27
6655 28
6656 27
6657 28
6658 27
6659 28
6660 27
6661 28
6662 28
6663 28
6664 28
6665 28
6666 27
6667 28
6668 27
6669 28
6670 28
6671 28
6672 28
6673 27
6674 27
6675 28
6676 28
6677 28
6678 28
6679 26
6680 27
6681 27
6682 28
6683 28
6684 28
6685 27
6686 28
6687 26
6688 28
6689 28
6690 27
6691 28
6692 28
6693 28
6694 27
6695 27
6696 27
6697 28
6698 28
6699 27
6700 28
6701 27
6702 27
6703 27
6704 27
6705 28
6706 28
6707 27
6708 27
6709 27
6710 28
6711 28
6712 28
6713 28
6714 28
6715 28
6716 28
6717 27
6718 26
6719 28
6720 27
6721 27
6722 27
6723 28
6724 28
6725 27
6726 28
6727 27
6728 28
6729 28
6730 28
6731 28
6732 27
6733 27
6734 27
6735 28
6736 27
6737 28
6738 27
6739 28
6740 27
6741 27
6742 27
6743 28
6744 27
6745 28
6746 28
6747 28
6748 28
6749 27
6750 28
6751 27
6752 27
6753 28
6754 28
6755 28
6756 28
6757 27
6758 28
6759 28
6760 27
6761 27
6762 28
6763 28
6764 27
6765 27
6766 27
6767 27
6768 27
6769 27
6770 28
6771 28
6772 28
6773 27
6774 27
6775 28
6776 28
6777 28
6778 28
6779 27
6780 28
6781 28
6782 27
6783 27
6784 28
6785 28
6786 27
6787 28
6788 28
6789 27
6790 28
6791 27
6792 27
6793 28
6794 28
6795 27
6796 28
6797 28
6798 28
6799 28
6800 28
6801 28
6802 28
6803 27
6804 27
6805 28
6806 28
6807 27
6808 27
6809 28
6810 28
6811 28
6812 28
6813 28
6814 28
6815 28
6816 28
6817 27
6818 28
6819 28
6820 27
6821 28
6822 28
6823 27
6824 27
6825 28
6826 27
6827 28
6828 27
6829 28
6830 28
