Polymer_Index N_1
0 32
1 32
2 32
3 33
4 32
5 32
6 32
7 33
8 33
9 34
10 33
11 33
12 32
13 33
14 32
15 34
16 33
17 32
18 33
19 33
20 33
21 33
22 33
23 33
24 32
25 33
26 33
27 32
28 31
29 33
30 33
31 32
32 33
33 33
34 32
35 32
36 33
37 33
38 33
39 34
40 33
41 33
42 33
43 32
44 33
45 33
46 33
47 33
48 32
49 33
50 33
51 33
52 33
53 33
54 33
55 33
56 33
57 33
58 33
59 33
60 33
61 34
62 33
63 32
64 32
65 32
66 32
67 33
68 33
69 33
70 32
71 33
72 32
73 33
74 33
75 33
76 32
77 32
78 33
79 33
80 33
81 32
82 34
83 33
84 33
85 32
86 33
87 33
88 33
89 33
90 32
91 32
92 33
93 32
94 33
95 33
96 34
97 33
98 33
99 32
100 33
101 33
102 34
103 34
104 32
105 32
106 33
107 33
108 34
109 33
110 33
111 34
112 33
113 33
114 33
115 33
116 33
117 33
118 33
119 34
120 33
121 33
122 33
123 33
124 32
125 34
126 33
127 33
128 33
129 33
130 34
131 32
132 32
133 33
134 34
135 33
136 33
137 32
138 33
139 32
140 33
141 33
142 33
143 33
144 32
145 33
146 32
147 32
148 33
149 33
150 32
151 33
152 33
153 33
154 33
155 32
156 33
157 32
158 33
159 33
160 32
161 33
162 33
163 33
164 33
165 33
166 33
167 33
168 33
169 33
170 33
171 33
172 33
173 32
174 32
175 32
176 33
177 33
178 32
179 32
180 33
181 32
182 33
183 32
184 33
185 33
186 33
187 32
188 32
189 33
190 32
191 32
192 33
193 33
194 34
195 33
196 33
197 34
198 33
199 33
200 33
201 33
202 32
203 33
204 32
205 33
206 34
207 33
208 33
209 32
210 33
211 33
212 33
213 32
214 33
215 34
216 33
217 33
218 33
219 32
220 32
221 32
222 34
223 33
224 33
225 32
226 34
227 33
228 33
229 33
230 33
231 33
232 33
233 32
234 33
235 33
236 33
237 32
238 33
239 32
240 33
241 32
242 34
243 32
244 33
245 33
246 34
247 33
248 32
249 32
250 32
251 33
252 33
253 34
254 33
255 33
256 33
257 34
258 34
259 33
260 33
261 32
262 33
263 34
264 33
265 32
266 33
267 32
268 33
269 33
270 33
271 32
272 32
273 33
274 32
275 33
276 33
277 33
278 34
279 33
280 32
281 33
282 33
283 33
284 33
285 33
286 33
287 33
288 33
289 33
290 34
291 33
292 34
293 34
294 33
295 33
296 33
297 32
298 32
299 33
300 33
301 33
302 32
303 32
304 33
305 33
306 33
307 33
308 33
309 33
310 32
311 33
312 32
313 33
314 32
315 34
316 31
317 33
318 33
319 33
320 33
321 33
322 33
323 33
324 33
325 33
326 32
327 33
328 33
329 33
330 32
331 32
332 33
333 33
334 33
335 32
336 33
337 33
338 33
339 31
340 33
341 33
342 33
343 32
344 33
345 34
346 33
347 33
348 33
349 33
350 32
351 33
352 33
353 33
354 33
355 33
356 33
357 33
358 32
359 33
360 32
361 34
362 33
363 32
364 33
365 32
366 34
367 33
368 33
369 33
370 33
371 34
372 32
373 32
374 32
375 33
376 32
377 33
378 33
379 32
380 33
381 32
382 33
383 34
384 33
385 32
386 31
387 33
388 33
389 32
390 33
391 33
392 32
393 33
394 33
395 32
396 32
397 32
398 33
399 33
400 32
401 32
402 32
403 33
404 31
405 33
406 33
407 33
408 32
409 33
410 33
411 34
412 32
413 33
414 33
415 33
416 32
417 32
418 32
419 32
420 33
421 32
422 34
423 32
424 32
425 32
426 33
427 33
428 33
429 32
430 33
431 33
432 34
433 33
434 33
435 33
436 33
437 34
438 33
439 33
440 33
441 33
442 32
443 32
444 33
445 33
446 33
447 32
448 33
449 32
450 33
451 33
452 33
453 33
454 32
455 33
456 33
457 33
458 34
459 33
460 32
461 32
462 34
463 33
464 33
465 34
466 33
467 32
468 33
469 33
470 33
471 32
472 32
473 34
474 32
475 33
476 32
477 33
478 33
479 33
480 33
481 33
482 33
483 33
484 33
485 33
486 33
487 33
488 33
489 32
490 33
491 33
492 33
493 32
494 34
495 32
496 33
497 32
498 33
499 32
500 33
501 32
502 32
503 31
504 33
505 32
506 32
507 33
508 33
509 34
510 32
511 32
512 33
513 33
514 33
515 34
516 34
517 33
518 34
519 32
520 32
521 32
522 33
523 33
524 32
525 31
526 33
527 33
528 33
529 33
530 33
531 33
532 32
533 33
534 33
535 32
536 33
537 33
538 33
539 32
540 32
541 33
542 33
543 32
544 32
545 33
546 34
547 33
548 33
549 33
550 33
551 32
552 32
553 32
554 33
555 33
556 32
557 32
558 33
559 32
560 34
561 33
562 33
563 33
564 33
565 33
566 33
567 33
568 32
569 32
570 32
571 33
572 33
573 33
574 33
575 33
576 33
577 33
578 33
579 33
580 33
581 32
582 32
583 34
584 34
585 33
586 33
587 33
588 33
589 33
590 33
591 33
592 32
593 32
594 33
595 33
596 33
597 32
598 34
599 33
600 32
601 32
602 33
603 33
604 33
605 32
606 34
607 32
608 33
609 33
610 32
611 33
612 33
613 32
614 33
615 32
616 33
617 33
618 33
619 33
620 33
621 34
622 32
623 33
624 33
625 33
626 33
627 33
628 33
629 33
630 33
631 33
632 33
633 33
634 33
635 33
636 33
637 33
638 33
639 34
640 33
641 33
642 33
643 33
644 33
645 33
646 33
647 32
648 33
649 33
650 33
651 33
652 33
653 33
654 33
655 33
656 34
657 33
658 32
659 33
660 34
661 33
662 33
663 33
664 34
665 33
666 32
667 33
668 32
669 33
670 33
671 33
672 33
673 31
674 33
675 34
676 32
677 33
678 33
679 33
680 33
681 31
682 33
683 34
684 33
685 33
686 33
687 33
688 33
689 33
690 33
691 33
692 32
693 33
694 33
695 32
696 33
697 33
698 34
699 33
700 33
701 33
702 33
703 32
704 31
705 32
706 32
707 32
708 34
709 32
710 33
711 33
712 32
713 33
714 34
715 32
716 33
717 32
718 33
719 33
720 33
721 33
722 34
723 33
724 34
725 33
726 32
727 33
728 33
729 34
730 33
731 33
732 33
733 33
734 32
735 33
736 33
737 33
738 33
739 32
740 33
741 33
742 32
743 33
744 33
745 33
746 32
747 33
748 32
749 33
750 32
751 33
752 33
753 33
754 32
755 33
756 32
757 33
758 33
759 33
760 33
761 33
762 34
763 32
764 34
765 32
766 33
767 33
768 32
769 33
770 33
771 33
772 33
773 33
774 33
775 33
776 33
777 33
778 32
779 33
780 33
781 33
782 32
783 33
784 33
785 32
786 32
787 34
788 33
789 32
790 33
791 33
792 33
793 33
794 33
795 33
796 32
797 33
798 33
799 33
800 32
801 34
802 33
803 32
804 33
805 32
806 33
807 32
808 33
809 33
810 32
811 33
812 33
813 33
814 33
815 33
816 34
817 33
818 33
819 33
820 33
821 33
822 32
823 33
824 32
825 34
826 32
827 33
828 33
829 33
830 33
831 33
832 33
833 34
834 33
835 33
836 33
837 32
838 33
839 33
840 33
841 34
842 33
843 31
844 32
845 33
846 33
847 33
848 33
849 33
850 33
851 33
852 33
853 32
854 32
855 32
856 32
857 33
858 33
859 32
860 33
861 33
862 33
863 33
864 32
865 32
866 33
867 32
868 33
869 33
870 33
871 32
872 32
873 32
874 33
875 32
876 33
877 32
878 33
879 33
880 34
881 33
882 34
883 34
884 33
885 33
886 33
887 33
888 33
889 34
890 33
891 32
892 34
893 34
894 32
895 33
896 32
897 32
898 32
899 33
900 33
901 33
902 32
903 33
904 33
905 33
906 32
907 33
908 33
909 33
910 33
911 33
912 33
913 32
914 33
915 33
916 34
917 31
918 33
919 33
920 33
921 33
922 33
923 34
924 33
925 33
926 33
927 33
928 33
929 33
930 33
931 32
932 33
933 33
934 33
935 33
936 32
937 32
938 33
939 32
940 33
941 32
942 33
943 32
944 33
945 33
946 33
947 33
948 33
949 32
950 33
951 32
952 33
953 32
954 33
955 33
956 34
957 32
958 32
959 32
960 33
961 33
962 33
963 33
964 33
965 33
966 33
967 32
968 33
969 33
970 33
971 33
972 33
973 33
974 32
975 33
976 32
977 33
978 32
979 33
980 32
981 33
982 33
983 32
984 33
985 33
986 33
987 33
988 32
989 33
990 32
991 33
992 33
993 33
994 33
995 33
996 33
997 33
998 33
999 33
1000 33
1001 33
1002 33
1003 32
1004 32
1005 33
1006 32
1007 33
1008 33
1009 33
1010 33
1011 32
1012 33
1013 32
1014 32
1015 33
1016 33
1017 33
1018 32
1019 33
1020 32
1021 32
1022 33
1023 34
1024 33
1025 33
1026 32
1027 32
1028 32
1029 33
1030 33
1031 32
1032 33
1033 33
1034 33
1035 33
1036 32
1037 34
1038 33
1039 33
1040 33
1041 32
1042 33
1043 33
1044 33
1045 33
1046 33
1047 32
1048 33
1049 33
1050 33
1051 33
1052 33
1053 33
1054 33
1055 34
1056 33
1057 34
1058 33
1059 32
1060 33
1061 33
1062 33
1063 33
1064 32
1065 32
1066 33
1067 32
1068 33
1069 33
1070 33
1071 32
1072 33
1073 32
1074 33
1075 33
1076 33
1077 32
1078 33
1079 33
1080 32
1081 33
1082 33
1083 33
1084 33
1085 32
1086 33
1087 33
1088 32
1089 32
1090 32
1091 33
1092 32
1093 33
1094 32
1095 33
1096 32
1097 32
1098 32
1099 33
1100 33
1101 32
1102 34
1103 33
1104 34
1105 33
1106 33
1107 32
1108 33
1109 33
1110 32
1111 33
1112 32
1113 32
1114 32
1115 33
1116 34
1117 32
1118 33
1119 32
1120 33
1121 32
1122 33
1123 33
1124 33
1125 33
1126 32
1127 33
1128 33
1129 33
1130 34
1131 32
1132 33
1133 32
1134 33
1135 33
1136 33
1137 31
1138 33
1139 33
1140 33
1141 33
1142 34
1143 33
1144 32
1145 32
1146 32
1147 33
1148 33
1149 34
1150 32
1151 33
1152 33
1153 33
1154 34
1155 33
1156 34
1157 33
1158 31
1159 32
1160 33
1161 33
1162 33
1163 34
1164 33
1165 32
1166 32
1167 34
1168 33
1169 32
1170 32
1171 32
1172 33
1173 34
1174 33
1175 33
1176 33
1177 33
1178 33
1179 33
1180 33
1181 32
1182 31
1183 33
1184 33
1185 33
1186 33
1187 32
1188 32
1189 33
1190 33
1191 32
1192 32
1193 33
1194 34
1195 34
1196 33
1197 33
1198 32
1199 32
1200 33
1201 32
1202 32
1203 33
1204 32
1205 33
1206 33
1207 33
1208 32
1209 33
1210 32
1211 33
1212 34
1213 33
1214 33
1215 32
1216 33
1217 33
1218 33
1219 32
1220 33
1221 33
1222 32
1223 33
1224 33
1225 33
1226 33
1227 32
1228 32
1229 33
1230 33
1231 33
1232 32
1233 33
1234 33
1235 33
1236 33
1237 32
1238 32
1239 33
1240 33
1241 33
1242 33
1243 32
1244 32
1245 34
1246 33
1247 32
1248 33
1249 33
1250 33
1251 32
1252 32
1253 32
1254 32
1255 33
1256 33
1257 34
1258 33
1259 32
1260 32
1261 32
1262 34
1263 33
1264 34
1265 33
1266 32
1267 33
1268 32
1269 33
1270 33
1271 34
1272 33
1273 33
1274 33
1275 33
1276 33
1277 33
1278 33
1279 32
1280 32
1281 32
1282 34
1283 33
1284 32
1285 34
1286 32
1287 34
1288 34
1289 33
1290 33
1291 33
1292 34
1293 33
1294 33
1295 33
1296 33
1297 33
1298 33
1299 33
1300 33
1301 32
1302 33
1303 33
1304 32
1305 33
1306 33
1307 33
1308 33
1309 32
1310 32
1311 33
1312 32
1313 33
1314 34
1315 33
1316 33
1317 32
1318 33
1319 32
1320 33
1321 33
1322 33
1323 33
1324 32
1325 33
1326 32
1327 32
1328 33
1329 34
1330 33
1331 32
1332 32
1333 33
1334 33
1335 33
1336 33
1337 33
1338 32
1339 33
1340 33
1341 33
1342 33
1343 33
1344 31
1345 33
1346 32
1347 33
1348 32
1349 33
1350 32
1351 34
1352 33
1353 32
1354 33
1355 32
1356 32
1357 33
1358 34
1359 33
1360 34
1361 33
1362 33
1363 33
1364 33
1365 33
1366 32
1367 32
1368 32
1369 33
1370 32
1371 33
1372 33
1373 33
1374 32
1375 32
1376 33
1377 32
1378 32
1379 32
1380 33
1381 33
1382 32
1383 33
1384 32
1385 33
1386 32
1387 32
1388 32
1389 33
1390 32
1391 33
1392 32
1393 33
1394 32
1395 32
1396 31
1397 33
1398 33
1399 33
1400 33
1401 32
1402 33
1403 32
1404 32
1405 33
1406 33
1407 34
1408 33
1409 33
1410 33
1411 33
1412 33
1413 33
1414 33
1415 32
1416 33
1417 33
1418 34
1419 33
1420 33
1421 32
1422 32
1423 33
1424 33
1425 33
1426 33
1427 32
1428 33
1429 32
1430 33
1431 33
1432 33
1433 32
1434 33
1435 33
1436 32
1437 33
1438 33
1439 34
1440 32
1441 32
1442 32
1443 34
1444 32
1445 33
1446 32
1447 32
1448 33
1449 33
1450 33
1451 33
1452 33
1453 33
1454 33
1455 33
1456 33
1457 33
1458 33
1459 33
1460 33
1461 33
1462 33
1463 34
1464 33
1465 33
1466 33
1467 32
1468 34
1469 33
1470 33
1471 32
1472 33
1473 34
1474 32
1475 33
1476 33
1477 33
1478 33
1479 33
1480 33
1481 33
1482 33
1483 32
1484 32
1485 33
1486 32
1487 33
1488 33
1489 34
1490 33
1491 33
1492 32
1493 33
1494 33
1495 33
1496 33
1497 32
1498 33
1499 33
1500 33
1501 32
1502 33
1503 33
1504 33
1505 33
1506 33
1507 33
1508 33
1509 33
1510 33
1511 32
1512 33
1513 32
1514 33
1515 33
1516 33
1517 33
1518 33
1519 33
1520 33
1521 32
1522 33
1523 34
1524 33
1525 33
1526 33
1527 33
1528 33
1529 31
1530 33
1531 33
1532 32
1533 34
1534 33
1535 33
1536 33
1537 33
1538 33
1539 32
1540 33
1541 33
1542 32
1543 32
1544 33
1545 33
1546 33
1547 33
1548 33
1549 33
1550 33
1551 33
1552 32
1553 33
1554 33
1555 33
1556 33
1557 33
1558 32
1559 33
1560 33
1561 33
1562 32
1563 33
1564 32
1565 32
1566 33
1567 32
1568 33
1569 33
1570 32
1571 33
1572 32
1573 33
1574 33
1575 33
1576 33
1577 32
1578 32
1579 33
1580 33
1581 34
1582 33
1583 33
1584 33
1585 33
1586 32
1587 33
1588 33
1589 33
1590 32
1591 32
1592 32
1593 33
1594 33
1595 33
1596 33
1597 32
1598 33
1599 33
1600 33
1601 33
1602 34
1603 32
1604 33
1605 33
1606 33
1607 31
1608 33
1609 33
1610 34
1611 32
1612 33
1613 33
1614 33
1615 31
1616 33
1617 33
1618 33
1619 33
1620 32
1621 32
1622 33
1623 33
1624 33
1625 33
1626 33
1627 33
1628 34
1629 33
1630 33
1631 32
1632 32
1633 33
1634 33
1635 33
1636 33
1637 33
1638 33
1639 33
1640 33
1641 32
1642 33
1643 33
1644 32
1645 33
1646 33
1647 33
1648 32
1649 31
1650 33
1651 32
1652 32
1653 34
1654 32
1655 33
1656 33
1657 33
1658 33
1659 33
1660 33
1661 32
1662 32
1663 33
1664 33
1665 33
1666 34
1667 33
1668 32
1669 33
1670 32
1671 32
1672 32
1673 32
1674 33
1675 33
1676 32
1677 33
1678 32
1679 33
1680 34
1681 33
1682 32
1683 32
1684 33
1685 32
1686 34
1687 33
1688 33
1689 33
1690 32
1691 34
1692 33
1693 32
1694 33
1695 32
1696 33
1697 33
1698 33
1699 32
1700 32
1701 32
1702 33
1703 32
1704 33
1705 34
1706 33
1707 34
1708 33
1709 33
1710 32
1711 34
1712 33
1713 33
1714 33
1715 32
1716 32
1717 33
1718 33
1719 32
1720 32
1721 33
1722 33
1723 32
1724 33
1725 33
1726 32
1727 34
1728 33
1729 34
1730 33
1731 32
1732 31
1733 33
1734 32
1735 33
1736 34
1737 33
1738 33
1739 32
1740 33
1741 33
1742 33
1743 33
1744 33
1745 34
1746 33
1747 33
1748 34
1749 33
1750 33
1751 33
1752 32
1753 33
1754 33
1755 34
1756 32
1757 33
1758 33
1759 33
1760 33
1761 32
1762 33
1763 33
1764 33
1765 33
1766 33
1767 33
1768 32
1769 33
1770 33
1771 33
1772 32
1773 32
1774 33
1775 32
1776 32
1777 33
1778 33
1779 33
1780 33
1781 33
1782 33
1783 33
1784 34
1785 33
1786 32
1787 33
1788 33
1789 32
1790 33
1791 33
1792 33
1793 32
1794 33
1795 33
1796 32
1797 32
1798 34
1799 33
1800 34
1801 33
1802 33
1803 33
1804 32
1805 33
1806 32
1807 33
1808 32
1809 34
1810 34
1811 33
1812 33
1813 33
1814 32
1815 32
1816 33
1817 32
1818 33
1819 33
1820 33
1821 33
1822 33
1823 33
1824 34
1825 32
1826 33
1827 33
1828 33
1829 33
1830 33
1831 33
1832 34
1833 33
1834 33
1835 33
1836 33
1837 32
1838 32
1839 33
1840 33
1841 32
1842 33
1843 32
1844 33
1845 33
1846 32
1847 33
1848 33
1849 34
1850 33
1851 33
1852 33
1853 32
1854 33
1855 32
1856 33
1857 33
1858 33
1859 33
1860 33
1861 32
1862 33
1863 33
1864 33
1865 33
1866 32
1867 33
1868 33
1869 33
1870 32
1871 32
1872 32
1873 34
1874 32
1875 33
1876 33
1877 32
1878 33
1879 32
1880 33
1881 33
1882 33
1883 33
1884 33
1885 33
1886 33
1887 33
1888 32
1889 33
1890 33
1891 34
1892 33
1893 32
1894 34
1895 32
1896 33
1897 32
1898 33
1899 33
1900 32
1901 32
1902 33
1903 33
1904 33
1905 32
1906 33
1907 32
1908 32
1909 32
1910 33
1911 33
1912 33
1913 32
1914 33
1915 33
1916 32
1917 33
1918 33
1919 33
1920 33
1921 33
1922 32
1923 33
1924 33
1925 33
1926 33
1927 34
1928 34
1929 33
1930 33
1931 32
1932 34
1933 32
1934 33
1935 33
1936 33
1937 32
1938 32
1939 34
1940 32
1941 32
1942 33
1943 31
1944 32
1945 33
1946 33
1947 33
1948 32
1949 33
1950 32
1951 32
1952 32
1953 33
1954 33
1955 34
1956 33
1957 33
1958 33
1959 33
1960 33
1961 34
1962 33
1963 34
1964 33
1965 34
1966 32
1967 32
1968 33
1969 33
1970 32
1971 33
1972 33
1973 33
1974 34
1975 32
1976 33
1977 32
1978 33
1979 32
1980 33
1981 34
1982 33
1983 33
1984 32
1985 32
1986 33
1987 32
1988 32
1989 33
1990 33
1991 33
1992 33
1993 33
1994 32
1995 32
1996 32
1997 33
1998 33
1999 32
2000 33
2001 33
2002 33
2003 34
2004 32
2005 33
2006 33
2007 33
2008 33
2009 32
2010 33
2011 33
2012 33
2013 33
2014 32
2015 33
2016 32
2017 33
2018 34
2019 33
2020 33
2021 32
2022 34
2023 31
2024 33
2025 33
2026 33
2027 32
2028 33
2029 33
2030 33
2031 32
2032 33
2033 32
2034 33
2035 33
2036 33
2037 33
2038 32
2039 33
2040 33
2041 32
2042 33
2043 33
2044 33
2045 32
2046 33
2047 34
2048 33
2049 33
2050 32
2051 33
2052 33
2053 33
2054 33
2055 32
2056 32
2057 33
2058 33
2059 33
2060 32
2061 32
2062 33
2063 32
2064 33
2065 32
2066 33
2067 33
2068 32
2069 33
2070 33
2071 33
2072 33
2073 32
2074 33
2075 33
2076 33
2077 33
2078 33
2079 32
2080 32
2081 32
2082 32
2083 33
2084 33
2085 33
2086 33
2087 33
2088 33
2089 32
2090 33
2091 32
2092 33
2093 33
2094 32
2095 32
2096 33
2097 32
2098 32
2099 33
2100 32
2101 33
2102 32
2103 34
2104 33
2105 32
2106 33
2107 33
2108 33
2109 32
2110 33
2111 34
2112 34
2113 32
2114 33
2115 33
2116 33
2117 33
2118 33
2119 32
2120 33
2121 32
2122 33
2123 33
2124 33
2125 32
2126 34
2127 32
2128 32
2129 33
2130 32
2131 32
2132 33
2133 33
2134 33
2135 33
2136 34
2137 32
2138 33
2139 32
2140 33
2141 33
2142 33
2143 33
2144 32
2145 34
2146 33
2147 33
2148 33
2149 33
2150 33
2151 34
2152 33
2153 33
2154 33
2155 32
2156 33
2157 33
2158 31
2159 33
2160 33
2161 33
2162 32
2163 33
2164 32
2165 33
2166 34
2167 33
2168 33
2169 33
2170 31
2171 33
2172 32
2173 32
2174 32
2175 33
2176 33
2177 33
2178 33
2179 32
2180 32
2181 33
2182 33
2183 33
2184 33
2185 33
2186 33
2187 33
2188 33
2189 32
2190 33
2191 33
2192 33
2193 33
2194 33
2195 34
2196 33
2197 33
2198 33
2199 32
2200 33
2201 32
2202 33
2203 31
2204 33
2205 32
2206 34
2207 33
2208 33
2209 33
2210 32
2211 32
2212 33
2213 33
2214 33
2215 32
2216 33
2217 32
2218 32
2219 33
2220 33
2221 33
2222 33
2223 33
2224 33
2225 33
2226 33
2227 33
2228 33
2229 33
2230 33
2231 33
2232 33
2233 34
2234 32
2235 32
2236 33
2237 32
2238 33
2239 34
2240 32
2241 33
2242 33
2243 33
2244 32
2245 32
2246 32
2247 32
2248 34
2249 32
2250 33
2251 32
2252 32
2253 33
2254 32
2255 33
2256 33
2257 33
2258 34
2259 33
2260 34
2261 34
2262 33
2263 32
2264 33
2265 32
2266 34
2267 33
2268 32
2269 33
2270 33
2271 33
2272 33
2273 32
2274 32
2275 33
2276 33
2277 33
2278 33
2279 33
2280 33
2281 32
2282 33
2283 32
2284 33
2285 33
2286 34
2287 33
2288 33
2289 33
2290 33
2291 33
2292 33
2293 32
2294 33
2295 32
2296 33
2297 33
2298 33
2299 32
2300 33
2301 33
2302 32
2303 33
2304 32
2305 33
2306 32
2307 33
2308 33
2309 32
2310 32
2311 32
2312 33
2313 33
2314 33
2315 33
2316 33
2317 32
2318 33
2319 33
2320 33
2321 33
2322 33
2323 32
2324 33
2325 32
2326 32
2327 33
2328 33
2329 33
2330 33
2331 33
2332 33
2333 32
2334 33
2335 33
2336 32
2337 33
2338 34
2339 33
2340 33
2341 33
2342 32
2343 32
2344 33
2345 33
2346 32
2347 33
2348 33
2349 33
2350 33
2351 33
2352 32
2353 32
2354 33
2355 32
2356 33
2357 33
2358 33
2359 32
2360 32
2361 33
2362 32
2363 34
2364 33
2365 33
2366 33
2367 33
2368 33
2369 33
2370 33
2371 33
2372 34
2373 33
2374 32
2375 33
2376 33
2377 33
2378 33
2379 32
2380 33
2381 33
2382 33
2383 33
2384 33
2385 33
2386 34
2387 32
2388 33
2389 33
2390 34
2391 33
2392 32
2393 33
2394 33
2395 33
2396 33
2397 32
2398 33
2399 32
2400 33
2401 33
2402 32
2403 34
2404 33
2405 33
2406 33
2407 32
2408 33
2409 33
2410 32
2411 33
2412 34
2413 32
2414 33
2415 32
2416 33
2417 32
2418 33
2419 33
2420 33
2421 33
2422 34
2423 32
2424 32
2425 33
2426 34
2427 33
2428 33
2429 33
2430 32
2431 32
2432 33
2433 33
2434 33
2435 33
2436 32
2437 34
2438 32
2439 33
2440 32
2441 33
2442 32
2443 33
2444 33
2445 32
2446 32
2447 33
2448 33
2449 33
2450 33
2451 33
2452 33
2453 33
2454 33
2455 33
2456 33
2457 33
2458 33
2459 33
2460 33
2461 32
2462 33
2463 33
2464 32
2465 33
2466 33
2467 32
2468 32
2469 32
2470 32
2471 32
2472 33
2473 33
2474 33
2475 33
2476 32
2477 34
2478 33
2479 33
2480 32
2481 33
2482 33
2483 33
2484 33
2485 33
2486 33
2487 32
2488 34
2489 33
2490 33
2491 32
2492 33
2493 33
2494 33
2495 33
2496 32
2497 33
2498 32
2499 34
2500 33
2501 33
2502 33
2503 33
2504 34
2505 33
2506 33
2507 33
2508 34
2509 32
2510 33
2511 34
2512 33
2513 32
2514 32
2515 34
2516 33
2517 33
2518 33
2519 33
2520 34
2521 33
2522 32
2523 33
2524 33
2525 32
2526 32
2527 33
2528 34
2529 32
2530 33
2531 33
2532 33
2533 33
2534 33
2535 34
2536 34
2537 33
2538 33
2539 33
2540 32
2541 32
2542 33
2543 33
2544 33
2545 31
2546 34
2547 33
2548 33
2549 32
2550 33
2551 33
2552 34
2553 33
2554 33
2555 32
2556 32
2557 33
2558 33
2559 33
2560 33
2561 33
2562 33
2563 33
2564 33
2565 32
2566 33
2567 34
2568 31
2569 33
2570 33
2571 33
2572 33
2573 33
2574 33
2575 34
2576 33
2577 33
2578 33
2579 33
2580 32
2581 33
2582 32
2583 33
2584 32
2585 33
2586 33
2587 33
2588 33
2589 33
2590 33
2591 33
2592 34
2593 33
2594 33
2595 34
2596 32
2597 32
2598 32
2599 33
2600 32
2601 32
2602 33
2603 33
2604 32
2605 32
2606 32
2607 33
2608 32
2609 32
2610 34
2611 33
2612 34
2613 32
2614 34
2615 32
2616 33
2617 33
2618 33
2619 33
2620 33
2621 33
2622 34
2623 33
2624 34
2625 33
2626 32
2627 32
2628 33
2629 33
2630 32
2631 33
2632 31
2633 34
2634 33
2635 32
2636 33
2637 34
2638 32
2639 31
2640 33
2641 33
2642 33
2643 32
2644 33
2645 34
2646 33
2647 34
2648 33
2649 32
2650 32
2651 32
2652 32
2653 33
2654 34
2655 33
2656 32
2657 32
2658 32
2659 33
2660 32
2661 34
2662 33
2663 33
2664 32
2665 33
2666 33
2667 33
2668 32
2669 33
2670 33
2671 33
2672 32
2673 34
2674 33
2675 34
2676 34
2677 32
2678 33
2679 33
2680 33
2681 33
2682 33
2683 33
2684 33
2685 32
2686 33
2687 33
2688 32
2689 32
2690 34
2691 33
2692 34
2693 31
2694 32
2695 33
2696 32
2697 33
2698 32
2699 32
2700 33
2701 32
2702 32
2703 34
2704 32
2705 33
2706 33
2707 33
2708 32
2709 33
2710 33
2711 33
2712 33
2713 33
2714 33
2715 32
2716 33
2717 33
2718 33
2719 32
2720 33
2721 32
2722 32
2723 33
2724 33
2725 33
2726 33
2727 33
2728 34
2729 32
2730 33
2731 32
2732 33
2733 33
2734 33
2735 33
2736 33
2737 33
2738 33
2739 33
2740 33
2741 33
2742 33
2743 34
2744 33
2745 33
2746 32
2747 33
2748 33
2749 32
2750 33
2751 33
2752 33
2753 33
2754 32
2755 33
2756 34
2757 32
2758 33
2759 33
2760 33
2761 32
2762 33
2763 33
2764 32
2765 33
2766 33
2767 33
2768 32
2769 32
2770 33
2771 33
2772 33
2773 32
2774 33
2775 33
2776 33
2777 33
2778 33
2779 33
2780 33
2781 32
2782 33
2783 33
2784 33
2785 33
2786 33
2787 32
2788 32
2789 34
2790 33
2791 33
2792 33
2793 33
2794 33
2795 33
2796 33
2797 33
2798 32
2799 32
2800 33
2801 32
2802 33
2803 32
2804 32
2805 33
2806 33
2807 33
2808 33
2809 33
2810 33
2811 32
2812 32
2813 32
2814 33
2815 33
2816 32
2817 32
2818 32
2819 32
2820 33
2821 33
2822 33
2823 32
2824 32
2825 32
2826 33
2827 33
2828 33
2829 32
2830 33
2831 33
2832 33
2833 32
2834 33
2835 33
2836 32
2837 32
2838 34
2839 33
2840 32
2841 32
2842 33
2843 33
2844 33
2845 32
2846 33
2847 32
2848 32
2849 33
2850 33
2851 33
2852 33
2853 32
2854 33
2855 33
2856 34
2857 32
2858 33
2859 33
2860 33
2861 33
2862 33
2863 32
2864 33
2865 33
2866 32
2867 33
2868 34
2869 32
2870 33
2871 33
2872 33
2873 33
2874 33
2875 33
2876 33
2877 32
2878 33
2879 33
2880 33
2881 33
2882 33
2883 32
2884 33
2885 32
2886 33
2887 34
2888 33
2889 33
2890 32
2891 33
2892 32
2893 32
2894 33
2895 33
2896 33
2897 32
2898 32
2899 33
2900 32
2901 33
2902 32
2903 34
2904 33
2905 33
2906 33
2907 33
2908 33
2909 32
2910 33
2911 34
2912 33
2913 33
2914 31
2915 32
2916 34
2917 33
2918 33
2919 32
2920 33
2921 33
2922 34
2923 32
2924 33
2925 33
2926 33
2927 34
2928 33
2929 32
2930 33
2931 31
2932 32
2933 33
2934 33
2935 32
2936 33
2937 33
2938 33
2939 33
2940 33
2941 33
2942 34
2943 33
2944 33
2945 33
2946 33
2947 33
2948 32
2949 32
2950 33
2951 32
2952 34
2953 32
2954 33
2955 33
2956 32
2957 32
2958 32
2959 33
2960 33
2961 33
2962 32
2963 32
2964 33
2965 33
2966 33
2967 32
2968 32
2969 33
2970 33
2971 32
2972 32
2973 32
2974 34
2975 33
2976 32
2977 33
2978 33
2979 33
2980 33
2981 32
2982 32
2983 32
2984 34
2985 33
2986 33
2987 33
2988 32
2989 33
2990 33
2991 32
2992 33
2993 32
2994 33
2995 33
2996 32
2997 33
2998 33
2999 33
3000 33
3001 33
3002 33
3003 32
3004 32
3005 34
3006 33
3007 33
3008 33
3009 33
3010 33
3011 32
3012 33
3013 33
3014 33
3015 33
3016 34
3017 32
3018 33
3019 33
3020 32
3021 32
3022 34
3023 33
3024 32
3025 32
3026 33
3027 32
3028 33
3029 33
3030 32
3031 33
3032 34
3033 33
3034 32
3035 33
3036 34
3037 33
3038 32
3039 33
3040 33
3041 33
3042 33
3043 34
3044 32
3045 33
3046 32
3047 33
3048 32
3049 33
3050 33
3051 33
3052 33
3053 33
3054 33
3055 32
3056 33
3057 32
3058 33
3059 32
3060 32
3061 33
3062 32
3063 34
3064 33
3065 32
3066 33
3067 33
3068 33
3069 33
3070 32
3071 33
3072 33
3073 33
3074 33
3075 33
3076 33
3077 33
3078 33
3079 33
3080 33
3081 33
3082 33
3083 34
3084 32
3085 33
3086 34
3087 33
3088 33
3089 33
3090 33
3091 33
3092 33
3093 33
3094 34
3095 33
3096 32
3097 33
3098 33
3099 33
3100 33
3101 32
3102 33
3103 32
3104 32
3105 34
3106 33
3107 33
3108 33
3109 33
3110 33
3111 34
3112 33
3113 34
3114 33
3115 32
3116 32
3117 32
3118 32
3119 34
3120 33
3121 33
3122 33
3123 34
3124 33
3125 33
3126 33
3127 33
3128 34
3129 33
3130 33
3131 33
3132 33
3133 34
3134 32
3135 33
3136 33
3137 33
3138 32
3139 33
3140 33
3141 33
3142 33
3143 34
3144 32
3145 32
3146 33
3147 33
3148 33
3149 33
3150 33
3151 33
3152 32
3153 32
3154 33
3155 33
3156 33
3157 33
3158 33
3159 33
3160 33
3161 32
3162 33
3163 33
3164 33
3165 32
3166 32
3167 33
3168 32
3169 34
3170 33
3171 33
3172 33
3173 33
3174 33
3175 33
3176 33
3177 33
3178 32
3179 33
3180 34
3181 32
3182 33
3183 32
3184 34
3185 33
3186 32
3187 32
3188 33
3189 32
3190 33
3191 34
3192 33
3193 32
3194 33
3195 33
3196 33
3197 33
3198 33
3199 33
3200 32
3201 32
3202 34
3203 32
3204 33
3205 33
3206 33
3207 34
3208 32
3209 32
3210 33
3211 33
3212 32
3213 32
3214 33
3215 32
3216 32
3217 33
3218 32
3219 33
3220 33
3221 33
3222 33
3223 32
3224 32
3225 33
3226 32
3227 33
3228 33
3229 34
3230 33
3231 32
3232 33
3233 33
3234 33
3235 32
3236 32
3237 33
3238 32
3239 32
3240 33
3241 33
3242 33
3243 33
3244 32
3245 32
3246 32
3247 34
3248 33
3249 34
3250 33
3251 32
3252 33
3253 33
3254 33
3255 34
3256 34
3257 32
3258 33
3259 34
3260 34
3261 33
3262 33
3263 33
3264 32
3265 33
3266 32
3267 32
3268 33
3269 33
3270 33
3271 33
3272 34
3273 32
3274 34
3275 32
3276 31
3277 32
3278 33
3279 32
3280 32
3281 33
3282 33
3283 34
3284 33
3285 33
3286 33
3287 33
3288 33
3289 32
3290 33
3291 33
3292 33
3293 33
3294 33
3295 33
3296 33
3297 32
3298 33
3299 33
3300 33
3301 32
3302 33
3303 33
3304 33
3305 33
3306 33
3307 33
3308 33
3309 33
3310 33
3311 33
3312 33
3313 32
3314 33
3315 33
3316 33
3317 33
3318 33
3319 33
3320 34
3321 33
3322 32
3323 33
3324 32
3325 33
3326 33
3327 33
3328 33
3329 33
3330 33
3331 33
3332 33
3333 32
3334 34
3335 32
3336 33
3337 34
3338 34
3339 33
3340 33
3341 32
3342 32
3343 33
3344 33
3345 33
3346 32
3347 33
3348 33
3349 33
3350 33
3351 33
3352 32
3353 33
3354 33
3355 32
3356 32
3357 32
3358 34
3359 34
3360 33
3361 33
3362 33
3363 33
3364 33
3365 34
3366 33
3367 33
3368 33
3369 33
3370 33
3371 32
3372 34
3373 33
3374 32
3375 33
3376 34
3377 32
3378 33
3379 33
3380 33
3381 33
3382 32
3383 32
3384 32
3385 32
3386 33
3387 32
3388 32
3389 33
3390 33
3391 33
3392 32
3393 33
3394 32
3395 33
3396 33
3397 33
3398 33
3399 33
3400 33
3401 33
3402 32
3403 32
3404 32
3405 32
3406 33
3407 32
3408 33
3409 33
3410 33
3411 32
3412 33
3413 32
3414 32
3415 33
3416 32
3417 33
3418 32
3419 33
3420 33
3421 33
3422 33
3423 33
3424 33
3425 33
3426 33
3427 33
3428 32
3429 33
3430 33
3431 32
3432 32
3433 33
3434 33
3435 32
3436 33
3437 33
3438 33
3439 32
3440 33
3441 32
3442 33
3443 34
3444 33
3445 33
3446 33
3447 33
3448 33
3449 33
3450 33
3451 33
3452 33
3453 34
3454 33
3455 33
3456 32
3457 33
3458 32
3459 33
3460 33
3461 33
3462 33
3463 33
3464 32
3465 32
3466 33
3467 34
3468 32
3469 33
3470 33
3471 33
3472 33
3473 32
3474 33
3475 32
3476 32
3477 33
3478 33
3479 33
3480 34
3481 32
3482 33
3483 32
3484 32
3485 33
3486 32
3487 32
3488 34
3489 33
3490 32
3491 33
3492 33
3493 33
3494 33
3495 32
3496 33
3497 32
3498 33
3499 33
3500 33
3501 33
3502 33
3503 33
3504 33
3505 33
3506 33
3507 33
3508 33
3509 33
3510 32
3511 31
3512 33
3513 33
3514 34
3515 33
3516 33
3517 33
3518 33
3519 33
3520 33
3521 32
3522 33
3523 32
3524 33
3525 33
3526 33
3527 34
3528 33
3529 33
3530 33
3531 32
3532 33
3533 32
3534 33
3535 33
3536 32
3537 32
3538 32
3539 33
3540 33
3541 33
3542 33
3543 33
3544 33
3545 33
3546 32
3547 33
3548 33
3549 33
3550 33
3551 33
3552 32
3553 33
3554 33
3555 33
3556 32
3557 33
3558 32
3559 32
3560 32
3561 33
3562 32
3563 32
3564 33
3565 32
3566 33
3567 32
3568 33
3569 33
3570 33
3571 33
3572 33
3573 33
3574 32
3575 33
3576 33
3577 33
3578 32
3579 32
3580 32
3581 32
3582 33
3583 32
3584 33
3585 32
3586 33
3587 33
3588 33
3589 33
3590 33
3591 33
3592 32
3593 32
3594 33
3595 33
3596 33
3597 33
3598 32
3599 32
3600 32
3601 33
3602 33
3603 32
3604 33
3605 33
3606 33
3607 33
3608 33
3609 33
3610 33
3611 33
3612 33
3613 33
3614 34
3615 33
3616 33
3617 33
3618 33
3619 33
3620 33
3621 32
3622 33
3623 32
3624 33
3625 33
3626 33
3627 33
3628 31
3629 33
3630 34
3631 32
3632 33
3633 33
3634 32
3635 33
3636 33
3637 33
3638 33
3639 32
3640 34
3641 33
3642 33
3643 32
3644 33
3645 33
3646 33
3647 32
3648 34
3649 34
3650 32
3651 32
3652 33
3653 32
3654 33
3655 33
3656 32
3657 32
3658 33
3659 33
3660 33
3661 33
3662 33
3663 33
3664 32
3665 33
3666 33
3667 33
3668 33
3669 33
3670 33
3671 33
3672 34
3673 33
3674 33
3675 33
3676 32
3677 32
3678 33
3679 33
3680 33
3681 34
3682 32
3683 32
3684 32
3685 33
3686 33
3687 33
3688 33
3689 33
3690 33
3691 33
3692 33
3693 32
3694 33
3695 32
3696 33
3697 34
3698 33
3699 33
3700 34
3701 33
3702 32
3703 33
3704 33
3705 33
3706 33
3707 33
3708 33
3709 32
3710 32
3711 32
3712 34
3713 33
3714 32
3715 33
3716 32
3717 33
3718 33
3719 32
3720 33
3721 31
3722 33
3723 32
3724 33
3725 33
3726 33
3727 33
3728 32
3729 33
3730 34
3731 33
3732 33
3733 32
3734 32
3735 33
3736 33
3737 33
3738 33
3739 33
3740 33
3741 33
3742 32
3743 33
3744 33
3745 32
3746 33
3747 32
3748 33
3749 33
3750 32
3751 34
3752 33
3753 32
3754 33
3755 33
3756 32
3757 33
3758 34
3759 32
3760 33
3761 33
3762 33
3763 33
3764 33
3765 33
3766 33
3767 33
3768 33
3769 33
3770 32
3771 33
3772 33
3773 33
3774 33
3775 32
3776 32
3777 33
3778 32
3779 33
3780 33
3781 33
3782 34
3783 34
3784 34
3785 33
3786 34
3787 33
3788 33
3789 32
3790 33
3791 33
3792 33
3793 32
3794 33
3795 33
3796 32
3797 32
3798 32
3799 34
3800 33
3801 33
3802 33
3803 32
3804 32
3805 32
3806 33
3807 33
3808 33
3809 33
3810 33
3811 33
3812 34
3813 33
3814 33
3815 33
3816 33
3817 34
3818 32
3819 33
3820 32
3821 33
3822 33
3823 33
3824 33
3825 33
3826 33
3827 33
3828 34
3829 33
3830 32
3831 33
3832 32
3833 32
3834 32
3835 33
3836 33
3837 33
3838 32
3839 33
3840 33
3841 34
3842 33
3843 33
3844 33
3845 33
3846 33
3847 33
3848 33
3849 31
3850 32
3851 33
3852 34
3853 34
3854 32
3855 33
3856 33
3857 33
3858 33
3859 32
3860 33
3861 33
3862 33
3863 33
3864 33
3865 33
3866 33
3867 32
3868 33
3869 33
3870 33
3871 32
3872 33
3873 33
3874 33
3875 33
3876 33
3877 33
3878 33
3879 32
3880 34
3881 34
3882 32
3883 32
3884 33
3885 33
3886 33
3887 32
3888 33
3889 33
3890 32
3891 32
3892 33
3893 33
3894 33
3895 34
3896 32
3897 33
3898 32
3899 32
3900 33
3901 33
3902 33
3903 32
3904 33
3905 32
3906 33
3907 33
3908 32
3909 32
3910 32
3911 33
3912 32
3913 33
3914 33
3915 33
3916 33
3917 32
3918 33
3919 33
3920 33
3921 33
3922 33
3923 32
3924 33
3925 32
3926 33
3927 34
3928 33
3929 33
3930 32
3931 33
3932 32
3933 32
3934 32
3935 32
3936 32
3937 33
3938 32
3939 33
3940 33
3941 32
3942 33
3943 32
3944 33
3945 33
3946 32
3947 33
3948 34
3949 33
3950 33
3951 32
3952 32
3953 33
3954 32
3955 33
3956 32
3957 33
3958 34
3959 33
3960 33
3961 32
3962 32
3963 33
3964 32
3965 33
3966 32
3967 31
3968 33
3969 33
3970 32
3971 33
3972 32
3973 33
3974 31
3975 34
3976 33
3977 33
3978 33
3979 33
3980 33
3981 32
3982 32
3983 33
3984 33
3985 33
3986 32
3987 33
3988 33
3989 32
3990 32
3991 33
3992 33
3993 34
3994 33
3995 33
3996 33
3997 33
3998 33
3999 33
4000 33
4001 33
4002 33
4003 33
4004 33
4005 33
4006 32
4007 33
4008 31
4009 32
4010 32
4011 32
4012 33
4013 32
4014 32
4015 32
4016 32
4017 33
4018 32
4019 33
4020 32
4021 33
4022 32
4023 33
4024 33
4025 34
4026 33
4027 32
4028 32
4029 33
4030 33
4031 32
4032 33
4033 33
4034 33
4035 32
4036 33
4037 33
4038 32
4039 32
4040 33
4041 33
4042 33
4043 32
4044 33
4045 34
4046 33
4047 32
4048 33
4049 33
4050 32
4051 33
4052 32
4053 33
4054 33
4055 33
4056 33
4057 33
4058 33
4059 33
4060 34
4061 32
4062 32
4063 32
4064 33
4065 33
4066 33
4067 33
4068 33
4069 32
4070 33
4071 32
4072 32
4073 34
4074 32
4075 33
4076 32
4077 32
4078 33
4079 34
4080 33
4081 34
4082 32
4083 33
4084 33
4085 33
4086 32
4087 33
4088 32
4089 33
4090 33
4091 33
4092 33
4093 32
4094 32
4095 34
4096 33
4097 33
4098 32
4099 32
4100 33
4101 33
4102 32
4103 33
4104 33
4105 33
4106 33
4107 33
4108 33
4109 32
4110 33
4111 32
4112 33
4113 32
4114 33
4115 33
4116 32
4117 33
4118 32
4119 32
4120 33
4121 33
4122 33
4123 33
4124 32
4125 33
4126 32
4127 33
4128 33
4129 34
4130 32
4131 33
4132 33
4133 32
4134 33
4135 33
4136 33
4137 33
4138 33
4139 33
4140 33
4141 32
4142 33
4143 33
4144 33
4145 33
4146 33
4147 33
4148 33
4149 33
4150 33
4151 33
4152 33
4153 32
4154 33
4155 33
4156 33
4157 33
4158 33
4159 33
4160 32
4161 33
4162 33
4163 33
4164 32
4165 32
4166 34
4167 34
4168 32
4169 32
4170 34
4171 33
4172 33
4173 33
4174 32
4175 33
4176 33
4177 32
4178 32
4179 32
4180 34
4181 32
4182 34
4183 33
4184 32
4185 33
4186 33
4187 32
4188 33
4189 32
4190 33
4191 32
4192 33
4193 33
4194 33
4195 33
4196 33
4197 33
4198 32
4199 32
4200 32
4201 32
4202 32
4203 32
4204 33
4205 32
4206 33
4207 33
4208 33
4209 32
4210 33
4211 33
4212 33
4213 32
4214 33
4215 33
4216 33
4217 33
4218 33
4219 33
4220 33
4221 33
4222 33
4223 32
4224 33
4225 33
4226 34
4227 33
4228 34
4229 33
4230 33
4231 33
4232 33
4233 33
4234 32
4235 33
4236 33
4237 32
4238 33
4239 32
4240 33
4241 33
4242 33
4243 32
4244 34
4245 33
4246 34
4247 33
4248 32
4249 33
4250 32
4251 31
4252 33
4253 34
4254 32
4255 32
4256 33
4257 33
4258 33
4259 33
4260 32
4261 33
4262 33
4263 33
4264 34
4265 34
4266 33
4267 33
4268 34
4269 33
4270 33
4271 33
4272 33
4273 32
4274 33
4275 33
4276 33
4277 33
4278 32
4279 34
4280 33
4281 33
4282 33
4283 33
4284 33
4285 32
4286 32
4287 32
4288 33
4289 32
4290 32
4291 33
4292 33
4293 34
4294 32
4295 33
4296 32
4297 33
4298 33
4299 33
4300 33
4301 32
4302 33
4303 32
4304 32
4305 33
4306 33
4307 32
4308 33
4309 33
4310 32
4311 32
4312 32
4313 33
4314 33
4315 33
4316 33
4317 32
4318 34
4319 33
4320 33
4321 33
4322 32
4323 33
4324 33
4325 33
4326 32
4327 33
4328 34
4329 33
4330 33
4331 32
4332 32
4333 33
4334 34
4335 34
4336 33
4337 33
4338 33
4339 33
4340 33
4341 33
4342 33
4343 32
4344 34
4345 32
4346 32
4347 33
4348 33
4349 32
4350 32
4351 33
4352 33
4353 32
4354 33
4355 34
4356 32
4357 33
4358 33
4359 31
4360 33
4361 33
4362 32
4363 33
4364 33
4365 33
4366 32
4367 33
4368 33
4369 33
4370 33
4371 33
4372 34
4373 33
4374 33
4375 33
4376 34
4377 33
4378 33
4379 33
4380 33
4381 32
4382 32
4383 33
4384 33
4385 33
4386 32
4387 33
4388 33
4389 33
4390 33
4391 33
4392 33
4393 33
4394 32
4395 32
4396 33
4397 33
4398 32
4399 33
4400 34
4401 32
4402 32
4403 33
4404 32
4405 34
4406 34
4407 32
4408 33
4409 32
4410 33
4411 33
4412 33
4413 33
4414 32
4415 33
4416 33
4417 33
4418 33
4419 32
4420 33
4421 32
4422 32
4423 33
4424 33
4425 33
4426 34
4427 33
4428 32
4429 32
4430 33
4431 32
4432 33
4433 33
4434 33
4435 33
4436 33
4437 33
4438 33
4439 33
4440 33
4441 33
4442 33
4443 33
4444 33
4445 32
4446 33
4447 34
4448 31
4449 33
4450 34
4451 34
4452 33
4453 32
4454 32
4455 32
4456 33
4457 32
4458 33
4459 33
4460 33
4461 33
4462 33
4463 32
4464 33
4465 33
4466 32
4467 32
4468 33
4469 32
4470 33
4471 33
4472 33
4473 33
4474 33
4475 33
4476 33
4477 34
4478 32
4479 33
4480 32
4481 32
4482 33
4483 33
4484 34
4485 34
4486 33
4487 32
4488 33
4489 33
4490 32
4491 32
4492 32
4493 33
4494 33
4495 32
4496 33
4497 33
4498 33
4499 32
4500 33
4501 33
4502 33
4503 33
4504 32
4505 33
4506 33
4507 32
4508 33
4509 33
4510 32
4511 33
4512 33
4513 32
4514 33
4515 33
4516 33
4517 34
4518 32
4519 32
4520 33
4521 33
4522 32
4523 33
4524 33
4525 33
4526 33
4527 32
4528 33
4529 32
4530 33
4531 32
4532 33
4533 33
4534 33
4535 32
4536 33
4537 33
4538 34
4539 33
4540 33
4541 34
4542 32
4543 32
4544 33
4545 33
4546 33
4547 33
4548 32
4549 33
4550 33
4551 33
4552 32
4553 32
4554 32
4555 33
4556 33
4557 32
4558 33
4559 32
4560 33
4561 33
4562 33
4563 32
4564 32
4565 32
4566 32
4567 33
4568 33
4569 33
4570 32
4571 34
4572 33
4573 33
4574 33
4575 34
4576 33
4577 33
4578 32
4579 33
4580 32
4581 34
4582 33
4583 32
4584 33
4585 33
4586 33
4587 33
4588 32
4589 32
4590 34
4591 34
4592 33
4593 32
4594 33
4595 34
4596 33
4597 32
4598 33
4599 33
4600 33
4601 32
4602 33
4603 33
4604 34
4605 33
4606 32
4607 33
4608 33
4609 34
4610 32
4611 33
4612 33
4613 32
4614 32
4615 34
4616 32
4617 32
4618 33
4619 32
4620 32
4621 33
4622 32
4623 33
4624 32
4625 32
4626 32
4627 33
4628 32
4629 33
4630 33
4631 33
4632 34
4633 32
4634 33
4635 32
4636 32
4637 33
4638 33
4639 33
4640 33
4641 33
4642 33
4643 33
4644 33
4645 33
4646 33
4647 32
4648 33
4649 32
4650 32
4651 33
4652 34
4653 34
4654 33
4655 34
4656 33
4657 32
4658 34
4659 32
4660 32
4661 33
4662 33
4663 33
4664 33
4665 32
4666 33
4667 33
4668 33
4669 32
4670 32
4671 32
4672 33
4673 34
4674 32
4675 34
4676 32
4677 33
4678 33
4679 34
4680 33
4681 32
4682 33
4683 33
4684 33
4685 33
4686 32
4687 33
4688 33
4689 33
4690 33
4691 34
4692 33
4693 32
4694 33
4695 33
4696 34
4697 33
4698 33
4699 33
4700 32
4701 32
4702 33
4703 32
4704 33
4705 33
4706 33
4707 34
4708 33
4709 33
4710 33
4711 33
4712 33
4713 33
4714 33
4715 33
4716 33
4717 32
4718 34
4719 34
4720 32
4721 32
4722 33
4723 32
4724 33
4725 32
4726 33
4727 33
4728 33
4729 33
4730 32
4731 33
4732 32
4733 34
4734 33
4735 33
4736 32
4737 32
4738 33
4739 33
4740 33
4741 33
4742 33
4743 33
4744 33
4745 32
4746 34
4747 32
4748 33
4749 32
4750 33
4751 33
4752 33
4753 33
4754 33
4755 32
4756 34
4757 32
4758 32
4759 33
4760 33
4761 32
4762 33
4763 33
4764 33
4765 33
4766 32
4767 33
4768 32
4769 33
4770 34
4771 32
4772 33
4773 33
4774 32
4775 33
4776 33
4777 33
4778 34
4779 33
4780 32
4781 32
4782 33
4783 33
4784 32
4785 32
4786 33
4787 33
4788 33
4789 33
4790 32
4791 33
4792 32
4793 33
4794 32
4795 33
4796 32
4797 33
4798 32
4799 33
4800 33
4801 33
4802 33
4803 32
4804 34
4805 33
4806 32
4807 32
4808 32
4809 32
4810 33
4811 33
4812 32
4813 34
4814 34
4815 31
4816 33
4817 33
4818 32
4819 32
4820 33
4821 32
4822 33
4823 32
4824 32
4825 33
4826 32
4827 33
4828 33
4829 33
4830 33
4831 32
4832 32
4833 32
4834 34
4835 32
4836 34
4837 33
4838 33
4839 33
4840 33
4841 33
4842 33
4843 32
4844 32
4845 33
4846 33
4847 34
4848 32
4849 33
4850 33
4851 33
4852 32
4853 32
4854 32
4855 33
4856 32
4857 32
4858 33
4859 32
4860 34
4861 33
4862 33
4863 33
4864 33
4865 32
4866 34
4867 33
4868 33
4869 33
4870 32
4871 33
4872 32
4873 33
4874 33
4875 32
4876 33
4877 32
4878 33
4879 33
4880 33
4881 33
4882 33
4883 33
4884 33
4885 33
4886 32
4887 33
4888 33
4889 33
4890 32
4891 34
4892 32
4893 32
4894 33
4895 32
4896 32
4897 32
4898 33
4899 33
4900 32
4901 33
4902 33
4903 32
4904 33
4905 32
4906 33
4907 33
4908 33
4909 32
4910 33
4911 33
4912 32
4913 33
4914 33
4915 33
4916 32
4917 33
4918 34
4919 33
4920 32
4921 32
4922 33
4923 33
4924 33
4925 33
4926 32
4927 33
4928 33
4929 32
4930 33
4931 33
4932 33
4933 33
4934 33
4935 33
4936 33
4937 33
4938 32
4939 33
4940 33
4941 33
4942 33
4943 32
4944 32
4945 32
4946 33
4947 33
4948 33
4949 33
4950 33
4951 33
4952 33
4953 32
4954 33
4955 32
4956 32
4957 33
4958 32
4959 33
4960 33
4961 33
4962 33
4963 33
4964 33
4965 33
4966 32
4967 34
4968 33
4969 32
4970 32
4971 33
4972 33
4973 32
4974 33
4975 33
4976 32
4977 32
4978 32
4979 32
4980 33
4981 33
4982 32
4983 31
4984 34
4985 32
4986 32
4987 33
4988 33
4989 32
4990 33
4991 32
4992 33
4993 32
4994 33
4995 34
4996 33
4997 33
4998 32
4999 32
5000 32
5001 33
5002 33
5003 32
5004 33
5005 34
5006 33
5007 33
5008 33
5009 33
5010 33
5011 33
5012 33
5013 33
5014 33
5015 33
5016 33
5017 33
5018 34
5019 32
5020 34
5021 33
5022 33
5023 33
5024 33
5025 33
5026 33
5027 33
5028 33
5029 33
5030 33
5031 32
5032 32
5033 33
5034 33
5035 33
5036 33
5037 33
5038 32
5039 33
5040 34
5041 33
5042 33
5043 32
5044 32
5045 33
5046 32
5047 34
5048 32
5049 33
5050 33
5051 33
5052 33
5053 33
5054 33
5055 33
5056 33
5057 34
5058 32
5059 33
5060 33
5061 33
5062 32
5063 33
5064 33
5065 33
5066 33
5067 33
5068 32
5069 33
5070 33
5071 32
5072 33
5073 33
5074 32
5075 33
5076 34
5077 33
5078 33
5079 34
5080 33
5081 33
5082 34
5083 32
5084 33
5085 33
5086 33
5087 33
5088 32
5089 32
5090 33
5091 32
5092 33
5093 33
5094 32
5095 34
5096 33
5097 33
5098 32
5099 33
5100 33
5101 34
5102 33
5103 33
5104 33
5105 32
5106 33
5107 32
5108 33
5109 33
5110 34
5111 32
5112 33
5113 33
5114 32
5115 33
5116 33
5117 32
5118 33
5119 32
5120 32
5121 33
5122 32
5123 34
5124 33
5125 33
5126 33
5127 33
5128 33
5129 33
5130 33
5131 33
5132 33
5133 34
5134 32
5135 32
5136 33
5137 34
5138 32
5139 32
5140 32
5141 34
5142 34
5143 33
5144 32
5145 32
5146 32
5147 34
5148 32
5149 32
5150 32
5151 33
5152 33
5153 33
5154 33
5155 32
5156 32
5157 33
5158 33
5159 33
5160 33
5161 32
5162 33
5163 33
5164 33
5165 34
5166 33
5167 33
5168 33
5169 33
5170 32
5171 32
5172 33
5173 33
5174 33
5175 32
5176 34
5177 32
5178 32
5179 32
5180 32
5181 33
5182 33
5183 34
5184 33
5185 34
5186 33
5187 33
5188 33
5189 33
5190 32
5191 33
5192 33
5193 34
5194 32
5195 33
5196 33
5197 32
5198 33
5199 32
5200 33
5201 33
5202 33
5203 33
5204 32
5205 33
5206 32
5207 33
5208 32
5209 33
5210 32
5211 32
5212 33
5213 33
5214 33
5215 33
5216 32
5217 33
5218 33
5219 33
5220 32
5221 33
5222 33
5223 32
5224 32
5225 33
5226 33
5227 34
5228 32
5229 33
5230 33
5231 33
5232 32
5233 33
5234 32
5235 34
5236 33
5237 33
5238 34
5239 33
5240 32
5241 32
5242 32
5243 33
5244 32
5245 33
5246 33
5247 32
5248 33
5249 34
5250 34
5251 33
5252 33
5253 32
5254 33
5255 33
5256 33
5257 33
5258 32
5259 33
5260 33
5261 33
5262 33
5263 33
5264 33
5265 33
5266 33
5267 33
5268 32
5269 33
5270 33
5271 32
5272 33
5273 33
5274 32
5275 33
5276 34
5277 32
5278 33
5279 32
5280 32
5281 33
5282 33
5283 34
5284 33
5285 33
5286 32
5287 33
5288 32
5289 33
5290 33
5291 33
5292 33
5293 33
5294 33
5295 32
5296 32
5297 33
5298 33
5299 33
5300 33
5301 34
5302 33
5303 33
5304 33
5305 32
5306 32
5307 33
5308 33
5309 33
5310 32
5311 32
5312 33
5313 33
5314 32
5315 33
5316 32
5317 33
5318 32
5319 33
5320 33
5321 32
5322 33
5323 33
5324 32
5325 33
5326 33
5327 33
5328 33
5329 32
5330 32
5331 33
5332 32
5333 32
5334 33
5335 33
5336 32
5337 33
5338 33
5339 32
5340 33
5341 33
5342 32
5343 33
5344 34
5345 33
5346 33
5347 33
5348 33
5349 32
5350 32
5351 33
5352 33
5353 34
5354 32
5355 32
5356 33
5357 32
5358 32
5359 32
5360 32
5361 33
5362 32
5363 32
5364 32
5365 33
5366 33
5367 32
5368 33
5369 32
5370 33
5371 32
5372 33
5373 33
5374 33
5375 32
5376 34
5377 34
5378 32
5379 33
5380 33
5381 32
5382 33
5383 33
5384 33
5385 33
5386 33
5387 31
5388 33
5389 33
5390 33
5391 33
5392 32
5393 34
5394 33
5395 33
5396 33
5397 33
5398 32
5399 33
5400 32
5401 34
5402 32
5403 34
5404 32
5405 33
5406 33
5407 33
5408 33
5409 32
5410 33
5411 33
5412 32
5413 33
5414 33
5415 33
5416 32
5417 33
5418 33
5419 32
5420 33
5421 32
5422 33
5423 33
5424 32
5425 33
5426 33
5427 33
5428 32
5429 33
5430 33
5431 32
5432 33
5433 32
5434 32
5435 33
5436 32
5437 32
5438 32
5439 33
5440 32
5441 32
5442 33
5443 33
5444 32
5445 33
5446 32
5447 33
5448 32
5449 33
5450 34
5451 32
5452 33
5453 33
5454 33
5455 33
5456 33
5457 33
5458 33
5459 33
5460 33
5461 33
5462 34
5463 33
5464 32
5465 34
5466 33
5467 33
5468 33
5469 33
5470 33
5471 34
5472 33
5473 33
5474 33
5475 33
5476 33
5477 32
5478 32
5479 33
5480 32
5481 33
5482 33
5483 32
5484 33
5485 33
5486 33
5487 32
5488 33
5489 33
5490 33
5491 32
5492 34
5493 33
5494 34
5495 32
5496 33
5497 32
5498 34
5499 33
5500 32
5501 32
5502 33
5503 32
5504 31
5505 33
5506 33
5507 33
5508 33
5509 32
5510 32
5511 34
5512 33
5513 33
5514 33
5515 32
5516 32
5517 33
5518 33
5519 32
5520 32
5521 32
5522 33
5523 32
5524 33
5525 33
5526 33
5527 33
5528 34
5529 32
5530 33
5531 32
5532 32
5533 33
5534 31
5535 32
5536 33
5537 33
5538 33
5539 33
5540 33
5541 33
5542 33
5543 33
5544 33
5545 33
5546 33
5547 33
5548 33
5549 33
5550 33
5551 33
5552 33
5553 33
5554 34
5555 33
5556 33
5557 32
5558 33
5559 32
5560 33
5561 33
5562 32
5563 32
5564 33
5565 32
5566 33
5567 33
5568 32
5569 32
5570 33
5571 33
5572 33
5573 33
5574 33
5575 33
5576 33
5577 33
5578 33
5579 32
5580 32
5581 33
5582 33
5583 32
5584 33
5585 33
5586 32
5587 33
5588 34
5589 33
5590 32
5591 33
5592 33
5593 33
5594 33
5595 33
5596 32
5597 33
5598 33
5599 33
5600 33
5601 34
5602 32
5603 32
5604 32
5605 33
5606 33
5607 33
5608 33
5609 33
5610 33
5611 33
5612 32
5613 33
5614 33
5615 33
5616 34
5617 33
5618 32
5619 33
5620 33
5621 33
5622 32
5623 32
5624 33
5625 33
5626 32
5627 33
5628 32
5629 33
5630 32
5631 32
5632 33
5633 32
5634 34
5635 32
5636 32
5637 33
5638 32
5639 33
5640 32
5641 33
5642 33
5643 33
5644 33
5645 33
5646 33
5647 34
5648 33
5649 33
5650 33
5651 33
5652 32
5653 32
5654 32
5655 33
5656 33
5657 33
5658 32
5659 33
5660 32
5661 33
5662 34
5663 33
5664 32
5665 33
5666 32
5667 32
5668 33
5669 33
5670 33
5671 33
5672 32
5673 33
5674 32
5675 33
5676 32
5677 32
5678 34
5679 33
5680 32
5681 33
5682 33
5683 32
5684 33
5685 33
5686 32
5687 33
5688 31
5689 32
5690 33
5691 33
5692 32
5693 33
5694 33
5695 33
5696 32
5697 33
5698 32
5699 33
5700 32
5701 33
5702 34
5703 32
5704 32
5705 33
5706 33
5707 32
5708 33
5709 33
5710 32
5711 33
5712 33
5713 33
5714 34
5715 32
5716 33
5717 33
5718 32
5719 32
5720 32
5721 32
5722 34
5723 33
5724 32
5725 33
5726 32
5727 33
5728 34
5729 33
5730 33
5731 33
5732 33
5733 32
5734 33
5735 33
5736 33
5737 33
5738 32
5739 33
5740 32
5741 32
5742 33
5743 33
5744 33
5745 33
5746 32
5747 33
5748 33
5749 33
5750 32
5751 32
5752 32
5753 33
5754 32
5755 33
5756 33
5757 33
5758 33
5759 33
5760 34
5761 33
5762 33
5763 33
5764 33
5765 33
5766 32
5767 32
5768 33
5769 33
5770 33
5771 32
5772 32
5773 33
5774 33
5775 32
5776 33
5777 33
5778 33
5779 33
5780 33
5781 33
5782 33
5783 33
5784 33
5785 32
5786 33
5787 32
5788 32
5789 33
5790 34
5791 33
5792 33
5793 33
5794 32
5795 34
5796 33
5797 33
5798 33
5799 33
5800 33
5801 32
5802 33
5803 32
5804 33
5805 33
5806 33
5807 33
5808 33
5809 33
5810 33
5811 32
5812 33
5813 33
5814 32
5815 32
5816 33
5817 32
5818 33
5819 33
5820 32
5821 33
5822 33
5823 33
5824 33
5825 33
5826 33
5827 33
5828 32
5829 34
5830 33
5831 32
5832 31
5833 33
5834 32
5835 32
5836 33
5837 33
5838 32
5839 33
5840 32
5841 33
5842 33
5843 33
5844 33
5845 33
5846 32
5847 33
5848 33
5849 34
5850 32
5851 33
5852 33
5853 33
5854 34
5855 33
5856 33
5857 33
5858 33
5859 32
5860 32
5861 32
5862 33
5863 33
5864 33
5865 33
5866 33
5867 32
5868 33
5869 33
5870 33
5871 33
5872 33
5873 32
5874 33
5875 32
5876 33
5877 34
5878 33
5879 33
5880 33
5881 33
5882 33
5883 33
5884 33
5885 33
5886 33
5887 33
5888 32
5889 33
5890 32
5891 33
5892 33
5893 33
5894 33
5895 34
5896 34
5897 32
5898 33
5899 33
5900 32
5901 32
5902 32
5903 32
5904 33
5905 32
5906 33
5907 32
5908 34
5909 32
5910 33
5911 34
5912 33
5913 33
5914 32
5915 31
5916 33
5917 33
5918 32
5919 32
5920 33
5921 33
5922 33
5923 33
5924 33
5925 33
5926 32
5927 32
5928 33
5929 32
5930 33
5931 33
5932 33
5933 33
5934 33
5935 32
5936 33
5937 32
5938 33
5939 33
5940 32
5941 33
5942 32
5943 33
5944 33
5945 33
5946 33
5947 33
5948 32
5949 33
5950 33
5951 33
5952 33
5953 32
5954 32
5955 33
5956 33
5957 33
5958 33
5959 33
5960 32
5961 33
5962 33
5963 33
5964 33
5965 34
5966 33
5967 33
5968 32
5969 33
5970 34
5971 33
5972 32
5973 33
5974 33
5975 33
5976 33
5977 33
5978 33
5979 33
5980 33
5981 33
5982 33
5983 33
5984 34
5985 33
5986 33
5987 33
5988 33
5989 32
5990 32
5991 33
5992 33
5993 33
5994 33
5995 34
5996 33
5997 33
5998 32
5999 33
6000 32
6001 32
6002 33
6003 33
6004 32
6005 32
6006 33
6007 33
6008 33
6009 33
6010 33
6011 33
6012 32
6013 33
6014 33
6015 33
6016 33
6017 33
6018 32
6019 33
6020 32
6021 33
6022 32
6023 33
6024 33
6025 33
6026 34
6027 32
6028 33
6029 34
6030 33
6031 32
6032 33
6033 32
6034 33
6035 33
6036 33
6037 32
6038 33
6039 33
6040 33
6041 33
6042 32
6043 32
6044 32
6045 32
6046 33
6047 33
6048 33
6049 32
6050 32
6051 32
6052 33
6053 34
6054 33
6055 33
6056 33
6057 32
6058 33
6059 33
6060 33
6061 33
6062 33
6063 34
6064 34
6065 33
6066 33
6067 33
6068 33
6069 34
6070 32
6071 33
6072 32
6073 33
6074 33
6075 32
6076 32
6077 33
6078 33
6079 33
6080 33
6081 32
6082 34
6083 33
6084 32
6085 34
6086 33
6087 32
6088 33
6089 32
6090 33
6091 33
6092 32
6093 32
6094 33
6095 32
6096 33
6097 32
6098 34
6099 32
6100 33
6101 33
6102 33
6103 33
6104 33
6105 32
6106 32
6107 32
6108 33
6109 34
6110 34
6111 33
6112 33
6113 33
6114 33
6115 32
6116 32
6117 32
6118 32
6119 34
6120 33
6121 33
6122 31
6123 33
6124 34
6125 33
6126 32
6127 32
6128 34
6129 33
6130 32
6131 34
6132 32
6133 34
6134 34
6135 33
6136 33
6137 32
6138 33
6139 33
6140 33
6141 32
6142 33
6143 33
6144 32
6145 32
6146 33
6147 33
6148 32
6149 33
6150 32
6151 33
6152 32
6153 33
6154 33
6155 33
6156 34
6157 32
6158 33
6159 33
6160 32
6161 33
6162 32
6163 33
6164 32
6165 33
6166 32
6167 33
6168 33
6169 33
6170 32
6171 33
6172 32
6173 33
6174 33
6175 33
6176 33
6177 33
6178 33
6179 33
6180 33
6181 33
6182 33
6183 33
6184 33
6185 33
6186 34
6187 33
6188 32
6189 32
6190 33
6191 32
6192 33
6193 33
6194 33
6195 33
6196 33
6197 32
6198 33
6199 33
6200 32
6201 33
6202 33
6203 33
6204 32
6205 32
6206 32
6207 33
6208 33
6209 32
6210 32
6211 33
6212 32
6213 32
6214 33
6215 33
6216 33
6217 32
6218 33
6219 34
6220 33
6221 34
6222 33
6223 33
6224 34
6225 33
6226 34
6227 33
6228 33
6229 33
6230 33
6231 33
6232 33
6233 32
6234 32
6235 33
6236 33
6237 33
6238 32
6239 33
6240 32
6241 33
6242 33
6243 33
6244 33
6245 33
6246 33
6247 33
6248 33
6249 32
6250 32
6251 32
6252 33
6253 33
6254 33
6255 33
6256 32
6257 33
6258 32
6259 33
6260 34
6261 33
6262 33
6263 33
6264 33
6265 32
6266 33
6267 31
6268 33
6269 33
6270 33
6271 32
6272 33
6273 32
6274 32
6275 33
6276 32
6277 33
6278 33
6279 32
6280 32
6281 34
6282 33
6283 33
6284 33
6285 32
6286 34
6287 34
6288 33
6289 33
6290 33
6291 34
6292 33
6293 32
6294 33
6295 33
6296 33
6297 33
6298 34
6299 32
6300 34
6301 33
6302 33
6303 34
6304 33
6305 32
6306 33
6307 33
6308 33
6309 33
6310 32
6311 33
6312 32
6313 32
6314 34
6315 33
6316 33
6317 33
6318 32
6319 33
6320 33
6321 33
6322 33
6323 33
6324 33
6325 32
6326 33
6327 33
6328 33
6329 33
6330 33
6331 33
6332 33
6333 33
6334 33
6335 33
6336 33
6337 32
6338 33
6339 34
6340 33
6341 33
6342 32
6343 33
6344 33
6345 33
6346 32
6347 32
6348 33
6349 32
6350 32
6351 33
6352 34
6353 32
6354 33
6355 33
6356 32
6357 32
6358 33
6359 33
6360 33
6361 33
6362 33
6363 33
6364 33
6365 33
6366 33
6367 33
6368 33
6369 33
6370 32
6371 33
6372 32
6373 33
6374 33
6375 32
6376 34
6377 33
6378 33
6379 34
6380 33
6381 34
6382 33
6383 33
6384 33
6385 33
6386 34
6387 33
6388 33
6389 32
6390 33
6391 33
6392 33
6393 32
6394 33
6395 32
6396 32
6397 34
6398 33
6399 33
6400 33
6401 32
6402 33
6403 33
6404 33
6405 33
6406 33
6407 34
6408 32
6409 33
6410 31
6411 33
6412 33
6413 33
6414 33
6415 33
6416 33
6417 33
6418 32
6419 33
6420 32
6421 33
6422 33
6423 33
6424 32
6425 33
6426 33
6427 34
6428 32
6429 32
6430 32
6431 33
6432 33
6433 33
6434 33
6435 32
6436 33
6437 33
6438 32
6439 33
6440 33
6441 34
6442 33
6443 33
6444 32
6445 33
6446 33
6447 33
6448 33
6449 33
6450 33
6451 34
6452 33
6453 33
6454 33
6455 33
6456 34
6457 33
6458 33
6459 34
6460 33
6461 32
6462 33
6463 33
6464 32
6465 33
6466 33
6467 32
6468 33
6469 33
6470 34
6471 33
6472 32
6473 33
6474 32
6475 32
6476 33
6477 31
6478 33
6479 32
6480 33
6481 33
6482 32
6483 33
6484 33
6485 33
6486 33
6487 33
6488 33
6489 32
6490 32
6491 33
6492 32
6493 33
6494 33
6495 33
6496 33
6497 33
6498 33
6499 32
6500 32
6501 32
6502 33
6503 33
6504 33
6505 33
6506 34
6507 33
6508 33
6509 32
6510 33
6511 33
6512 33
6513 33
6514 32
6515 33
6516 33
6517 33
6518 33
6519 33
6520 34
6521 33
6522 33
6523 33
6524 33
6525 32
6526 32
6527 33
6528 34
6529 33
6530 33
6531 33
6532 33
6533 32
6534 33
6535 33
6536 32
6537 33
6538 33
6539 33
6540 33
6541 32
6542 33
6543 34
6544 33
6545 32
6546 32
6547 32
6548 34
6549 33
6550 33
6551 32
6552 33
6553 33
6554 33
6555 34
6556 33
6557 33
6558 33
6559 33
6560 33
6561 33
6562 32
6563 33
6564 33
6565 33
6566 32
6567 32
6568 33
6569 34
6570 33
6571 34
6572 33
6573 33
6574 33
6575 33
6576 32
6577 33
6578 33
6579 32
6580 32
6581 32
6582 33
6583 33
6584 33
6585 32
6586 33
6587 33
6588 33
6589 34
6590 33
6591 32
6592 33
6593 32
6594 32
6595 33
6596 32
6597 32
6598 33
6599 33
6600 32
6601 32
6602 33
6603 34
6604 33
6605 33
6606 33
6607 34
6608 33
6609 33
6610 33
6611 33
6612 34
6613 33
6614 33
6615 32
6616 33
6617 32
6618 33
6619 33
6620 32
6621 33
6622 33
6623 33
6624 33
6625 33
6626 33
6627 33
6628 34
6629 33
6630 33
6631 33
6632 32
6633 32
6634 33
6635 33
6636 33
6637 33
6638 33
6639 33
6640 33
6641 32
6642 33
6643 33
6644 32
6645 32
6646 33
6647 34
6648 34
6649 33
6650 33
6651 32
6652 33
6653 33
6654 32
6655 33
6656 33
6657 32
6658 34
6659 34
6660 33
6661 33
6662 32
6663 33
6664 33
6665 32
6666 32
6667 34
6668 32
6669 34
6670 33
6671 32
6672 34
6673 32
6674 33
6675 33
6676 34
6677 32
6678 34
6679 32
6680 33
6681 33
6682 33
6683 34
6684 34
6685 33
6686 32
6687 32
6688 33
6689 34
6690 32
6691 33
6692 33
6693 33
6694 33
6695 32
6696 33
6697 34
6698 32
6699 33
6700 32
6701 33
6702 33
6703 34
6704 32
6705 33
6706 32
6707 33
6708 33
6709 33
6710 33
6711 33
6712 33
6713 33
6714 33
6715 34
6716 31
6717 34
6718 32
6719 33
6720 32
6721 33
6722 33
6723 33
6724 32
6725 33
6726 32
6727 33
6728 33
6729 33
6730 33
6731 33
6732 33
6733 33
6734 32
6735 32
6736 32
6737 32
6738 32
6739 34
6740 33
6741 33
6742 34
6743 34
6744 33
6745 32
6746 33
6747 33
6748 33
6749 33
6750 33
6751 32
6752 34
6753 33
6754 33
6755 33
6756 32
6757 33
6758 32
6759 33
6760 33
6761 33
6762 32
6763 33
6764 32
6765 33
6766 33
6767 33
6768 33
6769 32
6770 33
6771 33
6772 33
6773 33
6774 32
6775 33
6776 32
6777 33
6778 33
6779 33
6780 33
6781 33
6782 33
6783 33
6784 33
6785 33
6786 32
6787 33
6788 33
6789 33
6790 33
6791 32
6792 33
6793 33
6794 34
6795 32
6796 33
6797 33
6798 32
6799 32
6800 33
6801 33
6802 33
6803 32
6804 33
6805 33
6806 32
6807 33
6808 33
6809 32
6810 32
6811 33
6812 33
6813 33
6814 33
6815 33
6816 33
6817 33
6818 34
6819 33
6820 34
6821 33
6822 33
6823 32
6824 33
6825 33
6826 33
6827 33
6828 33
6829 32
6830 33
6831 33
6832 33
6833 33
6834 33
6835 33
6836 32
6837 33
6838 33
6839 33
6840 33
6841 32
6842 34
6843 33
6844 32
6845 32
6846 33
6847 33
6848 33
6849 33
6850 33
6851 34
6852 33
6853 33
6854 33
6855 33
6856 32
6857 33
6858 33
6859 32
6860 32
6861 34
6862 34
6863 32
6864 33
6865 33
6866 33
6867 32
6868 32
6869 33
6870 33
6871 32
6872 32
6873 32
6874 33
6875 33
6876 33
6877 34
6878 33
6879 32
6880 34
6881 32
6882 33
6883 33
6884 33
6885 33
6886 33
6887 33
6888 33
6889 34
6890 33
6891 33
6892 33
6893 32
6894 33
6895 33
6896 33
6897 33
6898 33
6899 33
6900 33
6901 33
6902 33
6903 33
6904 33
6905 33
6906 33
6907 33
6908 33
6909 32
6910 33
6911 33
6912 33
6913 32
6914 33
6915 32
6916 32
6917 33
6918 33
6919 33
6920 33
6921 33
6922 34
6923 33
6924 33
6925 32
6926 33
6927 32
6928 34
6929 33
6930 33
6931 33
6932 32
6933 33
6934 33
6935 32
6936 33
6937 32
6938 33
6939 32
6940 33
6941 34
6942 34
6943 32
6944 33
6945 34
6946 32
6947 32
6948 32
6949 33
6950 33
6951 33
6952 34
6953 32
6954 33
6955 33
6956 33
6957 33
6958 34
6959 32
6960 33
6961 33
6962 33
6963 33
6964 33
6965 33
6966 32
6967 33
6968 33
6969 33
6970 34
6971 34
6972 33
6973 33
6974 33
6975 33
6976 33
6977 32
6978 34
6979 33
6980 33
6981 33
6982 33
6983 33
6984 33
6985 33
6986 33
6987 33
6988 33
6989 33
6990 33
6991 33
6992 33
6993 32
6994 33
6995 32
6996 32
6997 33
6998 33
6999 32
7000 32
7001 33
7002 32
7003 33
7004 33
7005 33
7006 34
7007 33
7008 33
7009 34
7010 34
7011 33
7012 33
7013 33
7014 33
7015 33
7016 33
7017 33
7018 32
7019 33
7020 33
7021 33
7022 33
7023 33
7024 33
7025 33
7026 33
7027 32
7028 32
7029 32
7030 33
7031 33
7032 33
7033 33
7034 33
7035 33
7036 33
7037 33
7038 32
7039 33
7040 32
7041 33
7042 34
7043 32
7044 33
7045 32
7046 32
7047 33
7048 32
7049 33
7050 33
7051 33
7052 33
7053 33
7054 32
7055 34
7056 33
7057 33
7058 33
7059 33
7060 33
7061 33
7062 32
7063 33
7064 32
7065 33
7066 33
7067 33
7068 33
7069 33
7070 32
7071 33
7072 32
7073 32
7074 33
7075 33
7076 32
7077 32
7078 33
7079 33
7080 32
7081 34
7082 31
7083 32
7084 33
7085 32
7086 33
7087 33
7088 33
7089 33
7090 33
7091 32
7092 33
7093 34
7094 33
7095 32
7096 32
7097 33
7098 33
7099 33
7100 32
7101 33
7102 32
7103 33
7104 33
7105 32
7106 34
7107 33
7108 33
7109 33
7110 32
7111 32
7112 33
7113 33
7114 33
7115 33
7116 33
7117 33
7118 33
7119 32
7120 32
7121 33
7122 33
7123 32
7124 34
7125 34
7126 33
7127 33
7128 33
7129 33
7130 33
7131 33
7132 32
7133 32
7134 33
7135 33
7136 33
7137 32
7138 34
7139 33
7140 33
7141 33
7142 33
7143 34
7144 33
7145 32
7146 32
7147 33
7148 33
7149 33
7150 33
7151 33
7152 33
7153 33
7154 33
7155 33
7156 33
7157 33
7158 32
7159 33
7160 32
7161 33
7162 33
7163 33
7164 33
7165 32
7166 33
7167 32
7168 33
7169 32
7170 34
7171 33
7172 32
7173 34
7174 33
7175 32
7176 32
7177 33
7178 33
7179 34
7180 33
7181 32
7182 33
7183 32
7184 33
7185 33
7186 33
7187 32
7188 33
7189 33
7190 33
7191 33
7192 32
7193 33
7194 34
7195 33
7196 33
7197 33
7198 33
7199 33
7200 32
7201 33
7202 33
7203 32
7204 33
7205 32
7206 33
7207 33
7208 33
7209 32
7210 32
7211 34
7212 33
7213 33
7214 33
7215 32
7216 33
7217 34
7218 33
7219 32
7220 32
7221 32
7222 33
7223 32
7224 33
7225 32
7226 33
7227 32
7228 32
7229 33
7230 34
7231 33
7232 32
7233 34
7234 33
7235 32
7236 32
7237 32
7238 33
7239 33
7240 33
7241 32
7242 32
7243 34
7244 32
7245 33
7246 33
7247 32
7248 32
7249 33
7250 33
7251 33
7252 33
7253 33
7254 33
7255 32
7256 33
7257 33
7258 33
7259 33
7260 33
7261 33
7262 33
7263 33
7264 32
7265 33
7266 33
7267 32
7268 34
7269 33
7270 33
7271 33
7272 33
7273 34
7274 33
7275 33
7276 33
7277 33
7278 33
7279 33
7280 34
7281 33
7282 33
7283 31
7284 34
7285 33
7286 32
7287 33
7288 33
7289 33
7290 32
7291 32
7292 33
7293 33
7294 33
7295 33
7296 33
7297 33
7298 33
7299 33
7300 32
7301 32
7302 33
7303 33
7304 32
7305 33
7306 32
7307 33
7308 33
7309 34
7310 32
7311 33
7312 33
7313 33
7314 34
7315 32
7316 33
7317 33
7318 32
7319 33
7320 32
7321 32
7322 32
7323 33
7324 33
7325 33
7326 33
7327 33
7328 33
7329 32
7330 33
7331 32
7332 33
7333 32
7334 34
7335 33
7336 32
7337 32
7338 34
7339 33
7340 33
7341 33
7342 33
7343 33
7344 32
7345 32
7346 33
7347 32
7348 33
7349 32
7350 33
7351 33
7352 33
7353 33
7354 34
7355 32
7356 33
7357 32
7358 32
7359 32
7360 33
7361 33
7362 33
7363 32
7364 32
7365 33
7366 32
7367 33
7368 33
7369 33
7370 33
7371 33
7372 33
7373 33
7374 33
7375 34
7376 33
7377 32
7378 33
7379 33
7380 33
7381 32
7382 33
7383 33
7384 33
7385 33
7386 34
7387 34
7388 32
7389 33
7390 31
7391 33
7392 34
7393 33
7394 33
7395 32
7396 33
7397 32
7398 33
7399 33
7400 33
7401 33
7402 33
7403 33
7404 32
7405 32
7406 33
7407 33
7408 32
7409 33
7410 33
7411 33
7412 34
7413 34
7414 32
7415 33
7416 33
7417 33
7418 32
7419 32
7420 33
7421 33
7422 32
7423 32
7424 32
7425 33
7426 33
7427 32
7428 33
7429 33
7430 33
7431 33
7432 32
7433 33
7434 33
7435 32
7436 33
7437 32
7438 34
7439 33
7440 33
7441 34
7442 33
7443 33
7444 33
7445 33
7446 33
7447 33
7448 32
7449 32
7450 33
7451 32
7452 34
7453 33
7454 33
7455 33
7456 33
7457 33
7458 32
7459 33
7460 33
7461 33
7462 33
7463 33
7464 32
7465 33
7466 33
7467 33
7468 33
7469 33
7470 33
7471 32
7472 34
7473 33
7474 33
7475 33
7476 33
7477 33
7478 33
7479 33
7480 33
7481 33
7482 33
7483 33
7484 32
7485 34
7486 33
7487 33
7488 33
7489 32
7490 32
7491 33
7492 33
7493 32
7494 32
7495 33
7496 34
7497 34
7498 33
7499 32
7500 33
7501 32
7502 33
7503 32
7504 34
7505 33
7506 34
7507 33
7508 33
7509 32
7510 33
7511 34
7512 33
7513 32
7514 33
7515 34
7516 32
7517 33
7518 33
7519 33
7520 33
7521 34
7522 33
7523 34
7524 32
7525 33
7526 32
7527 34
7528 34
7529 32
7530 33
7531 33
7532 32
7533 33
7534 32
7535 34
7536 32
7537 33
7538 33
7539 33
7540 33
7541 33
7542 32
7543 32
7544 33
7545 33
7546 33
7547 33
7548 33
7549 32
7550 33
7551 33
7552 33
7553 33
7554 32
7555 33
7556 34
7557 33
7558 33
7559 33
7560 33
7561 32
7562 33
7563 33
7564 33
7565 33
7566 32
7567 34
7568 33
7569 33
7570 33
7571 33
7572 32
7573 33
7574 32
7575 32
7576 33
7577 34
7578 34
7579 33
7580 32
7581 33
7582 32
7583 33
7584 33
7585 33
7586 33
7587 33
7588 32
7589 32
7590 33
7591 33
7592 33
7593 33
7594 33
7595 33
7596 33
7597 33
7598 33
7599 33
7600 33
7601 33
7602 33
7603 33
7604 33
7605 32
7606 33
7607 32
7608 34
7609 32
7610 32
7611 34
7612 33
7613 32
7614 32
7615 34
7616 33
7617 34
7618 33
7619 33
7620 33
7621 33
7622 33
7623 33
7624 34
7625 33
7626 33
7627 33
7628 33
7629 33
7630 32
7631 33
7632 32
7633 33
7634 33
7635 33
7636 33
7637 33
7638 34
7639 32
7640 33
7641 33
7642 33
7643 33
7644 32
7645 33
7646 32
7647 33
7648 32
7649 32
7650 32
7651 33
7652 34
7653 32
7654 33
7655 33
7656 32
7657 32
7658 33
7659 32
7660 33
7661 34
7662 33
7663 33
7664 33
7665 32
7666 33
7667 32
7668 33
7669 32
7670 33
7671 33
7672 33
7673 33
7674 33
7675 32
7676 34
7677 33
7678 33
7679 33
7680 33
7681 33
7682 34
7683 32
7684 34
7685 33
7686 33
7687 33
7688 33
7689 31
7690 33
7691 33
7692 32
7693 32
7694 32
7695 33
7696 33
7697 33
7698 33
7699 33
7700 32
7701 32
7702 33
7703 32
7704 32
7705 32
7706 32
7707 33
7708 33
7709 34
7710 33
7711 33
7712 33
7713 32
7714 32
7715 33
7716 32
7717 33
7718 32
7719 32
7720 33
7721 33
7722 32
7723 33
7724 32
7725 33
7726 33
7727 33
7728 33
7729 33
7730 33
7731 32
7732 33
7733 34
7734 33
7735 33
7736 33
7737 33
7738 34
7739 34
7740 33
7741 33
7742 32
7743 33
7744 32
7745 33
7746 32
7747 32
7748 34
7749 33
7750 34
7751 33
7752 34
7753 33
7754 32
7755 33
7756 33
7757 32
7758 33
7759 32
7760 33
7761 32
7762 33
7763 32
7764 32
7765 32
7766 33
7767 32
7768 32
7769 33
7770 32
7771 33
7772 32
7773 33
7774 33
7775 32
7776 34
7777 34
7778 33
7779 33
7780 33
7781 34
7782 33
7783 32
7784 33
7785 33
7786 33
7787 32
7788 34
7789 32
7790 32
7791 33
7792 33
7793 33
7794 33
7795 33
7796 33
7797 32
7798 32
7799 33
7800 33
7801 33
7802 33
7803 33
7804 32
7805 32
7806 32
7807 33
7808 32
7809 33
7810 33
7811 33
7812 33
7813 33
7814 33
7815 33
7816 33
7817 32
7818 33
7819 34
7820 33
7821 33
7822 33
7823 32
7824 33
7825 33
7826 33
7827 33
7828 33
7829 32
7830 33
7831 33
7832 33
7833 33
7834 33
7835 34
7836 33
7837 33
7838 33
7839 33
7840 33
7841 33
7842 33
7843 33
7844 33
7845 32
7846 33
7847 33
7848 33
7849 33
7850 34
7851 32
7852 32
7853 33
7854 33
7855 33
7856 33
7857 34
7858 33
7859 33
7860 33
7861 33
7862 32
7863 32
7864 34
7865 33
7866 33
7867 33
7868 33
7869 33
7870 33
7871 32
7872 32
7873 33
7874 33
7875 32
7876 33
7877 33
7878 33
7879 32
7880 32
7881 32
7882 33
7883 34
7884 34
7885 33
7886 33
7887 32
7888 33
7889 33
7890 34
7891 32
7892 33
7893 33
7894 34
7895 33
7896 32
7897 33
7898 32
7899 33
7900 33
7901 33
7902 33
7903 33
7904 33
7905 33
7906 34
7907 33
7908 33
7909 32
7910 34
7911 33
7912 33
7913 33
7914 32
7915 33
7916 33
7917 33
7918 33
7919 33
7920 33
7921 32
7922 32
7923 33
7924 33
7925 33
7926 32
7927 33
7928 33
7929 32
7930 32
7931 33
7932 33
7933 32
7934 33
7935 33
7936 33
7937 33
7938 34
7939 33
7940 33
7941 32
7942 33
7943 33
7944 32
7945 32
7946 33
7947 33
7948 33
7949 33
7950 33
7951 33
7952 33
7953 32
7954 32
7955 32
7956 33
7957 33
7958 31
7959 33
7960 33
7961 33
7962 32
7963 33
7964 32
7965 33
7966 32
7967 33
7968 34
7969 33
7970 32
7971 33
7972 33
7973 32
7974 32
7975 34
7976 33
7977 32
7978 32
7979 33
7980 33
7981 33
7982 32
7983 33
7984 33
7985 33
7986 33
7987 33
7988 33
7989 33
7990 33
7991 33
7992 33
7993 34
7994 33
7995 32
7996 33
7997 32
7998 33
7999 33
8000 32
8001 32
8002 33
8003 32
8004 33
8005 34
8006 34
8007 33
8008 33
8009 33
8010 33
8011 33
8012 34
8013 33
8014 33
8015 33
8016 34
8017 32
8018 33
8019 32
8020 33
8021 34
8022 33
8023 33
8024 33
8025 33
8026 33
8027 33
8028 33
8029 33
8030 32
8031 32
8032 33
8033 33
8034 34
8035 33
8036 32
8037 33
8038 33
8039 34
8040 33
8041 32
8042 34
8043 32
8044 33
8045 32
8046 32
8047 32
8048 32
8049 33
8050 33
8051 32
8052 33
8053 33
8054 33
8055 32
8056 32
8057 33
8058 32
8059 33
8060 34
8061 33
8062 33
8063 32
8064 33
8065 33
8066 32
8067 33
8068 32
8069 33
8070 33
8071 33
8072 32
8073 32
8074 32
8075 32
8076 33
8077 32
8078 33
8079 33
8080 34
8081 33
8082 33
8083 32
8084 32
8085 32
8086 32
8087 32
8088 33
8089 32
8090 33
8091 33
8092 32
8093 32
8094 33
8095 33
8096 34
8097 33
8098 33
8099 33
8100 32
8101 33
8102 33
8103 34
8104 32
8105 33
8106 33
8107 34
8108 33
8109 32
8110 33
8111 32
8112 32
8113 33
8114 33
8115 32
8116 32
8117 33
8118 32
8119 33
8120 33
8121 33
8122 32
8123 32
8124 33
8125 33
8126 33
8127 33
8128 32
8129 33
8130 31
8131 32
8132 33
8133 33
8134 32
8135 33
8136 33
8137 33
8138 33
8139 32
8140 31
8141 32
8142 32
8143 33
8144 33
8145 32
8146 33
8147 33
8148 34
8149 33
8150 33
8151 33
8152 33
8153 34
8154 32
8155 33
8156 33
8157 32
8158 33
8159 33
8160 33
8161 33
8162 33
8163 34
8164 33
8165 33
8166 32
8167 33
8168 33
8169 33
8170 34
8171 33
8172 33
8173 32
8174 32
8175 33
8176 33
8177 33
8178 32
8179 33
8180 32
8181 33
8182 33
8183 32
8184 34
8185 33
8186 34
8187 33
8188 33
8189 34
8190 33
8191 33
8192 33
8193 33
8194 33
8195 34
8196 33
8197 33
8198 33
8199 33
8200 33
8201 32
8202 32
8203 33
8204 33
8205 33
8206 33
8207 33
8208 33
8209 33
8210 33
8211 33
8212 33
8213 33
8214 33
8215 34
8216 33
8217 33
8218 32
8219 32
8220 33
8221 31
8222 33
8223 33
8224 33
8225 33
8226 32
8227 33
8228 32
8229 32
8230 32
8231 33
8232 32
8233 32
8234 33
8235 33
8236 33
8237 33
8238 33
8239 33
8240 32
8241 33
8242 33
8243 33
8244 33
8245 34
8246 33
8247 32
8248 33
8249 33
8250 33
8251 33
8252 32
8253 33
8254 33
8255 33
8256 33
8257 33
8258 33
8259 33
8260 32
8261 33
8262 33
8263 32
8264 32
8265 33
8266 33
8267 33
8268 33
8269 32
8270 33
8271 32
8272 33
8273 33
8274 33
8275 32
8276 33
8277 33
8278 33
8279 32
8280 34
8281 33
8282 33
8283 34
8284 34
8285 33
8286 32
8287 33
8288 33
8289 32
8290 33
8291 33
8292 32
8293 33
8294 33
8295 33
8296 32
8297 33
8298 33
8299 32
8300 32
8301 33
8302 33
8303 32
8304 32
8305 33
8306 33
8307 33
8308 33
8309 32
8310 34
8311 32
8312 33
8313 33
8314 33
8315 34
8316 33
8317 33
8318 33
8319 32
8320 33
8321 33
8322 33
8323 32
8324 33
8325 33
8326 33
8327 34
8328 32
8329 34
8330 33
8331 32
8332 32
8333 33
8334 32
8335 33
8336 33
8337 32
8338 33
8339 34
8340 33
8341 32
8342 32
8343 33
8344 33
8345 32
8346 32
8347 33
8348 34
8349 32
8350 33
8351 33
8352 33
8353 33
8354 33
8355 33
8356 33
8357 33
8358 33
8359 33
8360 32
8361 32
8362 32
8363 32
8364 32
8365 34
8366 34
8367 33
8368 33
8369 33
8370 33
8371 33
8372 32
8373 32
8374 32
8375 32
8376 33
8377 33
8378 33
8379 33
8380 33
8381 31
8382 32
8383 33
8384 32
8385 34
8386 33
8387 33
8388 33
8389 31
8390 33
8391 33
8392 34
8393 33
8394 33
8395 32
8396 33
8397 34
8398 33
8399 33
8400 33
8401 33
8402 33
8403 33
8404 34
8405 33
8406 33
8407 33
8408 34
8409 32
8410 33
8411 33
8412 33
8413 33
8414 33
8415 33
8416 33
8417 32
8418 33
8419 32
8420 33
8421 32
8422 33
8423 34
8424 32
8425 33
8426 33
8427 32
8428 33
8429 33
8430 33
8431 33
8432 33
8433 32
8434 31
8435 33
8436 32
8437 32
8438 33
8439 33
8440 33
8441 33
8442 32
8443 33
8444 34
8445 34
8446 32
8447 32
8448 33
8449 34
8450 33
8451 33
8452 33
8453 33
8454 33
8455 33
8456 33
8457 33
8458 34
8459 33
8460 33
8461 33
8462 33
8463 33
8464 34
8465 33
8466 32
8467 32
8468 33
8469 33
8470 32
8471 32
8472 33
8473 33
8474 33
8475 33
8476 33
8477 32
8478 33
8479 33
8480 33
8481 33
8482 33
8483 32
8484 33
8485 32
8486 33
8487 33
8488 32
8489 33
8490 32
8491 32
8492 33
8493 33
8494 34
8495 34
8496 33
8497 33
8498 33
8499 32
8500 33
8501 32
8502 33
8503 34
8504 33
8505 33
8506 33
8507 34
8508 33
8509 33
8510 33
8511 33
8512 33
8513 33
8514 33
8515 33
8516 32
8517 34
8518 33
8519 33
8520 33
8521 33
8522 33
8523 33
8524 33
8525 33
8526 33
8527 33
8528 33
8529 33
8530 32
8531 34
8532 32
8533 32
8534 33
8535 33
8536 32
8537 33
8538 34
8539 33
8540 33
8541 33
8542 32
8543 33
8544 33
8545 33
8546 34
8547 32
8548 34
8549 32
8550 33
8551 33
8552 33
8553 33
8554 32
8555 33
8556 33
8557 33
8558 33
8559 32
8560 33
8561 33
8562 33
8563 33
8564 33
8565 33
8566 34
8567 33
8568 34
8569 32
8570 33
8571 33
8572 33
8573 33
8574 33
8575 33
8576 33
8577 33
8578 33
8579 34
8580 32
8581 32
8582 33
8583 33
8584 33
8585 32
8586 34
8587 34
8588 33
8589 33
8590 33
8591 33
8592 33
8593 32
8594 33
8595 33
8596 33
8597 33
8598 33
8599 33
8600 33
8601 33
8602 33
8603 33
8604 33
8605 32
8606 33
8607 33
8608 33
8609 33
8610 33
8611 33
8612 33
8613 34
8614 33
8615 33
8616 32
8617 33
8618 32
8619 33
8620 33
8621 32
8622 32
8623 33
8624 34
8625 33
8626 32
8627 33
8628 33
8629 33
8630 33
8631 33
8632 32
8633 33
8634 34
8635 32
8636 33
8637 33
8638 32
8639 33
8640 32
8641 33
8642 34
8643 33
8644 33
8645 33
8646 33
8647 33
8648 33
8649 33
8650 33
8651 32
8652 34
8653 34
8654 33
8655 33
8656 33
8657 34
8658 33
8659 33
8660 33
8661 33
8662 33
8663 32
8664 32
8665 32
8666 33
8667 32
8668 33
8669 33
8670 33
8671 32
8672 33
8673 32
8674 32
8675 32
8676 34
8677 33
8678 33
8679 32
8680 33
8681 33
8682 33
8683 33
8684 32
8685 33
8686 34
8687 33
8688 32
8689 33
8690 33
8691 33
8692 33
8693 33
8694 33
8695 32
8696 33
8697 32
8698 33
8699 32
8700 32
8701 33
8702 33
8703 31
8704 33
8705 33
8706 33
8707 33
8708 33
8709 33
8710 33
8711 33
8712 33
8713 31
8714 33
8715 33
8716 33
8717 32
8718 33
8719 33
8720 34
8721 33
8722 33
8723 32
8724 33
8725 33
8726 33
8727 33
8728 33
8729 33
8730 33
8731 33
8732 33
8733 32
8734 33
8735 34
8736 33
8737 32
8738 32
8739 33
8740 33
8741 33
8742 33
8743 32
8744 33
8745 32
8746 32
8747 33
8748 33
8749 32
8750 32
8751 32
8752 33
8753 33
8754 33
8755 33
8756 32
8757 32
8758 33
8759 33
8760 33
8761 32
8762 33
8763 33
8764 32
8765 33
8766 32
8767 34
8768 32
8769 33
8770 32
8771 33
8772 33
8773 33
8774 33
8775 33
8776 33
8777 34
8778 33
8779 33
8780 33
8781 33
8782 33
8783 33
8784 34
8785 32
8786 33
8787 33
8788 32
8789 33
8790 33
8791 32
8792 32
8793 33
8794 32
8795 32
8796 33
8797 33
8798 33
8799 32
8800 33
8801 33
8802 32
8803 33
8804 34
8805 33
8806 32
8807 32
8808 33
8809 34
8810 33
8811 32
8812 33
8813 32
8814 32
8815 33
8816 32
8817 33
8818 34
8819 33
8820 32
8821 32
8822 33
8823 32
8824 32
8825 32
8826 32
8827 33
8828 33
8829 33
8830 33
8831 33
8832 33
8833 33
8834 33
8835 33
8836 34
8837 33
8838 32
8839 33
8840 32
8841 32
8842 33
8843 33
8844 32
8845 32
