Polymer_Index N_1
0 26
1 26
2 27
3 27
4 27
5 26
6 26
7 26
8 27
9 27
10 26
11 27
12 26
13 26
14 27
15 27
16 26
17 27
18 27
19 27
20 27
21 27
22 27
23 27
24 27
25 27
26 27
27 27
28 27
29 27
30 26
31 26
32 27
33 27
34 26
35 26
36 26
37 26
38 27
39 26
40 26
41 26
42 27
43 26
44 27
45 26
46 27
47 27
48 27
49 26
50 26
51 27
52 27
53 26
54 26
55 26
56 27
57 26
58 27
59 26
60 27
61 26
62 26
63 26
64 27
65 27
66 27
67 26
68 27
69 26
70 28
71 26
72 27
73 27
74 27
75 26
76 27
77 26
78 27
79 27
80 27
81 26
82 25
83 27
84 26
85 26
86 27
87 27
88 27
89 26
90 27
91 26
92 26
93 26
94 26
95 26
96 27
97 27
98 26
99 27
100 27
101 26
102 26
103 27
104 26
105 26
106 27
107 27
108 27
109 26
110 26
111 27
112 25
113 26
114 27
115 27
116 26
117 27
118 27
119 27
120 27
121 26
122 25
123 27
124 26
125 27
126 27
127 27
128 27
129 26
130 27
131 26
132 27
133 26
134 27
135 27
136 27
137 27
138 26
139 27
140 27
141 26
142 26
143 27
144 26
145 27
146 26
147 27
148 26
149 27
150 27
151 27
152 27
153 26
154 26
155 26
156 27
157 27
158 26
159 26
160 27
161 27
162 26
163 27
164 26
165 27
166 26
167 27
168 27
169 27
170 27
171 26
172 26
173 27
174 27
175 26
176 27
177 26
178 26
179 26
180 27
181 27
182 27
183 26
184 26
185 27
186 26
187 27
188 27
189 27
190 26
191 26
192 26
193 27
194 27
195 26
196 26
197 27
198 27
199 27
200 26
201 26
202 27
203 27
204 27
205 27
206 27
207 27
208 26
209 26
210 27
211 27
212 27
213 27
214 26
215 27
216 27
217 26
218 26
219 26
220 27
221 27
222 27
223 27
224 27
225 26
226 27
227 27
228 27
229 27
230 27
231 27
232 26
233 27
234 27
235 26
236 26
237 27
238 27
239 26
240 27
241 26
242 27
243 26
244 27
245 26
246 26
247 26
248 27
249 26
250 26
251 26
252 26
253 26
254 26
255 27
256 26
257 27
258 26
259 26
260 27
261 27
262 27
263 27
264 27
265 27
266 26
267 26
268 27
269 26
270 27
271 27
272 27
273 27
274 27
275 27
276 26
277 27
278 27
279 26
280 27
281 26
282 27
283 26
284 27
285 26
286 26
287 27
288 27
289 26
290 27
291 27
292 26
293 26
294 27
295 27
296 27
297 26
298 27
299 26
300 26
301 27
302 27
303 27
304 27
305 27
306 27
307 26
308 26
309 27
310 26
311 27
312 26
313 27
314 27
315 27
316 26
317 26
318 27
319 26
320 27
321 27
322 27
323 26
324 27
325 27
326 26
327 26
328 25
329 27
330 27
331 27
332 26
333 26
334 26
335 26
336 27
337 27
338 27
339 26
340 27
341 27
342 27
343 27
344 27
345 26
346 26
347 26
348 27
349 26
350 27
351 27
352 26
353 27
354 27
355 27
356 27
357 26
358 26
359 27
360 27
361 26
362 26
363 26
364 26
365 27
366 26
367 27
368 27
369 27
370 27
371 26
372 27
373 26
374 26
375 25
376 27
377 27
378 27
379 27
380 27
381 26
382 26
383 27
384 27
385 27
386 26
387 27
388 26
389 26
390 27
391 26
392 26
393 27
394 27
395 27
396 27
397 27
398 27
399 26
400 26
401 27
402 27
403 26
404 27
405 26
406 26
407 27
408 26
409 27
410 26
411 26
412 26
413 26
414 26
415 27
416 27
417 27
418 27
419 27
420 27
421 27
422 26
423 27
424 26
425 27
426 26
427 26
428 27
429 26
430 27
431 27
432 27
433 27
434 27
435 27
436 26
437 27
438 27
439 27
440 26
441 26
442 26
443 27
444 27
445 27
446 26
447 26
448 26
449 26
450 26
451 27
452 27
453 27
454 26
455 26
456 27
457 26
458 26
459 26
460 27
461 26
462 26
463 27
464 26
465 26
466 26
467 27
468 27
469 27
470 27
471 27
472 27
473 27
474 26
475 26
476 26
477 26
478 26
479 27
480 27
481 27
482 26
483 26
484 26
485 26
486 27
487 26
488 27
489 26
490 27
491 26
492 27
493 27
494 27
495 27
496 27
497 26
498 26
499 27
500 27
501 27
502 26
503 26
504 27
505 26
506 26
507 26
508 27
509 27
510 26
511 27
512 27
513 26
514 27
515 26
516 27
517 26
518 27
519 27
520 27
521 27
522 27
523 27
524 26
525 27
526 28
527 27
528 27
529 27
530 26
531 27
532 27
533 27
534 27
535 26
536 27
537 27
538 26
539 26
540 26
541 27
542 26
543 26
544 26
545 26
546 27
547 26
548 26
549 27
550 27
551 27
552 26
553 26
554 27
555 27
556 27
557 27
558 26
559 27
560 27
561 26
562 27
563 27
564 27
565 27
566 27
567 27
568 26
569 26
570 27
571 26
572 27
573 27
574 26
575 27
576 27
577 26
578 26
579 26
580 26
581 27
582 27
583 26
584 26
585 26
586 27
587 27
588 27
589 27
590 27
591 26
592 26
593 27
594 27
595 26
596 27
597 27
598 26
599 27
600 26
601 26
602 27
603 25
604 27
605 26
606 27
607 27
608 27
609 26
610 27
611 26
612 27
613 26
614 26
615 27
616 26
617 27
618 27
619 27
620 27
621 27
622 27
623 27
624 27
625 27
626 27
627 27
628 27
629 26
630 27
631 27
632 26
633 27
634 26
635 27
636 27
637 27
638 26
639 27
640 27
641 27
642 26
643 27
644 27
645 27
646 26
647 27
648 27
649 27
650 26
651 27
652 27
653 26
654 27
655 27
656 27
657 26
658 26
659 27
660 27
661 27
662 27
663 27
664 27
665 26
666 26
667 27
668 27
669 27
670 26
671 26
672 27
673 27
674 27
675 26
676 26
677 26
678 27
679 26
680 26
681 27
682 27
683 27
684 27
685 27
686 27
687 27
688 26
689 27
690 27
691 27
692 27
693 27
694 26
695 26
696 26
697 27
698 27
699 27
700 27
701 26
702 26
703 26
704 26
705 26
706 27
707 27
708 27
709 27
710 26
711 26
712 27
713 26
714 26
715 26
716 27
717 26
718 27
719 26
720 27
721 27
722 27
723 27
724 26
725 27
726 27
727 27
728 26
729 26
730 27
731 26
732 27
733 26
734 27
735 26
736 26
737 27
738 27
739 26
740 26
741 27
742 26
743 26
744 27
745 26
746 26
747 26
748 27
749 27
750 26
751 27
752 26
753 26
754 27
755 27
756 26
757 25
758 27
759 26
760 26
761 27
762 26
763 27
764 26
765 27
766 27
767 26
768 27
769 27
770 27
771 26
772 25
773 26
774 27
775 26
776 26
777 26
778 26
779 27
780 27
781 27
782 27
783 27
784 26
785 27
786 27
787 27
788 26
789 26
790 27
791 26
792 26
793 27
794 27
795 26
796 27
797 26
798 27
799 27
800 26
801 27
802 26
803 26
804 27
805 26
806 28
807 27
808 25
809 26
810 26
811 27
812 26
813 27
814 27
815 27
816 25
817 26
818 27
819 27
820 26
821 27
822 26
823 27
824 26
825 26
826 27
827 26
828 26
829 27
830 27
831 26
832 26
833 27
834 27
835 27
836 27
837 26
838 27
839 27
840 26
841 27
842 27
843 27
844 27
845 26
846 27
847 26
848 26
849 26
850 27
851 27
852 26
853 26
854 26
855 27
856 27
857 26
858 27
859 27
860 27
861 27
862 26
863 26
864 27
865 27
866 26
867 26
868 25
869 27
870 26
871 27
872 27
873 27
874 26
875 27
876 26
877 26
878 27
879 27
880 26
881 26
882 26
883 26
884 26
885 26
886 27
887 27
888 27
889 26
890 27
891 27
892 27
893 27
894 26
895 27
896 27
897 27
898 27
899 27
900 27
901 27
902 27
903 26
904 27
905 27
906 26
907 27
908 26
909 27
910 26
911 27
912 27
913 27
914 27
915 26
916 26
917 27
918 27
919 26
920 26
921 27
922 27
923 27
924 27
925 27
926 26
927 27
928 27
929 27
930 26
931 27
932 26
933 27
934 27
935 27
936 27
937 27
938 26
939 26
940 27
941 26
942 27
943 27
944 27
945 27
946 26
947 27
948 27
949 27
950 26
951 27
952 27
953 27
954 26
955 26
956 26
957 27
958 27
959 27
960 26
961 27
962 27
963 27
964 26
965 26
966 26
967 26
968 27
969 27
970 27
971 27
972 27
973 27
974 27
975 26
976 27
977 26
978 26
979 27
980 27
981 26
982 26
983 27
984 26
985 27
986 26
987 26
988 27
989 27
990 27
991 27
992 26
993 26
994 27
995 27
996 26
997 26
998 26
999 27
1000 27
1001 26
1002 27
1003 27
1004 27
1005 26
1006 26
1007 26
1008 27
1009 26
1010 26
1011 26
1012 26
1013 26
1014 27
1015 27
1016 26
1017 27
1018 26
1019 27
1020 27
1021 26
1022 26
1023 27
1024 26
1025 26
1026 27
1027 26
1028 27
1029 26
1030 26
1031 25
1032 26
1033 26
1034 26
1035 27
1036 27
1037 27
1038 27
1039 26
1040 26
1041 27
1042 27
1043 26
1044 27
1045 27
1046 27
1047 27
1048 26
1049 26
1050 26
1051 27
1052 26
1053 27
1054 26
1055 27
1056 27
1057 27
1058 27
1059 26
1060 26
1061 26
1062 27
1063 27
1064 26
1065 26
1066 26
1067 26
1068 27
1069 26
1070 26
1071 27
1072 27
1073 27
1074 26
1075 27
1076 26
1077 26
1078 26
1079 27
1080 26
1081 26
1082 27
1083 27
1084 27
1085 27
1086 26
1087 26
1088 26
1089 27
1090 27
1091 26
1092 27
1093 26
1094 27
1095 27
1096 27
1097 27
1098 27
1099 26
1100 27
1101 27
1102 27
1103 26
1104 27
1105 26
1106 27
1107 26
1108 27
1109 27
1110 27
1111 27
1112 27
1113 27
1114 26
1115 26
1116 26
1117 26
1118 27
1119 25
1120 26
1121 26
1122 27
1123 27
1124 27
1125 27
1126 27
1127 26
1128 27
1129 26
1130 27
1131 27
1132 27
1133 26
1134 27
1135 27
1136 26
1137 27
1138 26
1139 26
1140 27
1141 27
1142 26
1143 26
1144 27
1145 27
1146 27
1147 27
1148 26
1149 26
1150 26
1151 26
1152 27
1153 27
1154 26
1155 27
1156 26
1157 27
1158 27
1159 27
1160 27
1161 27
1162 26
1163 27
1164 26
1165 26
1166 27
1167 27
1168 27
1169 27
1170 27
1171 27
1172 26
1173 26
1174 27
1175 27
1176 26
1177 27
1178 26
1179 27
1180 27
1181 26
1182 27
1183 27
1184 27
1185 26
1186 26
1187 26
1188 27
1189 26
1190 27
1191 26
1192 27
1193 27
1194 26
1195 27
1196 27
1197 27
1198 26
1199 27
1200 27
1201 26
1202 27
1203 27
1204 26
1205 26
1206 27
1207 27
1208 27
1209 27
1210 27
1211 26
1212 26
1213 27
1214 26
1215 26
1216 26
1217 27
1218 27
1219 26
1220 27
1221 26
1222 27
1223 27
1224 27
1225 26
1226 26
1227 27
1228 27
1229 26
1230 27
1231 26
1232 27
1233 26
1234 27
1235 26
1236 27
1237 27
1238 27
1239 27
1240 27
1241 27
1242 27
1243 27
1244 26
1245 27
1246 26
1247 26
1248 27
1249 26
1250 26
1251 27
1252 27
1253 27
1254 27
1255 27
1256 26
1257 26
1258 26
1259 26
1260 26
1261 27
1262 26
1263 26
1264 27
1265 26
1266 26
1267 26
1268 27
1269 27
1270 26
1271 26
1272 27
1273 27
1274 27
1275 26
1276 26
1277 26
1278 27
1279 26
1280 27
1281 26
1282 26
1283 26
1284 27
1285 26
1286 26
1287 27
1288 27
1289 27
1290 27
1291 27
1292 27
1293 27
1294 27
1295 27
1296 26
1297 26
1298 25
1299 26
1300 27
1301 27
1302 27
1303 26
1304 26
1305 26
1306 27
1307 27
1308 26
1309 27
1310 26
1311 26
1312 27
1313 26
1314 27
1315 27
1316 27
1317 27
1318 27
1319 27
1320 27
1321 26
1322 26
1323 26
1324 27
1325 27
1326 26
1327 26
1328 27
1329 27
1330 27
1331 27
1332 26
1333 26
1334 27
1335 26
1336 26
1337 26
1338 27
1339 27
1340 26
1341 26
1342 26
1343 26
1344 27
1345 27
1346 26
1347 26
1348 26
1349 26
1350 26
1351 26
1352 27
1353 26
1354 27
1355 27
1356 26
1357 26
1358 27
1359 26
1360 26
1361 26
1362 26
1363 27
1364 27
1365 27
1366 27
1367 27
1368 27
1369 27
1370 27
1371 27
1372 27
1373 26
1374 27
1375 27
1376 26
1377 27
1378 27
1379 26
1380 27
1381 27
1382 27
1383 27
1384 25
1385 27
1386 27
1387 27
1388 27
1389 27
1390 27
1391 26
1392 27
1393 27
1394 26
1395 27
1396 26
1397 27
1398 27
1399 26
1400 27
1401 26
1402 26
1403 27
1404 27
1405 27
1406 27
1407 27
1408 26
1409 26
1410 26
1411 27
1412 27
1413 26
1414 26
1415 26
1416 26
1417 27
1418 27
1419 26
1420 27
1421 26
1422 26
1423 27
1424 27
1425 26
1426 27
1427 26
1428 27
1429 27
1430 27
1431 26
1432 27
1433 27
1434 27
1435 27
1436 26
1437 26
1438 26
1439 27
1440 27
1441 27
1442 27
1443 26
1444 26
1445 26
1446 27
1447 27
1448 26
1449 27
1450 26
1451 26
1452 27
1453 26
1454 27
1455 27
1456 27
1457 26
1458 27
1459 26
1460 27
1461 27
1462 26
1463 26
1464 27
1465 27
1466 26
1467 27
1468 26
1469 27
1470 27
1471 26
1472 27
1473 27
1474 26
1475 27
1476 27
1477 27
1478 27
1479 26
1480 27
1481 27
1482 27
1483 27
1484 27
1485 27
1486 26
1487 26
1488 27
1489 27
1490 27
1491 27
1492 27
1493 26
1494 27
1495 26
1496 26
1497 26
1498 27
1499 27
1500 26
1501 27
1502 25
1503 26
1504 27
1505 26
1506 26
1507 27
1508 27
1509 27
1510 26
1511 27
1512 27
1513 27
1514 27
1515 27
1516 26
1517 27
1518 27
1519 27
1520 27
1521 26
1522 27
1523 26
1524 26
1525 26
1526 27
1527 27
1528 27
1529 27
1530 27
1531 27
1532 27
1533 27
1534 27
1535 28
1536 27
1537 27
1538 26
1539 27
1540 26
1541 26
1542 26
1543 27
1544 27
1545 27
1546 27
1547 27
1548 26
1549 26
1550 26
1551 27
1552 26
1553 26
1554 27
1555 26
1556 26
1557 26
1558 26
1559 26
1560 26
1561 26
1562 27
1563 26
1564 27
1565 26
1566 26
1567 27
1568 27
1569 27
1570 27
1571 27
1572 27
1573 26
1574 27
1575 27
1576 26
1577 27
1578 27
1579 27
1580 26
1581 26
1582 27
1583 27
1584 27
1585 27
1586 27
1587 27
1588 27
1589 26
1590 27
1591 26
1592 27
1593 27
1594 27
1595 26
1596 26
1597 27
1598 26
1599 27
1600 27
1601 27
1602 27
1603 27
1604 27
1605 27
1606 27
1607 27
1608 27
1609 26
1610 26
1611 27
1612 27
1613 26
1614 27
1615 26
1616 27
1617 27
1618 27
1619 26
1620 27
1621 26
1622 26
1623 26
1624 27
1625 27
1626 26
1627 26
1628 26
1629 27
1630 26
1631 27
1632 26
1633 26
1634 27
1635 27
1636 27
1637 26
1638 26
1639 27
1640 27
1641 26
1642 27
1643 26
1644 27
1645 27
1646 26
1647 26
1648 26
1649 27
1650 26
1651 27
1652 26
1653 26
1654 26
1655 27
1656 27
1657 27
1658 27
1659 27
1660 26
1661 27
1662 26
1663 27
1664 27
1665 27
1666 26
1667 26
1668 26
1669 27
1670 26
1671 27
1672 27
1673 26
1674 26
1675 27
1676 26
1677 26
1678 26
1679 27
1680 26
1681 27
1682 27
1683 27
1684 27
1685 26
1686 27
1687 26
1688 27
1689 27
1690 26
1691 26
1692 27
1693 26
1694 27
1695 26
1696 27
1697 26
1698 26
1699 26
1700 26
1701 27
1702 26
1703 27
1704 26
1705 26
1706 26
1707 26
1708 26
1709 26
1710 26
1711 26
1712 26
1713 27
1714 27
1715 26
1716 26
1717 27
1718 27
1719 26
1720 26
1721 27
1722 26
1723 27
1724 26
1725 27
1726 26
1727 27
1728 27
1729 26
1730 27
1731 27
1732 26
1733 26
1734 26
1735 27
1736 26
1737 27
1738 26
1739 26
1740 27
1741 27
1742 27
1743 27
1744 27
1745 26
1746 27
1747 26
1748 27
1749 27
1750 27
1751 27
1752 26
1753 26
1754 26
1755 26
1756 27
1757 26
1758 27
1759 25
1760 26
1761 27
1762 27
1763 26
1764 26
1765 26
1766 25
1767 26
1768 26
1769 26
1770 26
1771 27
1772 27
1773 26
1774 27
1775 27
1776 26
1777 26
1778 26
1779 26
1780 27
1781 27
1782 26
1783 26
1784 27
1785 27
1786 26
1787 26
1788 26
1789 26
1790 27
1791 27
1792 27
1793 26
1794 27
1795 27
1796 27
1797 27
1798 27
1799 27
1800 27
1801 27
1802 27
1803 26
1804 27
1805 26
1806 27
1807 27
1808 27
1809 27
1810 26
1811 26
1812 26
1813 27
1814 26
1815 26
1816 26
1817 26
1818 26
1819 26
1820 27
1821 27
1822 26
1823 27
1824 26
1825 26
1826 27
1827 27
1828 27
1829 27
1830 27
1831 26
1832 27
1833 27
1834 27
1835 26
1836 26
1837 27
1838 26
1839 26
1840 27
1841 26
1842 27
1843 26
1844 27
1845 27
1846 27
1847 27
1848 27
1849 27
1850 27
1851 26
1852 27
1853 26
1854 26
1855 26
1856 26
1857 27
1858 27
1859 27
1860 27
1861 27
1862 27
1863 27
1864 26
1865 26
1866 26
1867 27
1868 27
1869 27
1870 26
1871 26
1872 27
1873 26
1874 26
1875 27
1876 27
1877 26
1878 26
1879 26
1880 26
1881 27
1882 27
1883 27
1884 26
1885 27
1886 27
1887 27
1888 26
1889 26
1890 26
1891 26
1892 27
1893 27
1894 26
1895 26
1896 27
1897 26
1898 27
1899 27
1900 27
1901 27
1902 27
1903 27
1904 26
1905 26
1906 27
1907 26
1908 26
1909 27
1910 27
1911 27
1912 27
1913 26
1914 27
1915 26
1916 27
1917 27
1918 27
1919 27
1920 26
1921 26
1922 27
1923 27
1924 27
1925 26
1926 27
1927 26
1928 27
1929 26
1930 26
1931 26
1932 27
1933 26
1934 26
1935 27
1936 26
1937 26
1938 27
1939 27
1940 27
1941 27
1942 26
1943 27
1944 26
1945 27
1946 26
1947 26
1948 27
1949 27
1950 27
1951 27
1952 27
1953 27
1954 26
1955 26
1956 27
1957 27
1958 26
1959 27
1960 27
1961 27
1962 27
1963 27
1964 27
1965 26
1966 27
1967 26
1968 27
1969 26
1970 27
1971 27
1972 27
1973 26
1974 27
1975 26
1976 27
1977 27
1978 26
1979 27
1980 27
1981 26
1982 27
1983 27
1984 26
1985 27
1986 27
1987 27
1988 26
1989 27
1990 27
1991 27
1992 27
1993 27
1994 27
1995 27
1996 26
1997 27
1998 26
1999 26
2000 27
2001 27
2002 26
2003 26
2004 27
2005 27
2006 27
2007 27
2008 26
2009 26
2010 27
2011 26
2012 27
2013 27
2014 27
2015 27
2016 26
2017 27
2018 27
2019 26
2020 27
2021 27
2022 26
2023 26
2024 26
2025 27
2026 27
2027 27
2028 26
2029 27
2030 27
2031 27
2032 27
2033 27
2034 26
2035 27
2036 27
2037 27
2038 26
2039 27
2040 27
2041 26
2042 26
2043 26
2044 27
2045 27
2046 27
2047 27
2048 27
2049 26
2050 26
2051 27
2052 26
2053 27
2054 27
2055 26
2056 26
2057 26
2058 27
2059 27
2060 26
2061 26
2062 26
2063 26
2064 26
2065 26
2066 26
2067 27
2068 27
2069 27
2070 27
2071 27
2072 27
2073 27
2074 26
2075 26
2076 26
2077 27
2078 27
2079 26
2080 26
2081 26
2082 27
2083 26
2084 26
2085 26
2086 26
2087 27
2088 27
2089 26
2090 27
2091 26
2092 26
2093 26
2094 27
2095 26
2096 26
2097 27
2098 26
2099 26
2100 27
2101 27
2102 27
2103 27
2104 26
2105 27
2106 26
2107 27
2108 27
2109 27
2110 26
2111 26
2112 27
2113 27
2114 26
2115 26
2116 27
2117 27
2118 27
2119 27
2120 26
2121 27
2122 27
2123 27
2124 27
2125 27
2126 27
2127 26
2128 26
2129 26
2130 27
2131 26
2132 27
2133 27
2134 27
2135 27
2136 27
2137 27
2138 26
2139 26
2140 27
2141 27
2142 27
2143 26
2144 27
2145 26
2146 26
2147 26
2148 27
2149 26
2150 27
2151 27
2152 27
2153 27
2154 27
2155 26
2156 27
2157 26
2158 27
2159 27
2160 26
2161 25
2162 27
2163 27
2164 27
2165 26
2166 27
2167 27
2168 27
2169 27
2170 27
2171 27
2172 26
2173 27
2174 25
2175 27
2176 27
2177 26
2178 26
2179 27
2180 26
2181 27
2182 27
2183 26
2184 27
2185 26
2186 27
2187 27
2188 26
2189 27
2190 27
2191 27
2192 27
2193 27
2194 26
2195 27
2196 27
2197 27
2198 26
2199 27
2200 27
2201 26
2202 27
2203 26
2204 26
2205 27
2206 27
2207 27
2208 27
2209 28
2210 26
2211 27
2212 27
2213 27
2214 27
2215 26
2216 27
2217 26
2218 27
2219 27
2220 26
2221 27
2222 26
2223 27
2224 26
2225 27
2226 26
2227 26
2228 27
2229 26
2230 27
2231 27
2232 27
2233 26
2234 26
2235 26
2236 26
2237 26
2238 26
2239 27
2240 26
2241 27
2242 27
2243 27
2244 27
2245 26
2246 27
2247 26
2248 26
2249 26
2250 26
2251 27
2252 26
2253 26
2254 26
2255 27
2256 26
2257 26
2258 26
2259 26
2260 27
2261 27
2262 26
2263 27
2264 27
2265 26
2266 26
2267 26
2268 27
2269 27
2270 26
2271 27
2272 27
2273 26
2274 26
2275 27
2276 28
2277 27
2278 27
2279 26
2280 27
2281 27
2282 27
2283 27
2284 27
2285 26
2286 26
2287 26
2288 26
2289 27
2290 27
2291 26
2292 26
2293 26
2294 26
2295 27
2296 27
2297 26
2298 27
2299 26
2300 27
2301 27
2302 26
2303 27
2304 27
2305 26
2306 27
2307 27
2308 27
2309 27
2310 26
2311 26
2312 26
2313 27
2314 26
2315 26
2316 27
2317 26
2318 26
2319 27
2320 27
2321 26
2322 27
2323 27
2324 27
2325 26
2326 27
2327 27
2328 27
2329 26
2330 27
2331 27
2332 26
2333 27
2334 27
2335 26
2336 26
2337 27
2338 27
2339 26
2340 27
2341 26
2342 27
2343 27
2344 27
2345 27
2346 27
2347 27
2348 27
2349 27
2350 27
2351 26
2352 26
2353 27
2354 27
2355 27
2356 26
2357 27
2358 26
2359 27
2360 26
2361 27
2362 27
2363 27
2364 26
2365 26
2366 27
2367 26
2368 26
2369 26
2370 26
2371 27
2372 27
2373 27
2374 27
2375 27
2376 27
2377 27
2378 26
2379 27
2380 26
2381 27
2382 26
2383 26
2384 26
2385 27
2386 26
2387 27
2388 27
2389 27
2390 26
2391 27
2392 26
2393 27
2394 27
2395 27
2396 27
2397 26
2398 26
2399 26
2400 27
2401 27
2402 26
2403 27
2404 26
2405 26
2406 27
2407 26
2408 27
2409 26
2410 27
2411 26
2412 26
2413 27
2414 27
2415 27
2416 27
2417 26
2418 26
2419 27
2420 26
2421 27
2422 26
2423 26
2424 26
2425 27
2426 26
2427 26
2428 27
2429 27
2430 26
2431 27
2432 26
2433 26
2434 27
2435 27
2436 26
2437 27
2438 27
2439 27
2440 27
2441 26
2442 26
2443 28
2444 26
2445 27
2446 26
2447 27
2448 27
2449 26
2450 27
2451 27
2452 26
2453 26
2454 27
2455 26
2456 27
2457 26
2458 26
2459 26
2460 27
2461 27
2462 27
2463 27
2464 27
2465 26
2466 26
2467 26
2468 27
2469 27
2470 27
2471 26
2472 26
2473 27
2474 26
2475 27
2476 27
2477 27
2478 27
2479 27
2480 26
2481 27
2482 26
2483 26
2484 26
2485 27
2486 26
2487 26
2488 27
2489 27
2490 27
2491 27
2492 27
2493 27
2494 26
2495 27
2496 26
2497 26
2498 26
2499 27
2500 27
2501 27
2502 27
2503 27
2504 27
2505 26
2506 26
2507 27
2508 26
2509 26
2510 26
2511 27
2512 27
2513 26
2514 26
2515 27
2516 27
2517 27
2518 27
2519 27
2520 27
2521 26
2522 27
2523 26
2524 26
2525 26
2526 26
2527 26
2528 27
2529 26
2530 27
2531 27
2532 27
2533 27
2534 26
2535 27
2536 26
2537 27
2538 27
2539 27
2540 27
2541 26
2542 27
2543 26
2544 27
2545 26
2546 26
2547 27
2548 27
2549 26
2550 27
2551 26
2552 27
2553 27
2554 27
2555 26
2556 27
2557 27
2558 27
2559 27
2560 27
2561 26
2562 27
2563 26
2564 26
2565 26
2566 27
2567 25
2568 27
2569 26
2570 26
2571 27
2572 27
2573 27
2574 26
2575 27
2576 27
2577 26
2578 27
2579 27
2580 26
2581 27
2582 27
2583 27
2584 26
2585 26
2586 27
2587 26
2588 26
2589 26
2590 27
2591 26
2592 26
2593 27
2594 27
2595 26
2596 27
2597 27
2598 26
2599 27
2600 26
2601 27
2602 26
2603 26
2604 26
2605 26
2606 27
2607 27
2608 27
2609 27
2610 27
2611 27
2612 27
2613 27
2614 27
2615 26
2616 27
2617 26
2618 26
2619 27
2620 27
2621 26
2622 27
2623 27
2624 27
2625 27
2626 27
2627 27
2628 26
2629 26
2630 26
2631 26
2632 27
2633 26
2634 27
2635 26
2636 27
2637 26
2638 27
2639 27
2640 27
2641 26
2642 27
2643 26
2644 27
2645 26
2646 26
2647 27
2648 26
2649 27
2650 27
2651 27
2652 26
2653 27
2654 27
2655 27
2656 26
2657 26
2658 27
2659 27
2660 27
2661 27
2662 27
2663 27
2664 27
2665 27
2666 27
2667 27
2668 27
2669 27
2670 27
2671 26
2672 27
2673 26
2674 27
2675 27
2676 26
2677 27
2678 26
2679 27
2680 27
2681 27
2682 27
2683 27
2684 27
2685 26
2686 26
2687 27
2688 26
2689 27
2690 27
2691 26
2692 27
2693 27
2694 26
2695 26
2696 27
2697 26
2698 26
2699 27
2700 27
2701 27
2702 26
2703 27
2704 27
2705 27
2706 27
2707 26
2708 27
2709 26
2710 27
2711 27
2712 26
2713 27
2714 26
2715 27
2716 27
2717 27
2718 27
2719 26
2720 27
2721 27
2722 27
2723 27
2724 27
2725 26
2726 26
2727 27
2728 27
2729 27
2730 27
2731 27
2732 26
2733 27
2734 26
2735 26
2736 27
2737 27
2738 27
2739 27
2740 27
2741 27
2742 27
2743 26
2744 27
2745 27
2746 27
2747 27
2748 27
2749 26
2750 27
2751 27
2752 27
2753 27
2754 27
2755 27
2756 27
2757 26
2758 27
2759 27
2760 27
2761 26
2762 27
2763 26
2764 26
2765 27
2766 27
2767 26
2768 26
2769 27
2770 27
2771 27
2772 26
2773 27
2774 26
2775 26
2776 27
2777 27
2778 27
2779 26
2780 27
2781 26
2782 26
2783 27
2784 26
2785 27
2786 27
2787 27
2788 27
2789 26
2790 26
2791 27
2792 26
2793 27
2794 26
2795 27
2796 26
2797 27
2798 26
2799 27
2800 27
2801 26
2802 27
2803 26
2804 27
2805 26
2806 26
2807 27
2808 27
2809 27
2810 27
2811 27
2812 27
2813 27
2814 26
2815 27
2816 27
2817 27
2818 26
2819 27
2820 27
2821 27
2822 27
2823 26
2824 26
2825 26
2826 27
2827 27
2828 26
2829 26
2830 26
2831 26
2832 27
2833 27
2834 26
2835 26
2836 27
2837 27
2838 26
2839 27
2840 27
2841 26
2842 26
2843 27
2844 26
2845 27
2846 26
2847 27
2848 26
2849 27
2850 27
2851 26
2852 27
2853 26
2854 26
2855 27
2856 27
2857 26
2858 26
2859 26
2860 27
2861 27
2862 27
2863 27
2864 26
2865 27
2866 27
2867 26
2868 26
2869 26
2870 26
2871 27
2872 26
2873 26
2874 27
2875 27
2876 26
2877 27
2878 26
2879 26
2880 26
2881 27
2882 26
2883 27
2884 27
2885 26
2886 26
2887 26
2888 26
2889 26
2890 26
2891 26
2892 27
2893 26
2894 26
2895 26
2896 26
2897 27
2898 25
2899 27
2900 26
2901 27
2902 27
2903 26
2904 27
2905 26
2906 27
2907 27
2908 27
2909 27
2910 27
2911 27
2912 26
2913 26
2914 27
2915 27
2916 27
2917 26
2918 26
2919 26
2920 27
2921 26
2922 27
2923 27
2924 27
2925 27
2926 26
2927 27
2928 26
2929 27
2930 27
2931 27
2932 27
2933 26
2934 27
2935 27
2936 27
2937 27
2938 26
2939 26
2940 26
2941 26
2942 26
2943 27
2944 27
2945 26
2946 26
2947 26
2948 27
2949 25
2950 26
2951 27
2952 27
2953 26
2954 27
2955 26
2956 26
2957 26
2958 27
2959 27
2960 26
2961 26
2962 27
2963 27
2964 27
2965 26
2966 26
2967 27
2968 26
2969 26
2970 26
2971 27
2972 26
2973 27
2974 27
2975 27
2976 27
2977 27
2978 26
2979 27
2980 27
2981 27
2982 26
2983 27
2984 27
2985 26
2986 27
2987 27
2988 26
2989 27
2990 26
2991 26
2992 27
2993 27
2994 27
2995 27
2996 27
2997 26
2998 26
2999 26
3000 27
3001 27
3002 27
3003 26
3004 27
3005 27
3006 26
3007 27
3008 27
3009 27
3010 26
3011 27
3012 27
3013 26
3014 26
3015 26
3016 27
3017 26
3018 27
3019 27
3020 27
3021 27
3022 27
3023 27
3024 26
3025 26
3026 26
3027 26
3028 26
3029 26
3030 26
3031 27
3032 27
3033 27
3034 27
3035 27
3036 26
3037 27
3038 27
3039 26
3040 27
3041 26
3042 27
3043 27
3044 26
3045 27
3046 27
3047 27
3048 27
3049 27
3050 26
3051 27
3052 26
3053 26
3054 27
3055 27
3056 26
3057 27
3058 26
3059 27
3060 27
3061 26
3062 27
3063 27
3064 26
3065 27
3066 26
3067 26
3068 26
3069 27
3070 26
3071 26
3072 27
3073 26
3074 27
3075 27
3076 27
3077 27
3078 27
3079 27
3080 27
3081 27
3082 27
3083 27
3084 27
3085 27
3086 27
3087 27
3088 27
3089 27
3090 27
3091 26
3092 27
3093 26
3094 26
3095 26
3096 26
3097 27
3098 26
3099 26
3100 27
3101 27
3102 27
3103 27
3104 27
3105 26
3106 27
3107 26
3108 26
3109 26
3110 26
3111 27
3112 26
3113 26
3114 26
3115 25
3116 27
3117 27
3118 27
3119 26
3120 26
3121 25
3122 27
3123 27
3124 27
3125 26
3126 27
3127 27
3128 26
3129 27
3130 27
3131 26
3132 26
3133 27
3134 26
3135 26
3136 26
3137 26
3138 27
3139 27
3140 26
3141 27
3142 27
3143 27
3144 27
3145 27
3146 27
3147 27
3148 27
3149 27
3150 27
3151 26
3152 27
3153 27
3154 27
3155 27
3156 26
3157 27
3158 27
3159 27
3160 27
3161 27
3162 27
3163 27
3164 27
3165 26
3166 26
3167 26
3168 27
3169 27
3170 27
3171 26
3172 27
3173 26
3174 27
3175 26
3176 27
3177 27
3178 26
3179 26
3180 27
3181 27
3182 26
3183 26
3184 27
3185 26
3186 27
3187 26
3188 26
3189 26
3190 27
3191 27
3192 27
3193 26
3194 26
3195 27
3196 26
3197 27
3198 26
3199 26
3200 26
3201 26
3202 27
3203 27
3204 26
3205 27
3206 26
3207 27
3208 27
3209 27
3210 26
3211 26
3212 27
3213 26
3214 27
3215 26
3216 27
3217 27
3218 27
3219 26
3220 27
3221 26
3222 27
3223 26
3224 26
3225 27
3226 26
3227 27
3228 27
3229 26
3230 27
3231 27
3232 26
3233 27
3234 27
3235 26
3236 27
3237 27
3238 26
3239 27
3240 27
3241 26
3242 27
3243 27
3244 27
3245 27
3246 26
3247 27
3248 27
3249 27
3250 26
3251 27
3252 27
3253 27
3254 27
3255 27
3256 27
3257 27
3258 27
3259 27
3260 26
3261 26
3262 27
3263 27
3264 27
3265 26
3266 27
3267 27
3268 27
3269 27
3270 27
3271 27
3272 27
3273 27
3274 26
3275 27
3276 26
3277 27
3278 27
3279 27
3280 27
3281 26
3282 26
3283 27
3284 27
3285 27
3286 27
3287 26
3288 26
3289 25
3290 27
3291 27
3292 27
3293 25
3294 27
3295 26
3296 27
3297 26
3298 27
3299 26
3300 27
3301 26
3302 27
3303 27
3304 27
3305 26
3306 27
3307 27
3308 26
3309 27
3310 27
3311 27
3312 27
3313 26
3314 27
3315 26
3316 27
3317 27
3318 27
3319 27
3320 26
3321 26
3322 27
3323 26
3324 26
3325 26
3326 27
3327 26
3328 26
3329 26
3330 27
3331 27
3332 26
3333 27
3334 26
3335 27
3336 27
3337 27
3338 26
3339 26
3340 27
3341 27
3342 27
3343 27
3344 26
3345 26
3346 27
3347 26
3348 27
3349 27
3350 27
3351 26
3352 27
3353 26
3354 27
3355 26
3356 27
3357 27
3358 27
3359 26
3360 26
3361 26
3362 27
3363 26
3364 26
3365 26
3366 27
3367 26
3368 25
3369 27
3370 27
3371 27
3372 27
3373 27
3374 26
3375 27
3376 26
3377 27
3378 27
3379 26
3380 27
3381 26
3382 26
3383 26
3384 26
3385 27
3386 27
3387 26
3388 26
3389 26
3390 27
3391 27
3392 26
3393 26
3394 27
3395 27
3396 26
3397 26
3398 27
3399 27
3400 27
3401 27
3402 27
3403 27
3404 26
3405 27
3406 26
3407 26
3408 27
3409 26
3410 27
3411 26
3412 26
3413 26
3414 27
3415 27
3416 27
3417 26
3418 27
3419 27
3420 27
3421 26
3422 27
3423 26
3424 26
3425 27
3426 26
3427 27
3428 27
3429 26
3430 27
3431 27
3432 26
3433 26
3434 27
3435 26
3436 27
3437 27
3438 26
3439 26
3440 26
3441 26
3442 26
3443 26
3444 26
3445 27
3446 26
3447 27
3448 27
3449 27
3450 26
3451 26
3452 27
3453 26
3454 27
3455 26
3456 27
3457 25
3458 26
3459 26
3460 26
3461 26
3462 26
3463 26
3464 27
3465 27
3466 27
3467 27
3468 27
3469 26
3470 27
3471 27
3472 26
3473 26
3474 27
3475 26
3476 27
3477 27
3478 26
3479 27
3480 27
3481 26
3482 27
3483 27
3484 27
3485 27
3486 26
3487 26
3488 27
3489 27
3490 26
3491 27
3492 27
3493 27
3494 26
3495 27
3496 27
3497 27
3498 26
3499 27
3500 26
3501 27
3502 26
3503 26
3504 26
3505 26
3506 27
3507 26
3508 27
3509 26
3510 27
3511 27
3512 27
3513 26
3514 27
3515 26
3516 26
3517 27
3518 27
3519 27
3520 27
3521 27
3522 28
3523 26
3524 26
3525 27
3526 27
3527 27
3528 26
3529 26
3530 27
3531 27
3532 26
3533 27
3534 26
3535 27
3536 26
3537 26
3538 27
3539 26
3540 27
3541 27
3542 26
3543 27
3544 27
3545 27
3546 27
3547 27
3548 27
3549 26
3550 27
3551 26
3552 26
3553 26
3554 27
3555 27
3556 27
3557 26
3558 27
3559 26
3560 27
3561 27
3562 27
3563 27
3564 26
3565 26
3566 27
3567 27
3568 27
3569 27
3570 26
3571 26
3572 27
3573 26
3574 26
3575 25
3576 26
3577 27
3578 26
3579 27
3580 27
3581 27
3582 27
3583 27
3584 26
3585 27
3586 27
3587 27
3588 26
3589 26
3590 27
3591 27
3592 27
3593 25
3594 26
3595 27
3596 27
3597 27
3598 27
3599 27
3600 27
3601 26
3602 26
3603 27
3604 27
3605 27
3606 27
3607 27
3608 27
3609 27
3610 27
3611 26
3612 27
3613 26
3614 27
3615 27
3616 27
3617 27
3618 27
3619 26
3620 27
3621 27
3622 26
3623 26
3624 26
3625 27
3626 26
3627 27
3628 26
3629 27
3630 27
3631 27
3632 27
3633 26
3634 26
3635 27
3636 27
3637 26
3638 27
3639 26
3640 26
3641 27
3642 26
3643 27
3644 26
3645 27
3646 27
3647 27
3648 27
3649 27
3650 26
3651 27
3652 26
3653 27
3654 27
3655 26
3656 26
3657 27
3658 27
3659 27
3660 26
3661 27
3662 27
3663 27
3664 27
3665 27
3666 27
3667 27
3668 27
3669 26
3670 26
3671 26
3672 27
3673 27
3674 26
3675 27
3676 27
3677 27
3678 26
3679 26
3680 26
3681 27
3682 26
3683 26
3684 26
3685 26
3686 27
3687 27
3688 27
3689 26
3690 26
3691 27
3692 27
3693 27
3694 27
3695 27
3696 27
3697 27
3698 26
3699 26
3700 27
3701 27
3702 27
3703 26
3704 27
3705 27
3706 27
3707 27
3708 26
3709 26
3710 26
3711 26
3712 27
3713 26
3714 27
3715 27
3716 27
3717 27
3718 26
3719 26
3720 27
3721 26
3722 26
3723 27
3724 26
3725 27
3726 26
3727 27
3728 27
3729 27
3730 27
3731 27
3732 27
3733 27
3734 26
3735 27
3736 27
3737 27
3738 28
3739 27
3740 26
3741 26
3742 26
3743 27
3744 27
3745 27
3746 27
3747 26
3748 27
3749 26
3750 26
3751 26
3752 27
3753 26
3754 27
3755 26
3756 27
3757 26
3758 26
3759 27
3760 27
3761 27
3762 26
3763 27
3764 26
3765 27
3766 27
3767 27
3768 26
3769 27
3770 27
3771 28
3772 26
3773 27
3774 26
3775 27
3776 26
3777 27
3778 27
3779 26
3780 27
3781 27
3782 27
3783 27
3784 27
3785 27
3786 26
3787 26
3788 27
3789 26
3790 26
3791 27
3792 26
3793 27
3794 26
3795 27
3796 27
3797 27
3798 26
3799 27
3800 26
3801 27
3802 26
3803 27
3804 27
3805 27
3806 26
3807 26
3808 27
3809 27
3810 27
3811 26
3812 27
3813 26
3814 27
3815 26
3816 27
3817 27
3818 26
3819 27
3820 27
3821 26
3822 26
3823 26
3824 27
3825 27
3826 27
3827 27
3828 27
3829 27
3830 27
3831 27
3832 26
3833 26
3834 26
3835 26
3836 26
3837 26
3838 26
3839 26
3840 26
3841 27
3842 27
3843 26
3844 27
3845 26
3846 26
3847 27
3848 26
3849 26
3850 27
3851 26
3852 27
3853 26
3854 27
3855 25
3856 27
3857 27
3858 26
3859 26
3860 27
3861 27
3862 27
3863 27
3864 27
3865 27
3866 26
3867 27
3868 27
3869 27
3870 27
3871 26
3872 27
3873 26
3874 27
3875 27
3876 26
3877 26
3878 27
3879 27
3880 27
3881 27
3882 26
3883 26
3884 26
3885 27
3886 27
3887 26
3888 26
3889 27
3890 27
3891 26
3892 27
3893 26
3894 26
3895 27
3896 27
3897 27
3898 26
3899 26
3900 26
3901 27
3902 27
3903 27
3904 26
3905 26
3906 26
3907 27
3908 27
3909 27
3910 26
3911 26
3912 26
3913 27
3914 26
3915 26
3916 27
3917 27
3918 26
3919 26
3920 27
3921 27
3922 27
3923 27
3924 26
3925 26
3926 27
3927 27
3928 26
3929 26
3930 26
3931 26
3932 27
3933 27
3934 27
3935 27
3936 27
3937 27
3938 27
3939 27
3940 27
3941 27
3942 26
3943 27
3944 27
3945 27
3946 27
3947 27
3948 27
3949 27
3950 26
3951 26
3952 26
3953 26
3954 27
3955 27
3956 27
3957 27
3958 27
3959 27
3960 27
3961 27
3962 27
3963 27
3964 27
3965 26
3966 26
3967 27
3968 26
3969 26
3970 27
3971 26
3972 26
3973 26
3974 27
3975 27
3976 26
3977 26
3978 27
3979 27
3980 27
3981 27
3982 27
3983 26
3984 27
3985 27
3986 26
3987 27
3988 27
3989 26
3990 26
3991 27
3992 27
3993 26
3994 27
3995 27
3996 27
3997 27
3998 27
3999 26
4000 26
4001 25
4002 25
4003 27
4004 27
4005 26
4006 26
4007 26
4008 27
4009 26
4010 26
4011 26
4012 27
4013 27
4014 27
4015 27
4016 26
4017 27
4018 26
4019 27
4020 27
4021 26
4022 26
4023 27
4024 27
4025 27
4026 27
4027 27
4028 27
4029 27
4030 27
4031 26
4032 27
4033 27
4034 26
4035 27
4036 27
4037 27
4038 26
4039 26
4040 27
4041 27
4042 27
4043 26
4044 26
4045 26
4046 26
4047 27
4048 27
4049 26
4050 27
4051 27
4052 27
4053 27
4054 27
4055 27
4056 28
4057 26
4058 27
4059 26
4060 27
4061 27
4062 26
4063 27
4064 27
4065 27
4066 26
4067 27
4068 26
4069 26
4070 26
4071 27
4072 27
4073 27
4074 27
4075 27
4076 27
4077 27
4078 27
4079 27
4080 27
4081 27
4082 27
4083 27
4084 27
4085 26
4086 27
4087 27
4088 27
4089 27
4090 27
4091 27
4092 26
4093 27
4094 26
4095 26
4096 27
4097 27
4098 27
4099 27
4100 26
4101 27
4102 27
4103 26
4104 27
4105 27
4106 27
4107 27
4108 27
4109 26
4110 27
4111 27
4112 26
4113 27
4114 27
4115 27
4116 27
4117 27
4118 27
4119 27
4120 27
4121 26
4122 27
4123 27
4124 26
4125 26
4126 26
4127 26
4128 27
4129 27
4130 27
4131 27
4132 27
4133 26
4134 27
4135 26
4136 27
4137 27
4138 27
4139 26
4140 27
4141 26
4142 26
4143 26
4144 27
4145 26
4146 27
4147 26
4148 27
4149 27
4150 27
4151 27
4152 27
4153 26
4154 27
4155 26
4156 27
4157 27
4158 27
4159 27
4160 27
4161 26
4162 27
4163 26
4164 26
4165 27
4166 27
4167 27
4168 26
4169 27
4170 27
4171 27
4172 26
4173 27
4174 27
4175 27
4176 27
4177 25
4178 26
4179 27
4180 27
4181 27
4182 27
4183 26
4184 27
4185 26
4186 26
4187 26
4188 26
4189 26
4190 27
4191 26
4192 27
4193 26
4194 27
4195 26
4196 27
4197 26
4198 27
4199 26
4200 27
4201 26
4202 27
4203 26
4204 27
4205 27
4206 27
4207 27
4208 26
4209 26
4210 27
4211 26
4212 26
4213 26
4214 26
4215 26
4216 26
4217 26
4218 27
4219 27
4220 27
4221 26
4222 27
4223 27
4224 26
4225 26
4226 27
4227 26
4228 27
4229 27
4230 26
4231 26
4232 27
4233 27
4234 27
4235 26
4236 27
4237 26
4238 27
4239 26
4240 27
4241 27
4242 27
4243 26
4244 27
4245 26
4246 27
4247 27
4248 26
4249 26
4250 26
4251 27
4252 27
4253 26
4254 26
4255 27
4256 26
4257 26
4258 27
4259 27
4260 26
4261 26
4262 26
4263 27
4264 27
4265 27
4266 26
4267 26
4268 26
4269 27
4270 26
4271 27
4272 27
4273 26
4274 26
4275 27
4276 27
4277 27
4278 27
4279 27
4280 27
4281 27
4282 27
4283 26
4284 27
4285 27
4286 27
4287 26
4288 25
4289 26
4290 26
4291 27
4292 27
4293 27
4294 27
4295 27
4296 26
4297 27
4298 26
4299 26
4300 27
4301 26
4302 26
4303 27
4304 26
4305 26
4306 27
4307 26
4308 27
4309 26
4310 26
4311 26
4312 26
4313 27
4314 26
4315 26
4316 26
4317 27
4318 27
4319 26
4320 27
4321 25
4322 27
4323 27
4324 27
4325 27
4326 27
4327 26
4328 27
4329 27
4330 27
4331 26
4332 26
4333 27
4334 26
4335 26
4336 26
4337 26
4338 26
4339 27
4340 26
4341 27
4342 26
4343 26
4344 27
4345 27
4346 27
4347 26
4348 27
4349 27
4350 27
4351 27
4352 26
4353 27
4354 27
4355 27
4356 27
4357 26
4358 27
4359 27
4360 26
4361 26
4362 27
4363 27
4364 27
4365 27
4366 26
4367 27
4368 27
4369 27
4370 26
4371 27
4372 27
4373 26
4374 27
4375 27
4376 27
4377 27
4378 26
4379 27
4380 27
4381 27
4382 27
4383 27
4384 27
4385 27
4386 26
4387 26
4388 26
4389 26
4390 26
4391 27
4392 27
4393 26
4394 27
4395 27
4396 27
4397 26
4398 27
4399 26
4400 26
4401 26
4402 27
4403 27
4404 27
4405 27
4406 26
4407 26
4408 26
4409 27
4410 27
4411 26
4412 27
4413 27
4414 26
4415 26
4416 27
4417 27
4418 26
4419 27
4420 27
4421 27
4422 26
4423 27
4424 28
4425 26
4426 28
4427 26
4428 25
4429 26
4430 26
4431 26
4432 26
4433 27
4434 27
4435 26
4436 27
4437 26
4438 27
4439 27
4440 27
4441 27
4442 27
4443 26
4444 26
4445 27
4446 27
4447 27
4448 27
4449 27
4450 27
4451 26
4452 26
4453 27
4454 26
4455 25
4456 26
4457 26
4458 26
4459 26
4460 27
4461 27
4462 26
4463 27
4464 27
4465 26
4466 26
4467 27
4468 27
4469 27
4470 26
4471 27
4472 26
4473 27
4474 27
4475 27
4476 27
4477 27
4478 26
4479 27
4480 27
4481 26
4482 27
4483 27
4484 26
4485 26
4486 27
4487 26
4488 26
4489 26
4490 26
4491 26
4492 26
4493 27
4494 27
4495 26
4496 27
4497 27
4498 26
4499 26
4500 26
4501 26
4502 26
4503 27
4504 26
4505 27
4506 27
4507 26
4508 27
4509 26
4510 26
4511 26
4512 26
4513 27
4514 26
4515 27
4516 26
4517 27
4518 27
4519 27
4520 27
4521 27
4522 27
4523 27
4524 26
4525 26
4526 26
4527 26
4528 27
4529 27
4530 27
4531 26
4532 27
4533 26
4534 26
4535 26
4536 26
4537 27
4538 27
4539 27
4540 26
4541 27
4542 27
4543 27
4544 26
4545 26
4546 27
4547 25
4548 27
4549 26
4550 27
4551 27
4552 27
4553 27
4554 26
4555 27
4556 27
4557 26
4558 27
4559 27
4560 27
4561 27
4562 27
4563 27
4564 25
4565 26
4566 27
4567 27
4568 27
4569 27
4570 27
4571 26
4572 26
4573 27
4574 27
4575 27
4576 27
4577 27
4578 26
4579 26
4580 27
4581 27
4582 27
4583 26
4584 27
4585 27
4586 27
4587 27
4588 26
4589 27
4590 27
4591 26
4592 27
4593 26
4594 27
4595 26
4596 27
4597 26
4598 26
4599 27
4600 27
4601 27
4602 27
4603 27
4604 26
4605 26
4606 27
4607 25
4608 26
4609 27
4610 27
4611 27
4612 27
4613 26
4614 26
4615 26
4616 27
4617 27
4618 27
4619 27
4620 27
4621 27
4622 26
4623 27
4624 27
4625 26
4626 26
4627 27
4628 27
4629 27
4630 27
4631 26
4632 26
4633 27
4634 27
4635 27
4636 26
4637 27
4638 27
4639 26
4640 27
4641 26
4642 27
4643 27
4644 26
4645 26
4646 27
4647 27
4648 27
4649 26
4650 26
4651 26
4652 27
4653 26
4654 27
4655 26
4656 26
4657 27
4658 27
4659 27
4660 25
4661 27
4662 27
4663 26
4664 26
4665 27
4666 27
4667 27
4668 27
4669 27
4670 26
4671 27
4672 26
4673 27
4674 27
4675 27
4676 26
4677 27
4678 26
4679 26
4680 27
4681 26
4682 27
4683 26
4684 27
4685 27
4686 26
4687 27
4688 26
4689 27
4690 26
4691 27
4692 27
4693 26
4694 27
4695 27
4696 26
4697 27
4698 26
4699 27
4700 26
4701 27
4702 26
4703 27
4704 27
4705 27
4706 26
4707 26
4708 26
4709 27
4710 27
4711 27
4712 26
4713 26
4714 26
4715 26
4716 26
4717 26
4718 26
4719 27
4720 26
4721 27
4722 26
4723 27
4724 27
4725 27
4726 27
4727 27
4728 27
4729 26
4730 27
4731 27
4732 26
4733 27
4734 27
4735 27
4736 25
4737 26
4738 26
4739 27
4740 26
4741 27
4742 26
4743 26
4744 27
4745 26
4746 26
4747 26
4748 26
4749 27
4750 26
4751 26
4752 27
4753 27
4754 26
4755 26
4756 26
4757 26
4758 26
4759 27
4760 27
4761 26
4762 27
4763 27
4764 26
4765 26
4766 27
4767 26
4768 27
4769 27
4770 26
4771 26
4772 26
4773 27
4774 27
4775 26
4776 26
4777 26
4778 27
4779 27
4780 27
4781 26
4782 27
4783 26
4784 26
4785 26
4786 27
4787 27
4788 26
4789 27
4790 26
4791 27
4792 27
4793 26
4794 27
4795 26
4796 27
4797 26
4798 26
4799 26
4800 27
4801 27
4802 27
4803 27
4804 27
4805 26
4806 27
4807 26
4808 27
4809 27
4810 26
4811 27
4812 27
4813 27
4814 27
4815 27
4816 27
4817 27
4818 27
4819 26
4820 26
4821 26
4822 27
4823 26
4824 27
4825 28
4826 26
4827 27
4828 27
4829 27
4830 27
4831 27
4832 27
4833 27
4834 26
4835 26
4836 27
4837 26
4838 27
4839 27
4840 26
4841 27
4842 27
4843 26
4844 27
4845 26
4846 27
4847 27
4848 26
4849 27
4850 26
4851 27
4852 26
4853 27
4854 27
4855 27
4856 27
4857 26
4858 27
4859 27
4860 27
4861 26
4862 27
4863 27
4864 27
4865 27
4866 27
4867 27
4868 27
4869 27
4870 26
4871 27
4872 27
4873 27
4874 27
4875 26
4876 27
4877 26
4878 26
4879 26
4880 26
4881 27
4882 26
4883 26
4884 26
4885 27
4886 26
4887 26
4888 26
4889 26
4890 26
4891 27
4892 26
4893 27
4894 27
4895 26
4896 27
4897 26
4898 26
4899 27
4900 26
4901 26
4902 27
4903 26
4904 26
4905 26
4906 26
4907 26
4908 27
4909 27
4910 27
4911 26
4912 26
4913 26
4914 27
4915 27
4916 27
4917 26
4918 27
4919 27
4920 26
4921 27
4922 26
4923 26
4924 27
4925 27
4926 27
4927 27
4928 26
4929 26
4930 26
4931 26
4932 27
4933 26
4934 25
4935 27
4936 27
4937 27
4938 26
4939 27
4940 26
4941 27
4942 27
4943 26
4944 26
4945 26
4946 27
4947 26
4948 26
4949 27
4950 27
4951 27
4952 27
4953 26
4954 26
4955 27
4956 27
4957 27
4958 26
4959 27
4960 26
4961 25
4962 27
4963 27
4964 26
4965 27
4966 27
4967 26
4968 26
4969 27
4970 27
4971 27
4972 27
4973 27
4974 26
4975 27
4976 27
4977 26
4978 27
4979 26
4980 26
4981 27
4982 26
4983 27
4984 27
4985 26
4986 26
4987 27
4988 27
4989 27
4990 27
4991 27
4992 26
4993 26
4994 27
4995 27
4996 26
4997 25
4998 27
4999 26
5000 26
5001 26
5002 26
5003 27
5004 26
5005 26
5006 26
5007 26
5008 26
5009 26
5010 26
5011 26
5012 27
5013 26
5014 26
5015 27
5016 26
5017 26
5018 27
5019 27
5020 26
5021 26
5022 26
5023 27
5024 26
5025 26
5026 27
5027 26
5028 26
5029 27
5030 27
5031 26
5032 27
5033 26
5034 26
5035 27
5036 27
5037 26
5038 27
5039 26
5040 27
5041 27
5042 27
5043 27
5044 27
5045 26
5046 26
5047 27
5048 27
5049 26
5050 27
5051 26
5052 26
5053 26
5054 27
5055 26
5056 27
5057 27
5058 27
5059 26
5060 27
5061 27
5062 26
5063 27
5064 26
5065 26
5066 26
5067 27
5068 27
5069 27
5070 27
5071 27
5072 27
5073 27
5074 27
5075 26
5076 27
5077 27
5078 26
5079 26
5080 27
5081 27
5082 26
5083 27
5084 26
5085 27
5086 27
5087 26
5088 27
5089 26
5090 27
5091 27
5092 26
5093 27
5094 27
5095 26
5096 25
5097 26
5098 27
5099 26
5100 27
5101 27
5102 27
5103 27
5104 27
5105 27
5106 26
5107 26
5108 27
5109 27
5110 27
5111 27
5112 27
5113 27
5114 27
5115 26
5116 27
5117 26
5118 26
5119 27
5120 27
5121 27
5122 27
5123 27
5124 27
5125 26
5126 27
5127 26
5128 27
5129 27
5130 27
5131 26
5132 26
5133 27
5134 26
5135 27
5136 27
5137 27
5138 26
5139 26
5140 27
5141 26
5142 26
5143 27
5144 27
5145 27
5146 26
5147 26
5148 26
5149 27
5150 26
5151 27
5152 27
5153 26
5154 26
5155 27
5156 27
5157 26
5158 27
5159 27
5160 27
5161 27
5162 27
5163 26
5164 26
5165 26
5166 27
5167 26
5168 27
5169 26
5170 26
5171 27
5172 26
5173 27
5174 27
5175 26
5176 27
5177 26
5178 27
5179 27
5180 27
5181 27
5182 27
5183 26
5184 26
5185 26
5186 27
5187 26
5188 27
5189 26
5190 26
5191 26
5192 27
5193 26
5194 27
5195 27
5196 27
5197 27
5198 27
5199 27
5200 27
5201 26
5202 27
5203 26
5204 27
5205 27
5206 26
5207 27
5208 27
5209 26
5210 26
5211 27
5212 27
5213 27
5214 26
5215 26
5216 26
5217 26
5218 27
5219 26
5220 27
5221 27
5222 27
5223 27
5224 26
5225 26
5226 26
5227 27
5228 27
5229 27
5230 27
5231 27
5232 27
5233 27
5234 26
5235 26
5236 26
5237 27
5238 26
5239 26
5240 27
5241 27
5242 26
5243 27
5244 27
5245 25
5246 26
5247 26
5248 26
5249 27
5250 26
5251 26
5252 26
5253 27
5254 25
5255 27
5256 26
5257 26
5258 27
5259 26
5260 27
5261 26
5262 27
5263 26
5264 27
5265 27
5266 27
5267 27
5268 27
5269 26
5270 27
5271 26
5272 27
5273 27
5274 27
5275 27
5276 26
5277 26
5278 26
5279 27
5280 27
5281 27
5282 26
5283 27
5284 27
5285 26
5286 26
5287 27
5288 27
5289 26
5290 27
5291 26
5292 26
5293 27
5294 26
5295 27
5296 27
5297 26
5298 26
5299 27
5300 27
5301 27
5302 26
5303 26
5304 28
5305 27
5306 26
5307 27
5308 27
5309 26
5310 27
5311 27
5312 27
5313 27
5314 27
5315 27
5316 27
5317 26
5318 26
5319 27
5320 26
5321 26
5322 26
5323 27
5324 26
5325 27
5326 27
5327 27
5328 26
5329 27
5330 27
5331 26
5332 26
5333 27
5334 27
5335 27
5336 27
5337 27
5338 26
5339 26
5340 27
5341 27
5342 27
5343 26
5344 27
5345 26
5346 27
5347 27
5348 27
5349 27
5350 27
5351 27
5352 27
5353 26
5354 27
5355 26
5356 27
5357 27
5358 27
5359 26
5360 26
5361 27
5362 27
5363 27
5364 26
5365 27
5366 27
5367 26
5368 26
5369 27
5370 27
5371 27
5372 26
5373 26
5374 27
5375 27
5376 26
5377 26
5378 27
5379 27
5380 27
5381 27
5382 26
5383 27
5384 27
5385 27
5386 27
5387 26
5388 25
5389 27
5390 26
5391 27
5392 27
5393 26
5394 27
5395 27
5396 26
5397 26
5398 26
5399 26
5400 27
5401 26
5402 26
5403 27
5404 26
5405 27
5406 27
5407 27
5408 26
5409 27
5410 27
5411 27
5412 26
5413 26
5414 27
5415 27
5416 26
5417 27
5418 27
5419 27
5420 27
5421 27
5422 27
5423 26
5424 27
5425 27
5426 27
5427 27
5428 26
5429 26
5430 26
5431 27
5432 26
5433 26
5434 27
5435 27
5436 27
5437 27
5438 26
5439 27
5440 27
5441 27
5442 27
5443 27
5444 26
5445 27
5446 27
5447 27
5448 26
5449 27
5450 27
5451 27
5452 26
5453 26
5454 27
5455 26
5456 27
5457 27
5458 27
5459 27
5460 27
5461 26
5462 27
5463 27
5464 26
5465 26
5466 27
5467 26
5468 26
5469 26
5470 27
5471 26
5472 27
5473 27
5474 26
5475 26
5476 26
5477 27
5478 27
5479 27
5480 26
5481 27
5482 25
5483 27
5484 27
5485 26
5486 27
5487 26
5488 26
5489 26
5490 27
5491 26
5492 26
5493 26
5494 27
5495 27
5496 27
5497 27
5498 27
5499 26
5500 27
5501 26
5502 26
5503 26
5504 26
5505 26
5506 26
5507 27
5508 26
5509 27
5510 27
5511 27
5512 26
5513 27
5514 27
5515 26
5516 27
5517 27
5518 26
5519 27
5520 26
5521 26
5522 27
5523 27
5524 27
5525 26
5526 27
5527 26
5528 26
5529 27
5530 26
5531 26
5532 26
5533 27
5534 26
5535 26
5536 26
5537 27
5538 27
5539 27
5540 26
5541 27
5542 26
5543 27
5544 27
5545 27
5546 27
5547 27
5548 27
5549 27
5550 27
5551 27
5552 25
5553 26
5554 26
5555 27
5556 27
5557 27
5558 26
5559 26
5560 27
5561 27
5562 27
5563 27
5564 26
5565 27
5566 26
5567 26
5568 26
5569 26
5570 27
5571 27
5572 26
5573 26
5574 27
5575 27
5576 26
5577 26
5578 26
5579 27
5580 26
5581 26
5582 26
5583 26
5584 27
5585 27
5586 26
5587 26
5588 27
5589 26
5590 26
5591 27
5592 27
5593 27
5594 27
5595 27
5596 26
5597 27
5598 26
5599 27
5600 27
5601 27
5602 26
5603 27
5604 27
5605 27
5606 26
5607 26
5608 27
5609 27
5610 27
5611 27
5612 26
5613 27
5614 27
5615 27
5616 27
5617 27
5618 27
5619 27
5620 26
5621 26
5622 27
5623 27
5624 26
5625 27
5626 27
5627 27
5628 27
5629 26
5630 27
5631 27
5632 26
5633 26
5634 27
5635 26
5636 27
5637 27
5638 26
5639 27
5640 27
5641 27
5642 27
5643 27
5644 27
5645 26
5646 27
5647 27
5648 26
5649 26
5650 26
5651 27
5652 27
5653 27
5654 27
5655 27
5656 27
5657 26
5658 27
5659 26
5660 26
5661 27
5662 26
5663 27
5664 26
5665 26
5666 27
5667 27
5668 27
5669 27
5670 27
5671 27
5672 27
5673 27
5674 26
5675 26
5676 26
5677 27
5678 27
5679 27
5680 27
5681 27
5682 27
5683 27
5684 27
5685 27
5686 27
5687 27
5688 26
5689 26
5690 26
5691 27
5692 27
5693 27
5694 27
5695 27
5696 27
5697 27
5698 26
5699 26
5700 27
5701 27
5702 27
5703 27
5704 26
5705 27
5706 27
5707 27
5708 26
5709 26
5710 27
5711 27
5712 27
5713 27
5714 27
5715 26
5716 26
5717 26
5718 27
5719 26
5720 26
5721 26
5722 27
5723 27
5724 26
5725 27
5726 27
5727 26
5728 27
5729 26
5730 26
5731 27
5732 27
5733 26
5734 27
5735 27
5736 27
5737 27
5738 27
5739 27
5740 26
5741 26
5742 27
5743 26
5744 26
5745 27
5746 27
5747 27
5748 27
5749 26
5750 26
5751 27
5752 27
5753 26
5754 27
5755 27
5756 27
5757 26
5758 27
5759 27
5760 26
5761 27
5762 27
5763 27
5764 26
5765 26
5766 27
5767 26
5768 27
5769 27
5770 27
5771 27
5772 26
5773 27
5774 26
5775 26
5776 26
5777 26
5778 27
5779 27
5780 26
5781 27
5782 25
5783 27
5784 27
5785 27
5786 27
5787 27
5788 27
5789 27
5790 27
5791 27
5792 26
5793 27
5794 25
5795 27
5796 27
5797 25
5798 27
5799 27
5800 27
5801 26
5802 26
5803 27
5804 27
5805 26
5806 27
5807 26
5808 27
5809 26
5810 26
5811 26
5812 26
5813 26
5814 27
5815 27
5816 27
5817 27
5818 27
5819 27
5820 27
5821 27
5822 27
5823 26
5824 26
5825 26
5826 26
5827 27
5828 27
5829 27
5830 26
5831 26
5832 27
5833 26
5834 26
5835 27
5836 26
5837 27
5838 26
5839 26
5840 26
5841 27
5842 27
5843 27
5844 27
5845 27
5846 27
5847 26
5848 26
5849 26
5850 27
5851 27
5852 27
5853 27
5854 27
5855 27
5856 26
5857 27
5858 26
5859 27
5860 27
5861 27
5862 27
5863 26
5864 27
5865 27
5866 26
5867 26
5868 27
5869 26
5870 26
5871 27
5872 26
5873 27
5874 26
5875 26
5876 27
5877 27
5878 26
5879 26
5880 27
5881 26
5882 27
5883 26
5884 26
5885 27
5886 27
5887 26
5888 27
5889 27
5890 26
5891 27
5892 26
5893 26
5894 26
5895 27
5896 27
5897 27
5898 26
5899 26
5900 27
5901 26
5902 26
5903 27
5904 27
5905 26
5906 26
5907 27
5908 27
5909 26
5910 27
5911 27
5912 26
5913 26
5914 26
5915 27
5916 27
5917 27
5918 26
5919 27
5920 27
5921 27
5922 27
5923 27
5924 27
5925 26
5926 27
5927 26
5928 27
5929 27
5930 26
5931 27
5932 26
5933 27
5934 25
5935 27
5936 26
5937 27
5938 27
5939 27
5940 26
5941 27
5942 26
5943 27
5944 27
5945 27
5946 26
5947 27
5948 27
5949 26
5950 27
5951 25
5952 27
5953 27
5954 26
5955 27
5956 27
5957 27
5958 26
5959 28
5960 26
5961 27
5962 26
5963 27
5964 26
5965 26
5966 26
5967 27
5968 27
5969 27
5970 26
5971 26
5972 27
5973 27
5974 26
5975 27
5976 26
5977 26
5978 26
5979 27
5980 26
5981 26
5982 27
5983 26
5984 27
5985 26
5986 27
5987 27
5988 27
5989 27
5990 27
5991 27
5992 26
5993 27
5994 27
5995 27
5996 27
5997 26
5998 27
5999 27
6000 27
6001 26
6002 27
6003 26
6004 26
6005 26
6006 27
6007 27
6008 27
6009 27
6010 27
6011 27
6012 27
6013 27
6014 27
6015 27
6016 27
6017 27
6018 26
6019 27
6020 27
6021 27
6022 27
6023 27
6024 27
6025 26
6026 27
6027 27
6028 27
6029 26
6030 26
6031 26
6032 27
6033 26
6034 26
6035 26
6036 26
6037 26
6038 26
6039 27
6040 26
6041 26
6042 26
6043 26
6044 26
6045 26
6046 27
6047 27
6048 26
6049 27
6050 27
6051 26
6052 26
6053 27
6054 27
6055 27
6056 26
6057 27
6058 27
6059 27
6060 27
6061 25
6062 26
6063 26
6064 27
6065 27
6066 27
6067 26
6068 26
6069 27
6070 27
6071 27
6072 26
6073 26
6074 27
6075 26
6076 26
6077 26
6078 27
6079 26
6080 26
6081 26
6082 27
6083 27
6084 26
6085 26
6086 26
6087 27
6088 27
6089 26
6090 26
6091 26
6092 27
6093 26
6094 27
6095 26
6096 27
6097 26
6098 26
6099 26
6100 26
6101 27
6102 27
6103 27
6104 26
6105 27
6106 27
6107 27
6108 26
6109 26
6110 27
6111 26
6112 26
6113 27
6114 26
6115 26
6116 27
6117 27
6118 26
6119 27
6120 26
6121 26
6122 27
6123 27
6124 26
6125 27
6126 27
6127 27
6128 27
6129 26
6130 27
6131 27
6132 27
6133 27
6134 27
6135 27
6136 26
6137 27
6138 26
6139 26
6140 27
6141 27
6142 27
6143 27
6144 27
6145 27
6146 26
6147 27
6148 26
6149 26
6150 27
6151 26
6152 26
6153 26
6154 27
6155 26
6156 27
6157 27
6158 27
6159 26
6160 26
6161 26
6162 27
6163 27
6164 26
6165 27
6166 27
6167 27
6168 26
6169 26
6170 27
6171 27
6172 26
6173 27
6174 26
6175 27
6176 27
6177 26
6178 26
6179 26
6180 27
6181 26
6182 27
6183 27
6184 27
6185 27
6186 26
6187 27
6188 26
6189 26
6190 27
6191 27
6192 26
6193 26
6194 27
6195 26
6196 26
6197 26
6198 27
6199 27
6200 27
6201 26
6202 26
6203 27
6204 27
6205 26
6206 26
6207 27
6208 26
6209 27
6210 27
6211 26
6212 26
6213 27
6214 26
6215 26
6216 26
6217 27
6218 26
6219 26
6220 27
6221 27
6222 27
6223 27
6224 27
6225 27
6226 27
6227 27
6228 27
6229 26
6230 27
6231 26
6232 27
6233 26
6234 27
6235 27
6236 27
6237 26
6238 26
6239 27
6240 27
6241 26
6242 26
6243 26
6244 26
6245 26
6246 27
6247 27
6248 26
6249 27
6250 27
6251 27
6252 26
6253 27
6254 27
6255 27
6256 26
6257 26
6258 27
6259 27
6260 26
6261 27
6262 27
6263 26
6264 26
6265 27
6266 27
6267 26
6268 26
6269 27
6270 26
6271 27
6272 27
6273 26
6274 27
6275 27
6276 27
6277 26
6278 27
6279 27
6280 27
6281 27
6282 27
6283 27
6284 27
6285 27
6286 27
6287 27
6288 27
6289 27
6290 26
6291 27
6292 26
6293 27
6294 26
6295 26
6296 27
6297 26
6298 26
6299 27
6300 27
6301 27
6302 26
6303 27
6304 26
6305 27
6306 26
6307 26
6308 27
6309 27
6310 27
6311 26
6312 26
6313 27
6314 26
6315 27
6316 27
6317 27
6318 26
6319 27
6320 27
6321 26
6322 27
6323 27
6324 27
6325 27
6326 27
6327 27
6328 27
6329 27
6330 26
6331 27
6332 27
6333 26
6334 26
6335 25
6336 28
6337 27
6338 27
6339 27
6340 27
6341 27
6342 27
6343 26
6344 26
6345 27
6346 27
6347 27
6348 27
6349 27
6350 27
6351 27
6352 27
6353 27
6354 27
6355 27
6356 27
6357 26
6358 26
6359 27
6360 26
6361 27
6362 27
6363 27
6364 26
6365 26
6366 27
6367 27
6368 27
6369 27
6370 26
6371 27
6372 27
6373 26
6374 26
6375 26
6376 27
6377 26
6378 27
6379 27
6380 26
6381 27
6382 27
6383 27
6384 27
6385 27
6386 26
6387 26
6388 26
6389 26
6390 26
6391 26
6392 26
6393 27
6394 27
6395 27
6396 27
6397 27
6398 27
6399 26
6400 26
6401 26
6402 27
6403 27
6404 26
6405 27
6406 26
6407 27
6408 26
6409 26
6410 27
6411 27
6412 27
6413 27
6414 27
6415 26
6416 27
6417 27
6418 27
6419 27
6420 26
6421 27
6422 26
6423 27
6424 26
6425 27
6426 26
6427 27
6428 27
6429 27
6430 27
6431 27
6432 26
6433 27
6434 26
6435 27
6436 27
6437 27
6438 26
6439 26
6440 26
6441 27
6442 27
6443 26
6444 27
6445 27
6446 26
6447 26
6448 27
6449 27
6450 27
6451 26
6452 26
6453 27
6454 26
6455 26
6456 27
6457 26
6458 26
6459 27
6460 27
6461 27
6462 26
6463 26
6464 26
6465 27
6466 27
6467 26
6468 27
6469 27
6470 26
6471 26
6472 27
6473 27
6474 27
6475 27
6476 26
6477 27
6478 27
6479 26
6480 27
6481 26
6482 27
6483 27
6484 27
6485 27
6486 26
6487 26
6488 26
6489 27
6490 27
6491 27
6492 27
6493 27
6494 26
6495 26
6496 28
6497 27
6498 26
6499 27
6500 26
6501 27
6502 27
6503 27
6504 27
6505 27
6506 27
6507 27
6508 27
6509 25
6510 27
6511 26
6512 26
6513 27
6514 26
6515 27
6516 27
6517 26
6518 27
6519 27
6520 27
6521 26
6522 27
6523 25
6524 27
6525 27
6526 27
6527 27
6528 26
6529 27
6530 27
6531 27
6532 27
6533 27
6534 26
6535 27
6536 26
6537 27
6538 27
6539 26
6540 27
6541 27
6542 27
6543 27
6544 27
6545 27
6546 27
6547 27
6548 26
6549 27
6550 27
6551 27
6552 26
6553 26
6554 27
6555 26
6556 26
6557 27
6558 26
6559 26
6560 27
6561 27
6562 26
6563 27
6564 26
6565 27
6566 27
6567 27
6568 26
6569 27
6570 27
6571 26
6572 27
6573 27
6574 27
6575 27
6576 27
6577 26
6578 27
6579 26
6580 27
6581 27
6582 26
6583 26
6584 26
6585 27
6586 27
6587 26
6588 26
6589 27
6590 26
6591 26
6592 27
6593 27
6594 26
6595 27
6596 27
6597 27
6598 27
6599 26
6600 26
6601 27
6602 25
6603 26
6604 25
6605 26
6606 27
6607 26
6608 26
6609 26
6610 26
6611 27
6612 26
6613 26
6614 27
6615 26
6616 27
6617 27
6618 26
6619 26
6620 27
6621 27
6622 26
6623 26
6624 27
6625 26
6626 27
6627 27
6628 27
6629 27
6630 26
6631 27
6632 27
6633 27
6634 27
6635 27
6636 27
6637 26
6638 27
6639 26
6640 27
6641 26
6642 27
6643 27
6644 26
6645 26
6646 26
6647 27
6648 27
6649 26
6650 26
6651 26
6652 27
6653 27
6654 27
6655 26
6656 26
6657 25
6658 27
6659 26
6660 26
6661 27
6662 27
6663 27
6664 27
6665 26
6666 27
6667 27
6668 27
6669 26
6670 27
6671 26
6672 27
6673 27
6674 27
6675 26
6676 27
6677 26
6678 27
6679 27
6680 26
6681 27
6682 27
6683 27
6684 27
6685 26
6686 26
6687 27
6688 26
6689 26
6690 27
6691 27
6692 27
6693 27
6694 26
6695 26
6696 27
6697 27
6698 26
6699 27
6700 27
6701 26
6702 26
6703 27
6704 26
6705 27
6706 26
6707 27
6708 26
6709 26
6710 27
6711 26
6712 26
6713 27
6714 27
6715 27
6716 26
6717 25
6718 27
6719 27
6720 26
6721 27
6722 27
6723 27
6724 27
6725 26
6726 27
6727 26
6728 26
6729 26
6730 26
6731 27
6732 27
6733 26
6734 26
6735 27
6736 27
6737 26
6738 26
6739 26
6740 27
6741 27
6742 27
6743 27
6744 26
6745 26
6746 26
6747 26
6748 27
6749 27
6750 27
6751 26
6752 27
6753 27
6754 26
6755 27
6756 26
6757 27
6758 25
6759 27
6760 26
6761 27
6762 27
6763 27
6764 26
6765 26
6766 27
6767 26
6768 27
6769 26
6770 27
6771 26
6772 27
6773 27
6774 27
6775 27
6776 27
6777 27
6778 27
6779 27
6780 27
6781 26
6782 27
6783 27
6784 26
6785 27
6786 27
6787 27
6788 27
6789 27
6790 26
6791 27
6792 26
6793 26
6794 27
6795 27
6796 27
6797 27
6798 26
6799 27
6800 27
6801 27
6802 27
6803 26
6804 27
6805 27
6806 25
6807 26
6808 27
6809 26
6810 27
6811 26
6812 26
6813 27
6814 26
6815 26
6816 27
6817 27
6818 27
6819 27
6820 27
6821 27
6822 27
6823 27
6824 27
6825 26
6826 27
6827 26
6828 27
6829 27
6830 26
6831 27
6832 27
6833 27
6834 26
6835 27
6836 26
6837 27
6838 27
6839 26
6840 27
6841 27
6842 26
6843 27
6844 27
6845 27
6846 26
6847 27
6848 27
6849 26
6850 26
6851 27
6852 27
6853 27
6854 27
6855 27
6856 27
6857 26
6858 26
6859 26
6860 27
6861 26
6862 26
6863 27
6864 26
6865 26
6866 26
6867 26
6868 26
6869 27
6870 27
6871 27
6872 27
6873 27
6874 26
6875 27
6876 27
6877 27
6878 27
6879 27
6880 26
6881 26
6882 27
6883 26
6884 26
6885 26
6886 26
6887 28
6888 27
6889 26
6890 26
6891 26
6892 26
6893 26
6894 26
6895 27
6896 26
6897 27
6898 27
6899 26
6900 26
6901 26
6902 26
6903 27
6904 27
6905 25
6906 27
6907 26
6908 27
6909 26
6910 26
6911 27
6912 26
6913 27
6914 27
6915 27
6916 26
6917 26
6918 27
6919 27
6920 26
6921 26
6922 26
6923 27
6924 27
6925 27
6926 26
6927 26
6928 26
6929 27
6930 27
6931 27
6932 27
6933 26
6934 26
6935 27
6936 27
6937 26
6938 27
6939 26
6940 27
6941 26
6942 27
6943 26
6944 27
6945 26
6946 27
6947 27
6948 27
6949 27
6950 26
6951 26
6952 27
6953 27
6954 27
6955 27
6956 26
6957 27
6958 26
6959 27
6960 27
6961 26
6962 27
6963 27
6964 27
6965 26
6966 27
6967 27
6968 27
6969 26
6970 26
6971 26
6972 27
6973 26
6974 28
6975 26
6976 27
6977 26
6978 26
6979 26
6980 27
6981 26
6982 26
6983 27
