Polymer_Index N_1
0 20
1 21
2 20
3 20
4 20
5 20
6 20
7 20
8 20
9 20
10 20
11 20
12 20
13 21
14 20
15 20
16 20
17 20
18 21
19 20
20 20
21 20
22 20
23 20
24 20
25 20
26 20
27 21
28 21
29 20
30 20
31 20
32 21
33 20
34 20
35 20
36 21
37 20
38 20
39 20
40 20
41 20
42 20
43 20
44 20
45 19
46 20
47 21
48 20
49 20
50 21
51 20
52 20
53 20
54 20
55 20
56 20
57 20
58 21
59 20
60 20
61 21
62 21
63 20
64 21
65 20
66 21
67 20
68 20
69 19
70 20
71 21
72 20
73 19
74 20
75 21
76 20
77 20
78 20
79 20
80 20
81 20
82 20
83 20
84 20
85 21
86 20
87 20
88 19
89 21
90 21
91 21
92 20
93 20
94 21
95 20
96 21
97 20
98 20
99 21
100 20
101 20
102 20
103 20
104 20
105 21
106 20
107 20
108 20
109 21
110 20
111 21
112 21
113 21
114 21
115 20
116 20
117 20
118 21
119 20
120 20
121 20
122 20
123 21
124 20
125 20
126 21
127 20
128 20
129 20
130 20
131 20
132 20
133 21
134 20
135 20
136 20
137 20
138 20
139 21
140 20
141 20
142 20
143 21
144 20
145 20
146 20
147 20
148 20
149 20
150 21
151 20
152 21
153 20
154 20
155 20
156 21
157 20
158 21
159 20
160 20
161 20
162 20
163 21
164 20
165 20
166 20
167 20
168 21
169 19
170 20
171 20
172 20
173 20
174 20
175 21
176 20
177 20
178 20
179 21
180 21
181 20
182 19
183 21
184 20
185 20
186 19
187 20
188 20
189 19
190 20
191 20
192 21
193 20
194 20
195 20
196 21
197 20
198 20
199 20
200 21
201 19
202 20
203 20
204 20
205 21
206 20
207 21
208 20
209 21
210 19
211 21
212 20
213 20
214 21
215 21
216 21
217 20
218 21
219 20
220 19
221 20
222 21
223 21
224 20
225 20
226 21
227 21
228 20
229 19
230 20
231 20
232 20
233 21
234 20
235 21
236 20
237 20
238 20
239 21
240 20
241 19
242 20
243 20
244 20
245 20
246 21
247 21
248 20
249 20
250 20
251 20
252 20
253 20
254 20
255 20
256 21
257 19
258 20
259 20
260 20
261 20
262 20
263 20
264 21
265 20
266 20
267 20
268 19
269 21
270 20
271 20
272 21
273 20
274 20
275 20
276 20
277 21
278 20
279 20
280 20
281 20
282 20
283 20
284 20
285 20
286 20
287 20
288 20
289 20
290 20
291 21
292 21
293 20
294 21
295 20
296 20
297 20
298 20
299 19
300 21
301 21
302 20
303 20
304 21
305 20
306 20
307 20
308 21
309 21
310 20
311 20
312 20
313 20
314 20
315 20
316 20
317 20
318 20
319 20
320 21
321 20
322 20
323 20
324 21
325 20
326 20
327 21
328 20
329 20
330 20
331 20
332 20
333 20
334 20
335 20
336 20
337 20
338 21
339 20
340 20
341 21
342 20
343 19
344 21
345 20
346 20
347 20
348 20
349 20
350 21
351 19
352 20
353 19
354 20
355 20
356 20
357 20
358 20
359 20
360 20
361 20
362 20
363 21
364 20
365 20
366 20
367 20
368 21
369 20
370 20
371 19
372 20
373 21
374 20
375 21
376 21
377 20
378 20
379 20
380 20
381 21
382 20
383 20
384 21
385 20
386 20
387 20
388 20
389 20
390 20
391 20
392 20
393 20
394 20
395 21
396 20
397 20
398 20
399 21
400 20
401 20
402 20
403 21
404 19
405 21
406 20
407 20
408 21
409 20
410 20
411 20
412 20
413 20
414 20
415 20
416 20
417 20
418 21
419 20
420 19
421 20
422 21
423 20
424 21
425 21
426 21
427 20
428 20
429 21
430 20
431 20
432 20
433 20
434 20
435 20
436 21
437 20
438 20
439 20
440 20
441 20
442 20
443 19
444 19
445 20
446 20
447 20
448 21
449 20
450 20
451 21
452 19
453 20
454 20
455 20
456 20
457 20
458 20
459 20
460 20
461 20
462 20
463 21
464 20
465 21
466 20
467 20
468 20
469 21
470 20
471 20
472 21
473 20
474 20
475 20
476 20
477 20
478 20
479 20
480 20
481 20
482 20
483 20
484 20
485 21
486 21
487 20
488 19
489 20
490 20
491 21
492 21
493 20
494 20
495 20
496 20
497 20
498 20
499 20
500 20
501 20
502 20
503 20
504 20
505 20
506 20
507 21
508 20
509 20
510 21
511 21
512 20
513 20
514 21
515 20
516 19
517 21
518 20
519 19
520 20
521 21
522 20
523 20
524 20
525 20
526 20
527 20
528 20
529 20
530 20
531 20
532 20
533 20
534 20
535 20
536 21
537 20
538 21
539 20
540 20
541 20
542 21
543 20
544 19
545 20
546 20
547 20
548 21
549 20
550 20
551 21
552 20
553 20
554 20
555 21
556 20
557 20
558 20
559 20
560 20
561 20
562 20
563 20
564 20
565 20
566 20
567 20
568 21
569 20
570 20
571 21
572 21
573 20
574 20
575 21
576 20
577 20
578 20
579 20
580 20
581 21
582 20
583 20
584 21
585 20
586 20
587 20
588 20
589 20
590 20
591 21
592 21
593 20
594 20
595 20
596 20
597 20
598 20
599 20
600 21
601 20
602 21
603 20
604 20
605 20
606 20
607 20
608 20
609 20
610 20
611 20
612 19
613 21
614 20
615 20
616 20
617 20
618 20
619 19
620 20
621 20
622 20
623 21
624 20
625 20
626 20
627 20
628 20
629 20
630 19
631 21
632 20
633 21
634 20
635 20
636 20
637 20
638 21
639 20
640 21
641 20
642 21
643 20
644 20
645 20
646 21
647 21
648 20
649 20
650 21
651 20
652 20
653 20
654 20
655 20
656 20
657 20
658 20
659 20
660 21
661 21
662 20
663 21
664 19
665 20
666 21
667 20
668 19
669 20
670 20
671 20
672 21
673 20
674 20
675 20
676 19
677 20
678 20
679 20
680 20
681 20
682 20
683 20
684 21
685 20
686 20
687 20
688 19
689 20
690 20
691 20
692 21
693 20
694 20
695 20
696 20
697 20
698 21
699 20
700 20
701 20
702 20
703 20
704 20
705 21
706 20
707 20
708 20
709 20
710 20
711 20
712 21
713 20
714 20
715 20
716 20
717 20
718 21
719 21
720 20
721 20
722 19
723 20
724 20
725 20
726 21
727 20
728 20
729 21
730 21
731 21
732 20
733 20
734 21
735 21
736 21
737 20
738 20
739 20
740 21
741 20
742 20
743 19
744 19
745 21
746 20
747 20
748 20
749 21
750 20
751 20
752 20
753 20
754 20
755 21
756 20
757 20
758 20
759 20
760 20
761 20
762 20
763 20
764 21
765 20
766 19
767 20
768 20
769 20
770 20
771 21
772 20
773 20
774 21
775 20
776 20
777 20
778 21
779 20
780 20
781 20
782 20
783 21
784 20
785 21
786 20
787 20
788 20
789 21
790 20
791 21
792 20
793 20
794 20
795 20
796 21
797 20
798 21
799 19
800 19
801 20
802 20
803 20
804 20
805 20
806 20
807 20
808 20
809 20
810 21
811 21
812 20
813 20
814 20
815 20
816 20
817 20
818 20
819 21
820 20
821 20
822 21
823 20
824 21
825 20
826 20
827 20
828 20
829 19
830 20
831 20
832 20
833 20
834 20
835 20
836 21
837 20
838 21
839 20
840 20
841 21
842 21
843 20
844 20
845 21
846 20
847 20
848 20
849 19
850 20
851 20
852 20
853 21
854 21
855 20
856 20
857 20
858 20
859 20
860 20
861 20
862 21
863 20
864 20
865 19
866 20
867 20
868 20
869 20
870 20
871 21
872 20
873 20
874 21
875 21
876 21
877 20
878 21
879 20
880 21
881 20
882 20
883 20
884 19
885 21
886 21
887 19
888 20
889 20
890 20
891 20
892 20
893 20
894 20
895 20
896 20
897 21
898 20
899 20
900 21
901 21
902 20
903 20
904 20
905 20
906 20
907 20
908 19
909 20
910 20
911 20
912 20
913 21
914 19
915 20
916 20
917 20
918 20
919 20
920 20
921 20
922 20
923 20
924 20
925 21
926 21
927 20
928 21
929 20
930 21
931 20
932 20
933 21
934 20
935 20
936 20
937 21
938 20
939 20
940 20
941 21
942 19
943 20
944 21
945 20
946 20
947 20
948 20
949 20
950 21
951 21
952 21
953 20
954 20
955 20
956 20
957 20
958 20
959 20
960 20
961 19
962 20
963 21
964 20
965 20
966 20
967 21
968 20
969 20
970 20
971 20
972 20
973 20
974 20
975 20
976 20
977 19
978 19
979 19
980 20
981 20
982 20
983 21
984 20
985 21
986 21
987 19
988 21
989 21
990 20
991 21
992 20
993 20
994 20
995 19
996 20
997 20
998 21
999 20
1000 20
1001 20
1002 20
1003 19
1004 20
1005 21
1006 20
1007 20
1008 20
1009 21
1010 20
1011 21
1012 20
1013 20
1014 20
1015 20
1016 20
1017 20
1018 20
1019 19
1020 20
1021 20
1022 19
1023 20
1024 19
1025 21
1026 20
1027 20
1028 20
1029 20
1030 20
1031 21
1032 21
1033 21
1034 20
1035 20
1036 21
1037 20
1038 20
1039 21
1040 20
1041 20
1042 20
1043 20
1044 20
1045 20
1046 21
1047 21
1048 20
1049 20
1050 20
1051 20
1052 20
1053 20
1054 20
1055 21
1056 20
1057 21
1058 20
1059 21
1060 20
1061 20
1062 20
1063 21
1064 20
1065 20
1066 21
1067 20
1068 19
1069 20
1070 20
1071 19
1072 20
1073 20
1074 20
1075 21
1076 20
1077 20
1078 21
1079 20
1080 21
1081 21
1082 20
1083 20
1084 21
1085 20
1086 20
1087 20
1088 20
1089 21
1090 21
1091 21
1092 20
1093 20
1094 20
1095 20
1096 21
1097 20
1098 21
1099 20
1100 20
1101 20
1102 21
1103 21
1104 20
1105 20
1106 20
1107 20
1108 20
1109 20
1110 20
1111 20
1112 20
1113 20
1114 20
1115 20
1116 21
1117 20
1118 20
1119 21
1120 20
1121 20
1122 20
1123 20
1124 20
1125 20
1126 21
1127 19
1128 21
1129 20
1130 20
1131 20
1132 20
1133 21
1134 21
1135 21
1136 21
1137 21
1138 20
1139 20
1140 20
1141 20
1142 20
1143 20
1144 20
1145 21
1146 20
1147 20
1148 20
1149 21
1150 20
1151 21
1152 21
1153 21
1154 21
1155 20
1156 21
1157 20
1158 20
1159 19
1160 20
1161 21
1162 20
1163 20
1164 21
1165 20
1166 20
1167 20
1168 21
1169 20
1170 21
1171 20
1172 19
1173 20
1174 21
1175 21
1176 20
1177 21
1178 20
1179 20
1180 21
1181 21
1182 21
1183 19
1184 20
1185 20
1186 19
1187 20
1188 20
1189 19
1190 20
1191 20
1192 21
1193 21
1194 21
1195 20
1196 20
1197 21
1198 20
1199 20
1200 21
1201 20
1202 20
1203 20
1204 21
1205 20
1206 20
1207 20
1208 20
1209 20
1210 20
1211 21
1212 20
1213 19
1214 20
1215 21
1216 20
1217 20
1218 20
1219 20
1220 20
1221 19
1222 20
1223 20
1224 20
1225 21
1226 21
1227 20
1228 20
1229 20
1230 20
1231 20
1232 19
1233 20
1234 20
1235 20
1236 20
1237 20
1238 20
1239 20
1240 20
1241 20
1242 21
1243 20
1244 20
1245 20
1246 20
1247 20
1248 21
1249 21
1250 20
1251 20
1252 20
1253 21
1254 20
1255 20
1256 20
1257 20
1258 20
1259 20
1260 20
1261 21
1262 20
1263 21
1264 20
1265 21
1266 20
1267 20
1268 21
1269 20
1270 20
1271 21
1272 20
1273 21
1274 21
1275 20
1276 20
1277 20
1278 21
1279 20
1280 20
1281 20
1282 20
1283 21
1284 19
1285 20
1286 21
1287 21
1288 20
1289 20
1290 20
1291 20
1292 20
1293 20
1294 21
1295 20
1296 21
1297 20
1298 20
1299 20
1300 20
1301 20
1302 20
1303 20
1304 20
1305 21
1306 21
1307 20
1308 20
1309 20
1310 21
1311 20
1312 21
1313 20
1314 20
1315 20
1316 20
1317 20
1318 20
1319 20
1320 20
1321 21
1322 20
1323 21
1324 21
1325 20
1326 19
1327 20
1328 20
1329 20
1330 21
1331 20
1332 20
1333 20
1334 20
1335 20
1336 20
1337 20
1338 20
1339 20
1340 21
1341 19
1342 20
1343 21
1344 20
1345 20
1346 20
1347 21
1348 20
1349 21
1350 20
1351 20
1352 21
1353 21
1354 20
1355 21
1356 21
1357 20
1358 20
1359 20
1360 21
1361 20
1362 20
1363 20
1364 20
1365 20
1366 21
1367 20
1368 20
1369 20
1370 20
1371 21
1372 20
1373 20
1374 20
1375 20
1376 20
1377 21
1378 20
1379 20
1380 20
1381 20
1382 20
1383 20
1384 20
1385 20
1386 20
1387 19
1388 21
1389 21
1390 20
1391 20
1392 21
1393 20
1394 20
1395 20
1396 20
1397 20
1398 20
1399 20
1400 20
1401 20
1402 20
1403 20
1404 20
1405 19
1406 21
1407 19
1408 21
1409 20
1410 20
1411 20
1412 21
1413 21
1414 20
1415 20
1416 21
1417 20
1418 20
1419 20
1420 21
1421 21
1422 21
1423 20
1424 19
1425 21
1426 20
1427 20
1428 20
1429 21
1430 20
1431 21
1432 20
1433 20
1434 21
1435 20
1436 20
1437 21
1438 20
1439 20
1440 20
1441 21
1442 20
1443 20
1444 21
1445 20
1446 19
1447 20
1448 20
1449 19
1450 21
1451 21
1452 20
1453 20
1454 20
1455 21
1456 20
1457 20
1458 20
1459 20
1460 21
1461 20
1462 20
1463 21
1464 19
1465 20
1466 20
1467 20
1468 19
1469 20
1470 20
1471 20
1472 20
1473 20
1474 21
1475 20
1476 20
1477 20
1478 21
1479 21
1480 20
1481 19
1482 21
1483 20
1484 19
1485 20
1486 20
1487 20
1488 20
1489 21
1490 20
1491 20
1492 19
1493 20
1494 19
1495 21
1496 21
1497 20
1498 20
1499 20
1500 20
1501 20
1502 20
1503 20
1504 20
1505 21
1506 20
1507 20
1508 20
1509 21
1510 19
1511 20
1512 21
1513 20
1514 20
1515 20
1516 20
1517 20
1518 21
1519 20
1520 20
1521 20
1522 20
1523 20
1524 20
1525 20
1526 21
1527 20
1528 20
1529 20
1530 19
1531 20
1532 20
1533 20
1534 21
1535 21
1536 20
1537 20
1538 20
1539 20
1540 21
1541 20
1542 20
1543 20
1544 20
1545 20
1546 21
1547 21
1548 20
1549 21
1550 20
1551 21
1552 20
1553 21
1554 20
1555 21
1556 20
1557 20
1558 21
1559 21
1560 20
1561 20
1562 20
1563 20
1564 20
1565 20
1566 19
1567 20
1568 21
1569 20
1570 20
1571 21
1572 21
1573 20
1574 20
1575 19
1576 20
1577 20
1578 20
1579 19
1580 20
1581 20
1582 20
1583 20
1584 19
1585 20
1586 20
1587 21
1588 20
1589 20
1590 20
1591 20
1592 20
1593 20
1594 20
1595 20
1596 20
1597 20
1598 20
1599 20
1600 20
1601 20
1602 21
1603 20
1604 20
1605 20
1606 21
1607 20
1608 20
1609 20
1610 20
1611 20
1612 21
1613 20
1614 21
1615 20
1616 21
1617 20
1618 20
1619 19
1620 20
1621 21
1622 20
1623 20
1624 20
1625 19
1626 20
1627 21
1628 20
1629 20
1630 20
1631 20
1632 20
1633 20
1634 20
1635 20
1636 20
1637 20
1638 20
1639 20
1640 20
1641 20
1642 21
1643 20
1644 20
1645 20
1646 20
1647 20
1648 21
1649 20
1650 20
1651 21
1652 19
1653 21
1654 21
1655 20
1656 19
1657 20
1658 21
1659 21
1660 21
1661 20
1662 20
1663 20
1664 20
1665 20
1666 21
1667 20
1668 19
1669 20
1670 19
1671 20
1672 20
1673 21
1674 20
1675 20
1676 20
1677 21
1678 20
1679 20
1680 20
1681 20
1682 21
1683 20
1684 20
1685 20
1686 20
1687 20
1688 21
1689 20
1690 20
1691 20
1692 20
1693 20
1694 21
1695 20
1696 20
1697 20
1698 20
1699 20
1700 20
1701 20
1702 21
1703 20
1704 20
1705 20
1706 20
1707 20
1708 20
1709 20
1710 20
1711 21
1712 20
1713 19
1714 20
1715 20
1716 20
1717 19
1718 20
1719 20
1720 20
1721 21
1722 20
1723 20
1724 21
1725 20
1726 21
1727 20
1728 20
1729 20
1730 19
1731 20
1732 20
1733 20
1734 20
1735 19
1736 20
1737 20
1738 21
1739 21
1740 20
1741 19
1742 20
1743 20
1744 20
1745 20
1746 20
1747 21
1748 20
1749 20
1750 20
1751 20
1752 20
1753 20
1754 20
1755 20
1756 21
1757 20
1758 20
1759 20
1760 20
1761 20
1762 20
1763 20
1764 19
1765 20
1766 20
1767 21
1768 20
1769 21
1770 20
1771 21
1772 21
1773 20
1774 20
1775 20
1776 20
1777 19
1778 21
1779 21
1780 20
1781 20
1782 20
1783 20
1784 20
1785 21
1786 19
1787 20
1788 20
1789 20
1790 21
1791 21
1792 20
1793 21
1794 21
1795 21
1796 20
1797 21
1798 20
1799 20
1800 20
1801 20
1802 20
1803 20
1804 21
1805 20
1806 20
1807 20
1808 21
1809 20
1810 20
1811 20
1812 20
1813 20
1814 20
1815 20
1816 19
1817 20
1818 20
1819 20
1820 20
1821 20
1822 20
1823 21
1824 19
1825 20
1826 20
1827 20
1828 20
1829 21
1830 20
1831 20
1832 20
1833 19
1834 21
1835 21
1836 20
1837 20
1838 20
1839 20
1840 20
1841 21
1842 20
1843 21
1844 20
1845 20
1846 20
1847 20
1848 20
1849 20
1850 20
1851 20
1852 20
1853 20
1854 19
1855 21
1856 20
1857 20
1858 20
1859 20
1860 20
1861 21
1862 20
1863 19
1864 20
1865 20
1866 20
1867 20
1868 20
1869 21
1870 19
1871 21
1872 20
1873 20
1874 20
1875 21
1876 20
1877 20
1878 20
1879 19
1880 20
1881 21
1882 20
1883 20
1884 20
1885 20
1886 19
1887 20
1888 20
1889 21
1890 20
1891 21
1892 20
1893 20
1894 21
1895 20
1896 20
1897 20
1898 20
1899 20
1900 20
1901 20
1902 20
1903 19
1904 20
1905 20
1906 20
1907 21
1908 20
1909 21
1910 21
1911 20
1912 21
1913 20
1914 20
1915 21
1916 21
1917 20
1918 20
1919 20
1920 21
1921 21
1922 20
1923 20
1924 20
1925 20
1926 21
1927 20
1928 20
1929 19
1930 20
1931 20
1932 20
1933 20
1934 20
1935 20
1936 20
1937 20
1938 21
1939 20
1940 20
1941 19
1942 21
1943 20
1944 21
1945 20
1946 20
1947 20
1948 20
1949 21
1950 20
1951 20
1952 20
1953 20
1954 19
1955 20
1956 21
1957 20
1958 19
1959 20
1960 20
1961 20
1962 20
1963 20
1964 20
1965 20
1966 21
1967 21
1968 20
1969 21
1970 21
1971 20
1972 20
1973 20
1974 20
1975 20
1976 20
1977 20
1978 20
1979 20
1980 20
1981 21
1982 20
1983 21
1984 20
1985 20
1986 20
1987 20
1988 20
1989 20
1990 20
1991 20
1992 20
1993 20
1994 20
1995 20
1996 21
1997 20
1998 20
1999 21
2000 20
2001 21
2002 21
2003 20
2004 20
2005 20
2006 19
2007 20
2008 21
2009 19
2010 21
2011 20
2012 21
2013 20
2014 20
2015 20
2016 20
2017 21
2018 21
2019 20
2020 21
2021 20
2022 21
2023 21
2024 20
2025 20
2026 20
2027 20
2028 20
2029 20
2030 20
2031 20
2032 21
2033 20
2034 20
2035 20
2036 21
2037 19
2038 20
2039 20
2040 21
2041 21
2042 21
2043 19
2044 20
2045 20
2046 21
2047 19
2048 20
2049 20
2050 21
2051 21
2052 20
2053 21
2054 20
2055 19
2056 20
2057 20
2058 21
2059 20
2060 21
2061 20
2062 20
2063 21
2064 20
2065 20
2066 20
2067 19
2068 20
2069 21
2070 20
2071 20
2072 21
2073 20
2074 21
2075 21
2076 21
2077 20
2078 20
2079 20
2080 20
2081 20
2082 20
2083 20
2084 21
2085 20
2086 20
2087 20
2088 20
2089 20
2090 20
2091 20
2092 20
2093 21
2094 20
2095 20
2096 21
2097 20
2098 20
2099 21
2100 20
2101 20
2102 20
2103 20
2104 20
2105 20
2106 21
2107 20
2108 20
2109 20
2110 20
2111 20
2112 20
2113 20
2114 20
2115 20
2116 20
2117 20
2118 19
2119 20
2120 20
2121 20
2122 21
2123 21
2124 20
2125 20
2126 20
2127 21
2128 20
2129 20
2130 20
2131 20
2132 20
2133 20
2134 20
2135 21
2136 21
2137 20
2138 20
2139 21
2140 19
2141 21
2142 20
2143 20
2144 21
2145 20
2146 20
2147 20
2148 20
2149 20
2150 19
2151 20
2152 21
2153 20
2154 20
2155 21
2156 20
2157 20
2158 21
2159 20
2160 20
2161 20
2162 20
2163 20
2164 20
2165 20
2166 20
2167 21
2168 20
2169 21
2170 20
2171 20
2172 21
2173 21
2174 20
2175 20
2176 21
2177 20
2178 21
2179 20
2180 21
2181 20
2182 20
2183 21
2184 21
2185 21
2186 21
2187 20
2188 20
2189 20
2190 20
2191 20
2192 20
2193 19
2194 20
2195 20
2196 20
2197 20
2198 20
2199 20
2200 20
2201 20
2202 21
2203 20
2204 20
2205 21
2206 21
2207 21
2208 20
2209 20
2210 20
2211 21
2212 20
2213 20
2214 20
2215 20
2216 20
2217 21
2218 20
2219 20
2220 20
2221 20
2222 21
2223 20
2224 20
2225 21
2226 20
2227 20
2228 20
2229 21
2230 20
2231 20
2232 20
2233 20
2234 19
2235 21
2236 20
2237 20
2238 21
2239 21
2240 21
2241 20
2242 20
2243 20
2244 20
2245 20
2246 20
2247 20
2248 19
2249 20
2250 21
2251 20
2252 20
2253 20
2254 21
2255 21
2256 20
2257 21
2258 21
2259 20
2260 21
2261 20
2262 20
2263 21
2264 20
2265 20
2266 21
2267 21
2268 20
2269 20
2270 21
2271 20
2272 20
2273 21
2274 20
2275 20
2276 20
2277 20
2278 21
2279 20
2280 21
2281 20
2282 20
2283 20
2284 21
2285 19
2286 21
2287 21
2288 19
2289 20
2290 20
2291 20
2292 20
2293 20
2294 21
2295 20
2296 20
2297 20
2298 20
2299 20
2300 20
2301 21
2302 20
2303 19
2304 21
2305 21
2306 20
2307 21
2308 20
2309 21
2310 20
2311 20
2312 20
2313 21
2314 20
2315 20
2316 20
2317 20
2318 21
2319 20
2320 21
2321 20
2322 20
2323 20
2324 21
2325 20
2326 20
2327 20
2328 20
2329 20
2330 20
2331 20
2332 19
2333 19
2334 20
2335 21
2336 21
2337 21
2338 20
2339 20
2340 19
2341 21
2342 20
2343 20
2344 20
2345 20
2346 21
2347 21
2348 20
2349 20
2350 20
2351 20
2352 20
2353 20
2354 20
2355 21
2356 20
2357 21
2358 20
2359 21
2360 20
2361 20
2362 20
2363 21
2364 20
2365 21
2366 20
2367 20
2368 20
2369 20
2370 20
2371 21
2372 20
2373 21
2374 20
2375 21
2376 20
2377 20
2378 20
2379 21
2380 21
2381 21
2382 20
2383 20
2384 21
2385 20
2386 20
2387 21
2388 20
2389 20
2390 20
2391 20
2392 20
2393 20
2394 19
2395 20
2396 21
2397 21
2398 20
2399 21
2400 19
2401 21
2402 20
2403 21
2404 21
2405 20
2406 21
2407 21
2408 21
2409 21
2410 21
2411 21
2412 20
2413 20
2414 21
2415 20
2416 20
2417 20
2418 20
2419 20
2420 20
2421 21
2422 20
2423 20
2424 20
2425 21
2426 20
2427 20
2428 20
2429 20
2430 21
2431 20
2432 20
2433 20
2434 20
2435 20
2436 20
2437 20
2438 20
2439 20
2440 20
2441 20
2442 20
2443 20
2444 21
2445 20
2446 21
2447 21
2448 20
2449 20
2450 20
2451 20
2452 20
2453 20
2454 19
2455 21
2456 20
2457 21
2458 20
2459 20
2460 20
2461 21
2462 20
2463 20
2464 20
2465 21
2466 21
2467 20
2468 21
2469 21
2470 20
2471 20
2472 21
2473 20
2474 19
2475 21
2476 20
2477 20
2478 21
2479 21
2480 19
2481 20
2482 21
2483 20
2484 20
2485 19
2486 20
2487 20
2488 20
2489 19
2490 20
2491 20
2492 20
2493 20
2494 20
2495 19
2496 21
2497 20
2498 20
2499 20
2500 21
2501 20
2502 20
2503 20
2504 20
2505 20
2506 21
2507 20
2508 20
2509 20
2510 21
2511 20
2512 21
2513 20
2514 21
2515 21
2516 20
2517 21
2518 21
2519 20
2520 20
2521 20
2522 20
2523 20
2524 21
2525 20
2526 20
2527 20
2528 20
2529 20
2530 20
2531 19
2532 21
2533 20
2534 20
2535 20
2536 20
2537 20
2538 20
2539 21
2540 20
2541 21
2542 20
2543 20
2544 20
2545 21
2546 20
2547 21
2548 21
2549 21
2550 20
2551 20
2552 20
2553 20
2554 20
2555 20
2556 20
2557 20
2558 21
2559 20
2560 21
2561 21
2562 20
2563 20
2564 20
2565 20
2566 20
2567 20
2568 20
2569 20
2570 20
2571 20
2572 20
2573 21
2574 20
2575 20
2576 20
2577 20
2578 20
2579 20
2580 21
2581 20
2582 20
2583 20
2584 21
2585 20
2586 20
2587 20
2588 21
2589 20
2590 20
2591 21
2592 21
2593 20
2594 20
2595 21
2596 20
2597 20
2598 20
2599 20
2600 20
2601 21
2602 20
2603 20
2604 21
2605 21
2606 20
2607 20
2608 20
2609 20
2610 20
2611 19
2612 20
2613 20
2614 20
2615 21
2616 20
2617 19
2618 20
2619 21
2620 20
2621 20
2622 21
2623 21
2624 20
2625 20
2626 20
2627 21
2628 20
2629 20
2630 21
2631 21
2632 20
2633 20
2634 20
2635 20
2636 21
2637 20
2638 20
2639 20
2640 20
2641 20
2642 20
2643 20
2644 21
2645 20
2646 21
2647 21
2648 21
2649 20
2650 21
2651 20
2652 20
2653 20
2654 20
2655 21
2656 21
2657 20
2658 20
2659 20
2660 20
2661 21
2662 20
2663 20
2664 20
2665 20
2666 20
2667 20
2668 21
2669 21
2670 21
2671 20
2672 20
2673 20
2674 20
2675 20
2676 20
2677 21
2678 20
2679 20
2680 21
2681 20
2682 20
2683 20
2684 20
2685 21
2686 21
2687 20
2688 20
2689 20
2690 20
2691 20
2692 21
2693 21
2694 20
2695 21
2696 20
2697 21
2698 20
2699 20
2700 20
2701 20
2702 20
2703 20
2704 21
2705 21
2706 21
2707 20
2708 21
2709 20
2710 20
2711 20
2712 20
2713 20
2714 20
2715 21
2716 20
2717 20
2718 20
2719 21
2720 21
2721 20
2722 21
2723 20
2724 21
2725 20
2726 21
2727 20
2728 20
2729 20
2730 20
2731 20
2732 20
2733 20
2734 21
2735 20
2736 20
2737 20
2738 20
2739 21
2740 20
2741 20
2742 20
2743 20
2744 21
2745 20
2746 20
2747 20
2748 20
2749 20
2750 20
2751 20
2752 20
2753 20
2754 20
2755 20
2756 20
2757 21
2758 20
2759 20
2760 20
2761 21
2762 19
2763 20
2764 20
2765 21
2766 20
2767 20
2768 20
2769 21
2770 20
2771 21
2772 20
2773 20
2774 20
2775 21
2776 20
2777 20
2778 19
2779 21
2780 20
2781 20
2782 21
2783 20
2784 20
2785 21
2786 21
2787 20
2788 21
2789 20
2790 20
2791 20
2792 20
2793 21
2794 20
2795 20
2796 19
2797 20
2798 21
2799 21
2800 20
2801 20
2802 20
2803 20
2804 20
2805 20
2806 21
2807 20
2808 20
2809 20
2810 20
2811 20
2812 20
2813 19
2814 20
2815 20
2816 20
2817 21
2818 20
2819 20
2820 20
2821 20
2822 20
2823 21
2824 20
2825 20
2826 20
2827 19
2828 20
2829 20
2830 21
2831 20
2832 20
2833 20
2834 21
2835 21
2836 20
2837 19
2838 20
2839 21
2840 20
2841 20
2842 20
2843 20
2844 21
2845 20
2846 21
2847 19
2848 20
2849 20
2850 20
2851 20
2852 20
2853 20
2854 21
2855 20
2856 20
2857 20
2858 21
2859 20
2860 21
2861 20
2862 20
2863 20
2864 20
2865 20
2866 20
2867 20
2868 20
2869 21
2870 21
2871 20
2872 20
2873 20
2874 21
2875 21
2876 21
2877 20
2878 20
2879 21
2880 20
2881 20
2882 21
2883 19
2884 21
2885 20
2886 20
2887 20
2888 21
2889 20
2890 19
2891 21
2892 20
2893 20
2894 21
2895 20
2896 19
2897 21
2898 20
2899 21
2900 20
2901 20
2902 21
2903 20
2904 20
2905 21
2906 20
2907 20
2908 20
2909 21
2910 19
2911 20
2912 20
2913 20
2914 20
2915 21
2916 20
2917 20
2918 20
2919 20
2920 20
2921 20
2922 20
2923 20
2924 20
2925 20
2926 20
2927 20
2928 20
2929 20
2930 20
2931 21
2932 20
2933 20
2934 20
2935 21
2936 20
2937 20
2938 20
2939 21
2940 20
2941 20
2942 20
2943 21
2944 21
2945 20
2946 20
2947 20
2948 20
2949 20
2950 20
2951 20
2952 20
2953 20
2954 20
2955 20
2956 21
2957 21
2958 20
2959 20
2960 20
2961 20
2962 19
2963 20
2964 19
2965 21
2966 20
2967 20
2968 20
2969 20
2970 20
2971 20
2972 20
2973 20
2974 20
2975 20
2976 20
2977 20
2978 20
2979 20
2980 21
2981 20
2982 21
2983 20
2984 20
2985 20
2986 20
2987 19
2988 20
2989 20
2990 21
2991 21
2992 20
2993 20
2994 20
2995 20
2996 20
2997 20
2998 20
2999 21
3000 20
3001 20
3002 20
3003 21
3004 21
3005 19
3006 21
3007 21
3008 21
3009 21
3010 21
3011 20
3012 20
3013 20
3014 21
3015 20
3016 20
3017 20
3018 20
3019 20
3020 19
3021 20
3022 20
3023 20
3024 20
3025 20
3026 20
3027 21
3028 20
3029 19
3030 20
3031 20
3032 20
3033 20
3034 20
3035 20
3036 20
3037 20
3038 20
3039 20
3040 20
3041 20
3042 21
3043 20
3044 20
3045 20
3046 20
3047 20
3048 19
3049 20
3050 20
3051 20
3052 21
3053 20
3054 20
3055 20
3056 20
3057 20
3058 20
3059 20
3060 20
3061 20
3062 20
3063 20
3064 20
3065 20
3066 20
3067 21
3068 20
3069 20
3070 20
3071 21
3072 20
3073 20
3074 20
3075 20
3076 21
3077 20
3078 20
3079 21
3080 20
3081 20
3082 20
3083 20
3084 20
3085 20
3086 20
3087 20
3088 20
3089 20
3090 20
3091 20
3092 21
3093 21
3094 20
3095 20
3096 20
3097 20
3098 20
3099 20
3100 19
3101 20
3102 20
3103 20
3104 20
3105 20
3106 20
3107 20
3108 20
3109 21
3110 20
3111 20
3112 20
3113 19
3114 20
3115 20
3116 20
3117 20
3118 20
3119 20
3120 21
3121 20
3122 21
3123 21
3124 20
3125 20
3126 21
3127 20
3128 20
3129 20
3130 20
3131 20
3132 21
3133 21
3134 20
3135 20
3136 20
3137 21
3138 20
3139 20
3140 20
3141 19
3142 20
3143 20
3144 20
3145 20
3146 20
3147 20
3148 20
3149 20
3150 20
3151 21
3152 20
3153 20
3154 20
3155 21
3156 20
3157 20
3158 20
3159 21
3160 20
3161 20
3162 20
3163 20
3164 20
3165 20
3166 20
3167 21
3168 20
3169 20
3170 20
3171 21
3172 20
3173 20
3174 21
3175 20
3176 21
3177 20
3178 19
3179 20
3180 20
3181 20
3182 20
3183 20
3184 21
3185 20
3186 20
3187 20
3188 20
3189 20
3190 20
3191 20
3192 20
3193 19
3194 20
3195 20
3196 21
3197 20
3198 21
3199 20
3200 20
3201 20
3202 20
3203 20
3204 20
3205 20
3206 21
3207 20
3208 20
3209 20
3210 21
3211 19
3212 20
3213 20
3214 21
3215 20
3216 20
3217 20
3218 21
3219 20
3220 21
3221 20
3222 20
3223 20
3224 19
3225 20
3226 21
3227 19
3228 20
3229 20
3230 20
3231 20
3232 19
3233 21
3234 20
3235 20
3236 20
3237 20
3238 20
3239 20
3240 20
3241 20
3242 20
3243 20
3244 20
3245 20
3246 21
3247 20
3248 20
3249 20
3250 19
3251 21
3252 20
3253 20
3254 20
3255 20
3256 21
3257 20
3258 20
3259 20
3260 20
3261 21
3262 20
3263 20
3264 21
3265 20
3266 20
3267 20
3268 20
3269 20
3270 20
3271 20
3272 19
3273 20
3274 21
3275 19
3276 20
3277 20
3278 20
3279 20
3280 20
3281 20
3282 20
3283 20
3284 21
3285 20
3286 20
3287 20
3288 19
3289 21
3290 20
3291 20
3292 21
3293 20
3294 20
3295 20
3296 21
3297 21
3298 20
3299 20
3300 21
3301 20
3302 20
3303 20
3304 20
3305 20
3306 20
3307 20
3308 20
3309 20
3310 20
3311 20
3312 21
3313 20
3314 20
3315 20
3316 20
3317 20
3318 19
3319 20
3320 19
3321 21
3322 20
3323 21
3324 20
3325 20
3326 20
3327 20
3328 20
3329 20
3330 20
3331 20
3332 20
3333 20
3334 19
3335 21
3336 20
3337 20
3338 20
3339 20
3340 21
3341 20
3342 21
3343 19
3344 21
3345 20
3346 20
3347 21
3348 19
3349 20
3350 19
3351 20
3352 21
3353 20
3354 19
3355 19
3356 20
3357 20
3358 20
3359 21
3360 21
3361 20
3362 21
3363 21
3364 21
3365 20
3366 20
3367 20
3368 20
3369 20
3370 20
3371 19
3372 20
3373 20
3374 20
3375 20
3376 21
3377 19
3378 20
3379 20
3380 21
3381 21
3382 20
3383 21
3384 20
3385 20
3386 20
3387 20
3388 20
3389 20
3390 21
3391 20
3392 19
3393 20
3394 20
3395 20
3396 20
3397 20
3398 20
3399 20
3400 20
3401 20
3402 21
3403 20
3404 21
3405 21
3406 20
3407 20
3408 21
3409 21
3410 20
3411 20
3412 21
3413 20
3414 20
3415 20
3416 21
3417 20
3418 21
3419 20
3420 20
3421 20
3422 20
3423 20
3424 20
3425 20
3426 20
3427 20
3428 21
3429 20
3430 20
3431 20
3432 20
3433 21
3434 20
3435 20
3436 20
3437 21
3438 20
3439 20
3440 20
3441 20
3442 20
3443 20
3444 21
3445 19
3446 20
3447 20
3448 21
3449 20
3450 21
3451 21
3452 21
3453 20
3454 20
3455 20
3456 21
3457 21
3458 21
3459 21
3460 20
3461 19
3462 20
3463 20
3464 20
3465 20
3466 19
3467 20
3468 20
3469 20
3470 21
3471 21
3472 21
3473 21
3474 21
3475 21
3476 20
3477 21
3478 20
3479 20
3480 20
3481 20
3482 21
3483 20
3484 20
3485 20
3486 21
3487 20
3488 21
3489 20
3490 21
3491 20
3492 20
3493 20
3494 20
3495 20
3496 20
3497 20
3498 20
3499 20
3500 21
3501 20
3502 20
3503 20
3504 20
3505 20
3506 21
3507 19
3508 21
3509 20
3510 19
3511 20
3512 21
3513 20
3514 20
3515 20
3516 20
3517 21
3518 20
3519 20
3520 20
3521 21
3522 20
3523 20
3524 20
3525 20
3526 19
3527 20
3528 20
3529 20
3530 20
3531 20
3532 21
3533 20
3534 21
3535 21
3536 19
3537 20
3538 21
3539 20
3540 20
3541 20
3542 20
3543 20
3544 20
3545 21
3546 20
3547 20
3548 20
3549 20
3550 20
3551 20
3552 20
3553 21
3554 20
3555 20
3556 20
3557 21
3558 20
3559 21
3560 21
3561 20
3562 20
3563 20
3564 20
3565 20
3566 21
3567 19
3568 20
3569 19
3570 21
3571 20
3572 20
3573 21
3574 20
3575 20
3576 20
3577 19
3578 21
3579 20
3580 21
3581 21
3582 21
3583 20
3584 21
3585 20
3586 20
3587 20
3588 20
3589 21
3590 20
3591 20
3592 21
3593 19
3594 20
3595 21
3596 20
3597 20
3598 20
3599 20
3600 20
3601 20
3602 20
3603 20
3604 20
3605 20
3606 21
3607 20
3608 20
3609 21
3610 20
3611 20
3612 20
3613 20
3614 20
3615 20
3616 20
3617 21
3618 21
3619 20
3620 20
3621 20
3622 20
3623 20
3624 20
3625 21
3626 20
3627 20
3628 19
3629 20
3630 20
3631 20
3632 20
3633 21
3634 20
3635 19
3636 20
3637 20
3638 20
3639 21
3640 20
3641 20
3642 20
3643 20
3644 20
3645 21
3646 20
3647 21
3648 20
3649 20
3650 20
3651 20
3652 20
3653 19
3654 20
3655 21
3656 20
3657 21
3658 21
3659 19
3660 20
3661 20
3662 20
3663 21
3664 20
3665 21
3666 20
3667 21
3668 20
3669 20
3670 20
3671 20
3672 20
3673 20
3674 20
3675 20
3676 21
3677 21
3678 21
3679 20
3680 19
3681 20
3682 20
3683 20
3684 21
3685 21
3686 21
3687 20
3688 21
3689 20
3690 20
3691 21
3692 20
3693 20
3694 20
3695 20
3696 21
3697 20
3698 21
3699 19
3700 21
3701 20
3702 20
3703 20
3704 20
3705 19
3706 20
3707 21
3708 20
3709 20
3710 20
3711 20
3712 20
3713 20
3714 20
3715 20
3716 21
3717 20
3718 19
3719 21
3720 21
3721 20
3722 20
3723 20
3724 20
3725 20
3726 21
3727 20
3728 21
3729 20
3730 20
3731 20
3732 21
3733 21
3734 20
3735 19
3736 20
3737 19
3738 20
3739 20
3740 20
3741 19
3742 20
3743 21
3744 20
3745 21
3746 20
3747 20
3748 20
3749 20
3750 21
3751 19
3752 21
3753 20
3754 20
3755 20
3756 20
3757 21
3758 20
3759 20
3760 20
3761 20
3762 20
3763 20
3764 20
3765 20
3766 21
3767 20
3768 20
3769 20
3770 21
3771 20
3772 21
3773 20
3774 20
3775 20
3776 21
3777 20
3778 20
3779 20
3780 20
3781 21
3782 20
3783 19
3784 20
3785 20
3786 20
3787 20
3788 20
3789 21
3790 20
3791 21
3792 20
3793 21
3794 20
3795 21
3796 21
3797 19
3798 20
3799 20
3800 20
3801 20
3802 20
3803 20
3804 20
3805 20
3806 19
3807 20
3808 20
3809 21
3810 20
3811 20
3812 21
3813 21
3814 20
3815 20
3816 21
3817 20
3818 21
3819 20
3820 21
3821 20
3822 20
3823 20
3824 21
3825 20
3826 20
3827 20
3828 20
3829 20
3830 20
3831 19
3832 20
3833 21
3834 20
3835 20
3836 20
3837 20
3838 20
3839 20
3840 21
3841 20
3842 21
3843 20
3844 20
3845 21
3846 21
3847 20
3848 21
3849 20
3850 19
3851 21
3852 20
3853 20
3854 20
3855 20
3856 20
3857 20
3858 21
3859 21
3860 19
3861 19
3862 20
3863 19
3864 19
3865 20
3866 19
3867 21
3868 20
3869 20
3870 20
3871 19
3872 20
3873 20
3874 21
3875 20
3876 20
3877 20
3878 20
3879 20
3880 20
3881 21
3882 20
3883 20
3884 20
3885 21
3886 20
3887 20
3888 20
3889 20
3890 21
3891 20
3892 21
3893 20
3894 20
3895 20
3896 20
3897 20
3898 20
3899 20
3900 20
3901 21
3902 20
3903 20
3904 20
3905 20
3906 21
3907 20
3908 20
3909 21
3910 21
3911 20
3912 20
3913 19
3914 20
3915 20
3916 21
3917 20
3918 20
3919 20
3920 19
3921 21
3922 20
3923 20
3924 20
3925 20
3926 19
3927 20
3928 20
3929 20
3930 20
3931 21
3932 20
3933 20
3934 21
3935 20
3936 20
3937 21
3938 21
3939 20
3940 20
3941 20
3942 20
3943 20
3944 20
3945 20
3946 20
3947 20
3948 21
3949 20
3950 21
3951 20
3952 20
3953 21
3954 20
3955 20
3956 20
3957 19
3958 20
3959 21
3960 21
3961 19
3962 20
3963 20
3964 20
3965 20
3966 21
3967 20
3968 21
3969 20
3970 20
3971 21
3972 21
3973 21
3974 20
3975 20
3976 20
3977 20
3978 20
3979 19
3980 19
3981 20
3982 20
3983 20
3984 20
3985 21
3986 20
3987 20
3988 20
3989 20
3990 20
3991 20
3992 20
3993 20
3994 20
3995 21
3996 20
3997 20
3998 19
3999 19
4000 21
4001 20
4002 21
4003 20
4004 20
4005 20
4006 20
4007 19
4008 21
4009 20
4010 20
4011 21
4012 20
4013 21
4014 21
4015 20
4016 19
4017 20
4018 20
4019 20
4020 20
4021 20
4022 20
4023 21
4024 20
4025 20
4026 20
4027 20
4028 20
4029 20
4030 20
4031 20
4032 20
4033 20
4034 20
4035 19
4036 20
4037 20
4038 20
4039 20
4040 20
4041 19
4042 21
4043 21
4044 20
4045 20
4046 20
4047 20
4048 20
4049 20
4050 21
4051 21
4052 20
4053 21
4054 20
4055 20
4056 20
4057 21
4058 20
4059 21
4060 20
4061 20
4062 20
4063 20
4064 21
4065 19
4066 20
4067 20
4068 21
4069 20
4070 19
4071 20
4072 20
4073 20
4074 20
4075 20
4076 20
4077 21
4078 21
4079 21
4080 20
4081 20
4082 19
4083 20
4084 20
4085 20
4086 21
4087 20
4088 20
4089 20
4090 20
4091 20
4092 20
4093 20
4094 20
4095 20
4096 20
4097 20
4098 20
4099 20
4100 20
4101 20
4102 20
4103 20
4104 20
4105 20
4106 21
4107 20
4108 19
4109 20
4110 20
4111 21
4112 20
4113 20
4114 20
4115 20
4116 20
4117 20
4118 20
4119 21
4120 20
4121 20
4122 20
4123 20
4124 21
4125 20
4126 21
4127 20
4128 20
4129 20
4130 21
4131 20
4132 20
4133 21
4134 20
4135 19
4136 20
4137 20
4138 20
4139 20
4140 20
4141 20
4142 20
4143 21
4144 20
4145 20
4146 21
4147 20
4148 21
4149 21
4150 21
4151 20
4152 20
4153 21
4154 20
4155 20
4156 21
4157 20
4158 20
4159 20
4160 21
4161 20
4162 20
4163 20
4164 20
4165 20
4166 20
4167 20
4168 21
4169 20
4170 20
4171 20
4172 20
4173 20
4174 20
4175 20
4176 19
4177 20
4178 20
4179 20
4180 20
4181 21
4182 20
4183 20
4184 20
4185 20
4186 20
4187 21
4188 20
4189 20
4190 20
4191 21
4192 20
4193 20
4194 19
4195 20
4196 20
4197 20
4198 20
4199 20
4200 20
4201 21
4202 21
4203 20
4204 20
4205 21
4206 20
4207 21
4208 19
4209 20
4210 20
4211 20
4212 20
4213 20
4214 20
4215 20
4216 20
4217 20
4218 20
4219 20
4220 20
4221 20
4222 20
4223 20
4224 21
4225 21
4226 20
4227 20
4228 20
4229 19
4230 20
4231 20
4232 20
4233 21
4234 19
4235 21
4236 20
4237 21
4238 20
4239 20
4240 20
4241 21
4242 21
4243 20
4244 21
4245 20
4246 20
4247 20
4248 21
4249 20
4250 20
4251 21
4252 19
4253 20
4254 21
4255 20
4256 20
4257 21
4258 21
4259 20
4260 21
4261 20
4262 20
4263 20
4264 20
4265 20
4266 20
4267 20
4268 21
4269 20
4270 20
4271 20
4272 20
4273 20
4274 21
4275 20
4276 20
4277 20
4278 20
4279 20
4280 20
4281 20
4282 20
4283 21
4284 20
4285 20
4286 20
4287 20
4288 19
4289 21
4290 20
4291 20
4292 21
4293 20
4294 21
4295 21
4296 20
4297 20
4298 19
4299 21
4300 20
4301 20
4302 21
4303 20
4304 20
4305 20
4306 20
4307 21
4308 20
4309 20
4310 20
4311 20
4312 20
4313 20
4314 20
4315 19
4316 21
4317 20
4318 20
4319 21
4320 20
4321 19
4322 21
4323 21
4324 20
4325 21
4326 20
4327 20
4328 20
4329 21
4330 20
4331 20
4332 20
4333 20
4334 20
4335 20
4336 20
4337 20
4338 20
4339 19
4340 20
4341 20
4342 20
4343 20
4344 20
4345 20
4346 20
4347 20
4348 20
4349 20
4350 20
4351 20
4352 21
4353 20
4354 20
4355 21
4356 19
4357 20
4358 20
4359 20
4360 20
4361 20
4362 21
4363 19
4364 20
4365 20
4366 20
4367 20
4368 20
4369 20
4370 20
4371 20
4372 21
4373 21
4374 21
4375 20
4376 20
4377 20
4378 21
4379 20
4380 21
4381 20
4382 20
4383 20
4384 20
4385 20
4386 20
4387 20
4388 20
4389 21
4390 20
4391 19
4392 20
4393 20
4394 21
4395 20
4396 20
4397 20
4398 20
4399 20
4400 21
4401 20
4402 20
4403 20
4404 19
4405 20
4406 19
4407 20
4408 21
4409 21
4410 20
4411 21
4412 20
4413 21
4414 20
4415 20
4416 21
4417 20
4418 21
4419 20
4420 20
4421 20
4422 20
4423 20
4424 20
4425 20
4426 21
4427 20
4428 20
4429 20
4430 20
4431 21
4432 20
4433 21
4434 21
4435 19
4436 19
4437 20
4438 20
4439 20
4440 20
4441 19
4442 21
4443 20
4444 20
4445 20
4446 20
4447 20
4448 20
4449 20
4450 20
4451 20
4452 20
4453 20
4454 20
4455 20
4456 20
4457 20
4458 20
4459 20
4460 20
4461 20
4462 20
4463 20
4464 20
4465 20
4466 20
4467 20
4468 20
4469 20
4470 20
4471 20
4472 21
4473 20
4474 20
4475 21
4476 20
4477 20
4478 20
4479 20
4480 21
4481 20
4482 20
4483 21
4484 20
4485 20
4486 20
4487 21
4488 20
4489 19
4490 20
4491 20
4492 20
4493 20
4494 20
4495 20
4496 20
4497 20
4498 19
4499 20
4500 20
4501 20
4502 20
4503 20
4504 20
4505 21
4506 20
4507 20
4508 20
4509 20
4510 20
4511 20
4512 21
4513 20
4514 20
4515 21
4516 20
4517 20
4518 20
4519 20
4520 20
4521 20
4522 20
4523 20
4524 21
4525 20
4526 20
4527 21
4528 20
4529 20
4530 20
4531 20
4532 20
4533 20
4534 21
4535 20
4536 20
4537 21
4538 20
4539 21
4540 21
4541 20
4542 20
4543 20
4544 20
4545 20
4546 20
4547 21
4548 20
4549 21
4550 21
4551 20
4552 20
4553 21
4554 21
4555 20
4556 21
4557 21
4558 21
4559 20
4560 21
4561 20
4562 20
4563 21
4564 20
4565 20
4566 20
4567 20
4568 20
4569 20
4570 20
4571 21
4572 20
4573 20
4574 20
4575 21
4576 20
4577 20
4578 21
4579 20
4580 21
4581 19
4582 20
4583 21
4584 20
4585 20
4586 21
4587 20
4588 20
4589 20
4590 20
4591 20
4592 20
4593 21
4594 20
4595 21
4596 19
4597 20
4598 20
4599 20
4600 20
4601 20
4602 20
4603 20
4604 20
4605 20
4606 20
4607 20
4608 21
4609 20
4610 21
4611 20
4612 21
4613 20
4614 21
4615 21
4616 21
4617 19
4618 21
4619 21
4620 20
4621 20
4622 20
4623 20
4624 20
4625 21
4626 20
4627 20
4628 20
4629 20
4630 20
4631 20
4632 20
4633 20
4634 20
4635 20
4636 20
4637 20
4638 20
4639 20
4640 20
4641 20
4642 20
4643 20
4644 20
4645 21
4646 20
4647 20
4648 20
4649 20
4650 20
4651 20
4652 20
4653 20
4654 20
4655 21
4656 20
4657 21
4658 21
4659 20
4660 20
4661 20
4662 20
4663 20
4664 19
4665 20
4666 20
4667 20
4668 21
4669 20
4670 20
4671 20
4672 20
4673 20
4674 20
4675 20
4676 21
4677 21
4678 20
4679 20
4680 20
4681 20
4682 21
4683 20
4684 19
4685 20
4686 20
4687 21
4688 21
4689 20
4690 20
4691 20
4692 21
4693 21
4694 20
4695 20
4696 20
4697 20
4698 21
4699 20
4700 20
4701 20
4702 20
4703 20
4704 20
4705 21
4706 20
4707 20
4708 19
4709 20
4710 20
4711 20
4712 20
4713 21
4714 20
4715 20
4716 21
4717 20
4718 20
4719 20
4720 21
4721 20
4722 21
4723 20
4724 20
4725 20
4726 20
4727 20
4728 20
4729 21
4730 20
4731 20
4732 20
4733 20
4734 20
4735 21
4736 20
4737 20
4738 20
4739 21
4740 21
4741 21
4742 20
4743 20
4744 20
4745 21
4746 19
4747 20
4748 20
4749 20
4750 20
4751 20
4752 20
4753 20
4754 21
4755 20
4756 21
4757 19
4758 20
4759 20
4760 19
4761 20
4762 21
4763 20
4764 21
4765 21
4766 20
4767 20
4768 20
4769 20
4770 20
4771 20
4772 21
4773 20
4774 20
4775 20
4776 20
4777 21
4778 20
4779 20
4780 20
4781 20
4782 20
4783 20
4784 20
4785 20
4786 21
4787 20
4788 21
4789 20
4790 20
4791 21
4792 20
4793 20
4794 20
4795 20
4796 20
4797 20
4798 21
4799 20
4800 20
4801 20
4802 21
4803 20
4804 21
4805 21
4806 20
4807 20
4808 21
4809 20
4810 20
4811 21
4812 21
4813 20
4814 19
4815 19
4816 20
4817 21
4818 20
4819 20
4820 19
4821 21
4822 20
4823 20
4824 20
4825 21
4826 21
4827 20
4828 21
4829 20
4830 20
4831 21
4832 20
4833 19
4834 20
4835 20
4836 20
4837 20
4838 20
4839 20
4840 20
4841 19
4842 21
4843 20
4844 21
4845 19
4846 20
4847 20
4848 20
4849 20
4850 21
4851 21
4852 20
4853 21
4854 21
4855 21
4856 20
4857 21
4858 21
4859 20
4860 21
4861 20
4862 19
4863 20
4864 20
4865 20
4866 19
4867 20
4868 20
4869 20
4870 20
4871 20
4872 20
4873 20
4874 21
4875 19
4876 20
4877 21
4878 20
4879 21
4880 20
4881 20
4882 20
4883 20
4884 20
4885 20
4886 20
4887 19
4888 21
4889 20
4890 20
4891 20
4892 21
4893 20
4894 20
4895 20
4896 20
4897 20
4898 20
4899 20
4900 20
4901 21
4902 20
4903 20
4904 21
4905 21
4906 21
4907 20
4908 21
4909 21
4910 21
4911 20
4912 21
4913 20
4914 20
4915 20
4916 20
4917 21
4918 19
4919 20
4920 20
4921 20
4922 21
4923 20
4924 20
4925 20
4926 21
4927 21
4928 20
4929 20
4930 20
4931 20
4932 20
4933 19
4934 19
4935 20
4936 20
4937 20
4938 19
4939 21
4940 20
4941 20
4942 20
4943 20
4944 21
4945 21
4946 20
4947 21
4948 20
4949 19
4950 21
4951 20
4952 20
4953 20
4954 20
4955 20
4956 20
4957 20
4958 21
4959 20
4960 21
4961 20
4962 20
4963 20
4964 21
4965 20
4966 20
4967 21
4968 20
4969 20
4970 20
4971 21
4972 20
4973 20
4974 20
4975 20
4976 20
4977 20
4978 19
4979 21
4980 20
4981 21
4982 20
4983 20
4984 20
4985 20
4986 21
4987 20
4988 20
4989 21
4990 20
4991 20
4992 21
4993 21
4994 20
4995 21
4996 20
4997 20
4998 20
4999 21
5000 20
5001 20
5002 20
5003 20
5004 21
5005 20
5006 20
5007 20
5008 20
5009 20
5010 20
5011 20
5012 20
5013 20
5014 20
5015 20
5016 20
5017 21
5018 20
5019 20
5020 20
5021 20
5022 20
5023 20
5024 20
5025 20
5026 19
5027 21
5028 21
5029 20
5030 20
5031 20
5032 20
5033 20
5034 20
5035 20
5036 21
5037 19
5038 20
5039 20
5040 20
5041 20
5042 20
5043 20
5044 20
5045 21
5046 20
5047 20
5048 21
5049 21
5050 20
5051 21
5052 20
5053 20
5054 21
5055 21
5056 20
5057 20
5058 20
5059 19
5060 20
5061 20
5062 20
5063 20
5064 20
5065 19
5066 21
5067 21
5068 20
5069 21
5070 20
5071 20
5072 21
5073 20
5074 21
5075 20
5076 21
5077 20
5078 20
5079 20
5080 20
5081 20
5082 21
5083 20
5084 21
5085 21
5086 20
5087 19
5088 20
5089 21
5090 20
5091 20
5092 20
5093 20
5094 20
5095 20
5096 20
5097 20
5098 19
5099 20
5100 21
5101 20
5102 20
5103 20
5104 21
5105 20
5106 20
5107 21
5108 21
5109 21
5110 21
5111 21
5112 20
5113 20
5114 21
5115 20
5116 20
5117 19
5118 20
5119 20
5120 20
5121 20
5122 21
5123 20
5124 20
5125 21
5126 20
5127 20
5128 21
5129 20
5130 20
5131 21
5132 20
5133 21
5134 20
5135 20
5136 20
5137 21
5138 20
5139 20
5140 21
5141 20
5142 21
5143 21
5144 20
5145 20
5146 21
5147 20
5148 19
5149 20
5150 20
5151 20
5152 21
5153 20
5154 20
5155 20
5156 20
5157 21
5158 20
5159 20
5160 20
5161 20
5162 21
5163 20
5164 20
5165 20
5166 20
5167 21
5168 21
5169 21
5170 20
5171 19
5172 20
5173 20
5174 20
5175 21
5176 20
5177 20
5178 21
5179 21
5180 21
5181 20
5182 21
5183 20
5184 20
5185 19
5186 21
5187 20
5188 20
5189 20
5190 20
5191 20
5192 19
5193 20
5194 20
5195 20
5196 20
5197 20
5198 21
5199 20
5200 20
5201 20
5202 20
5203 20
5204 20
5205 20
5206 20
5207 20
5208 20
5209 21
5210 21
5211 20
5212 21
5213 20
5214 20
5215 21
5216 20
5217 21
5218 21
5219 20
5220 19
5221 20
5222 20
5223 20
5224 20
5225 20
5226 20
5227 21
5228 20
5229 19
5230 20
5231 21
5232 20
5233 21
5234 21
5235 20
5236 20
5237 21
5238 21
5239 21
5240 20
5241 21
5242 20
5243 21
5244 19
5245 20
5246 20
5247 20
5248 20
5249 21
5250 20
5251 20
5252 20
5253 21
5254 20
5255 19
5256 20
5257 20
5258 20
5259 20
5260 20
5261 21
5262 20
5263 21
5264 20
5265 20
5266 21
5267 20
5268 21
5269 20
5270 19
5271 21
5272 21
5273 20
5274 21
5275 20
5276 21
5277 20
5278 20
5279 21
5280 21
5281 21
5282 20
5283 21
5284 20
5285 20
5286 20
5287 20
5288 21
5289 21
5290 20
5291 20
5292 20
5293 20
5294 20
5295 20
5296 20
5297 20
5298 20
5299 20
5300 20
5301 20
5302 20
5303 20
5304 20
5305 20
5306 20
5307 20
5308 20
5309 20
5310 20
5311 20
5312 21
5313 20
5314 20
5315 20
5316 21
5317 20
5318 21
5319 21
5320 20
5321 20
5322 20
5323 20
5324 19
5325 20
5326 20
5327 21
5328 19
5329 21
5330 20
5331 20
5332 20
5333 21
5334 20
5335 20
5336 20
5337 20
5338 21
5339 20
5340 21
5341 21
5342 21
5343 20
5344 20
5345 20
5346 21
5347 19
5348 20
5349 21
5350 20
5351 20
5352 20
5353 20
5354 20
5355 20
5356 20
5357 20
5358 20
5359 20
5360 20
5361 20
5362 20
5363 21
5364 20
5365 21
5366 19
5367 20
5368 20
5369 19
5370 20
5371 20
5372 21
5373 21
5374 20
5375 19
5376 20
5377 20
5378 21
5379 21
5380 19
5381 20
5382 20
5383 20
5384 21
5385 20
5386 20
5387 20
5388 20
5389 20
5390 20
5391 20
5392 20
5393 21
5394 20
5395 20
5396 20
5397 20
5398 20
5399 19
5400 21
5401 20
5402 20
5403 20
5404 21
5405 20
5406 20
5407 20
5408 20
5409 20
5410 20
5411 19
5412 20
5413 20
5414 20
5415 20
5416 21
5417 20
5418 20
5419 20
5420 21
5421 20
5422 20
5423 21
5424 20
5425 20
5426 20
5427 20
5428 20
5429 20
5430 20
5431 21
5432 20
5433 21
5434 20
5435 21
5436 20
5437 21
5438 19
5439 20
5440 20
5441 20
5442 21
5443 21
5444 21
5445 20
5446 20
5447 20
5448 20
5449 20
5450 20
5451 20
5452 20
5453 21
5454 20
5455 21
5456 20
5457 19
5458 20
5459 20
5460 20
5461 21
5462 21
5463 20
5464 20
5465 20
5466 20
5467 20
5468 20
5469 21
5470 20
5471 20
5472 21
5473 20
5474 20
5475 20
5476 20
5477 20
5478 20
5479 20
5480 20
5481 20
5482 20
5483 21
5484 20
5485 20
5486 20
5487 20
5488 21
5489 20
5490 20
5491 20
5492 20
5493 20
5494 20
5495 20
5496 20
5497 20
5498 21
5499 20
5500 20
5501 20
5502 20
5503 20
5504 20
5505 21
5506 20
5507 20
5508 20
5509 20
5510 20
5511 20
5512 21
5513 20
5514 20
5515 20
5516 20
5517 20
5518 20
5519 20
5520 19
5521 20
5522 20
5523 20
5524 21
5525 20
5526 20
5527 20
5528 20
5529 20
5530 20
5531 21
5532 21
5533 20
5534 20
5535 21
5536 21
5537 20
5538 21
5539 20
5540 21
5541 20
5542 21
5543 20
5544 20
5545 21
5546 20
5547 20
5548 20
5549 19
5550 20
5551 20
5552 21
5553 19
5554 20
5555 20
5556 20
5557 20
5558 20
5559 21
5560 20
5561 21
5562 20
5563 20
5564 20
5565 20
5566 20
5567 20
5568 20
5569 20
5570 20
5571 20
5572 20
5573 20
5574 20
5575 20
5576 21
5577 21
5578 20
5579 21
5580 20
5581 20
5582 20
5583 20
5584 20
5585 20
5586 20
5587 20
5588 20
5589 20
5590 20
5591 20
5592 20
5593 20
5594 21
5595 20
5596 20
5597 20
5598 21
5599 21
5600 20
5601 20
5602 19
5603 20
5604 20
5605 21
5606 20
5607 20
5608 21
5609 19
5610 20
5611 20
5612 20
5613 20
5614 20
5615 20
5616 20
5617 20
5618 21
5619 20
5620 20
5621 20
5622 20
5623 19
5624 21
5625 21
5626 20
5627 20
5628 20
5629 21
5630 21
5631 20
5632 20
5633 20
5634 20
5635 20
5636 20
5637 20
5638 20
5639 20
5640 20
5641 20
5642 21
5643 20
5644 20
5645 20
5646 20
5647 20
5648 20
5649 20
5650 20
5651 20
5652 20
5653 20
5654 20
5655 20
5656 20
5657 20
5658 20
5659 21
5660 19
5661 20
5662 20
5663 20
5664 21
5665 20
5666 20
5667 20
5668 21
5669 20
5670 20
5671 20
5672 20
5673 20
5674 20
5675 20
5676 21
5677 19
5678 20
5679 20
5680 21
5681 20
5682 20
5683 21
5684 20
5685 19
5686 20
5687 20
5688 21
5689 20
5690 20
5691 20
5692 20
5693 21
5694 20
5695 20
5696 20
5697 20
5698 20
5699 20
5700 20
5701 20
5702 20
5703 21
5704 20
5705 20
5706 20
5707 20
5708 19
5709 20
5710 21
5711 20
5712 20
5713 19
5714 20
5715 19
5716 20
5717 20
5718 20
5719 20
5720 21
5721 20
5722 20
5723 20
5724 20
5725 20
5726 21
5727 20
5728 20
5729 21
5730 21
5731 21
5732 20
5733 20
5734 20
5735 20
5736 20
5737 20
5738 20
5739 20
5740 21
5741 20
5742 20
5743 21
5744 21
5745 20
5746 20
5747 21
5748 21
5749 20
5750 20
5751 21
5752 20
5753 21
5754 19
5755 21
5756 21
5757 21
5758 20
5759 20
5760 20
5761 20
5762 20
5763 20
5764 20
5765 20
5766 20
5767 20
5768 21
5769 20
5770 20
5771 20
5772 20
5773 20
5774 20
5775 20
5776 20
5777 20
5778 20
5779 20
5780 21
5781 19
5782 20
5783 20
5784 20
5785 21
5786 20
5787 21
5788 20
5789 20
5790 21
5791 20
5792 20
5793 20
5794 20
5795 20
5796 20
5797 20
5798 20
5799 21
5800 20
5801 20
5802 20
5803 20
5804 19
5805 20
5806 20
5807 20
5808 20
5809 20
5810 20
5811 21
5812 20
5813 20
5814 20
5815 20
5816 21
5817 20
5818 20
5819 20
5820 20
5821 20
5822 20
5823 20
5824 20
5825 20
5826 20
5827 21
5828 20
5829 21
5830 20
5831 20
5832 20
5833 20
5834 20
5835 20
5836 20
5837 21
5838 21
5839 19
5840 20
5841 20
5842 20
5843 20
5844 20
5845 20
5846 20
5847 20
5848 21
5849 20
5850 20
5851 20
5852 20
5853 20
5854 20
5855 20
5856 20
5857 19
5858 20
5859 20
5860 21
5861 20
5862 20
5863 20
5864 21
5865 20
5866 19
5867 20
5868 20
5869 20
5870 19
5871 20
5872 20
5873 21
5874 20
5875 20
5876 20
5877 20
5878 20
5879 20
5880 20
5881 20
5882 20
5883 20
5884 21
5885 20
5886 21
5887 21
5888 20
5889 20
5890 21
5891 20
5892 20
5893 20
5894 21
5895 20
5896 21
5897 20
5898 19
5899 20
5900 21
5901 20
5902 21
5903 20
5904 20
5905 21
5906 20
5907 20
5908 20
5909 20
5910 19
5911 21
5912 20
5913 21
5914 20
5915 21
5916 20
5917 21
5918 21
5919 20
5920 20
5921 20
5922 20
5923 20
5924 20
5925 20
5926 20
5927 21
5928 20
5929 20
5930 20
5931 20
5932 20
5933 20
5934 20
5935 21
5936 20
5937 19
5938 20
5939 19
5940 20
5941 20
5942 19
5943 20
5944 21
5945 21
5946 21
5947 20
5948 21
5949 21
5950 20
5951 20
5952 21
5953 21
5954 21
5955 20
5956 21
5957 21
5958 20
5959 20
5960 20
5961 20
5962 20
5963 20
5964 20
5965 21
5966 20
5967 20
5968 20
5969 20
5970 20
5971 20
5972 20
5973 21
5974 20
5975 21
5976 20
5977 19
5978 21
5979 20
5980 20
5981 20
5982 20
5983 20
5984 20
5985 21
5986 20
5987 21
5988 21
5989 19
5990 21
5991 20
5992 20
5993 19
5994 20
5995 21
5996 20
5997 20
5998 20
5999 20
6000 21
6001 20
6002 20
6003 21
6004 20
6005 19
6006 20
6007 21
6008 20
6009 20
6010 20
6011 20
6012 21
6013 21
6014 20
6015 20
6016 20
6017 20
6018 20
6019 19
6020 19
6021 20
6022 21
6023 20
6024 21
6025 20
6026 20
6027 21
6028 20
6029 21
6030 20
6031 20
6032 20
6033 21
6034 20
6035 20
6036 20
6037 20
6038 20
6039 19
6040 20
6041 20
6042 20
6043 20
6044 20
6045 21
6046 21
6047 21
6048 20
6049 20
6050 21
6051 21
6052 20
6053 20
6054 21
6055 20
6056 20
6057 20
6058 20
6059 21
6060 20
6061 20
6062 21
6063 19
6064 20
6065 20
6066 21
6067 20
6068 20
6069 20
6070 20
6071 21
6072 20
6073 20
6074 21
6075 20
6076 20
6077 20
6078 20
6079 20
6080 19
6081 20
6082 21
6083 20
6084 20
6085 20
6086 20
6087 21
6088 20
6089 20
6090 20
6091 20
6092 20
6093 20
6094 20
6095 20
6096 20
6097 21
6098 20
6099 21
6100 20
6101 21
6102 21
6103 20
6104 21
6105 20
6106 20
6107 21
6108 21
6109 20
6110 20
6111 20
6112 20
6113 20
6114 20
6115 20
6116 21
6117 20
6118 20
6119 19
6120 21
6121 20
6122 20
6123 20
6124 20
6125 20
6126 19
6127 20
6128 20
6129 20
6130 21
6131 20
6132 21
6133 21
6134 21
6135 20
6136 20
6137 20
6138 20
6139 20
6140 20
6141 20
6142 20
6143 21
6144 20
6145 20
6146 20
6147 21
6148 20
6149 21
6150 21
6151 21
6152 20
6153 20
6154 21
6155 21
6156 19
6157 20
6158 20
6159 21
6160 20
6161 20
6162 19
6163 20
6164 21
6165 20
6166 21
6167 20
6168 20
6169 20
6170 20
6171 21
6172 20
6173 20
6174 20
6175 21
6176 20
6177 20
6178 20
6179 20
6180 20
6181 20
6182 20
6183 20
6184 20
6185 20
6186 20
6187 20
6188 20
6189 20
6190 20
6191 20
6192 19
6193 21
6194 21
6195 20
6196 20
6197 21
6198 20
6199 20
6200 21
6201 20
6202 20
6203 20
6204 20
6205 20
6206 20
6207 20
6208 21
6209 21
6210 20
6211 21
6212 20
6213 21
6214 20
6215 21
6216 20
6217 20
6218 20
6219 20
6220 20
6221 21
6222 20
6223 20
6224 20
6225 20
6226 21
6227 20
6228 21
6229 21
6230 20
6231 20
6232 20
6233 20
6234 20
6235 20
6236 20
6237 20
6238 20
6239 21
6240 20
6241 20
6242 20
6243 20
6244 20
6245 20
6246 20
6247 20
6248 20
6249 20
6250 20
6251 20
6252 20
6253 20
6254 19
6255 20
6256 20
6257 20
6258 20
6259 20
6260 21
6261 20
6262 20
6263 20
6264 21
6265 20
6266 20
6267 19
6268 20
6269 20
6270 19
6271 20
6272 20
6273 20
6274 20
6275 21
6276 19
6277 20
6278 21
6279 20
6280 20
6281 20
6282 21
6283 20
6284 20
6285 21
6286 20
6287 20
6288 21
6289 20
6290 20
6291 20
6292 19
6293 20
6294 20
6295 20
6296 20
6297 19
6298 21
6299 20
6300 20
6301 20
6302 20
6303 21
6304 20
6305 20
6306 20
6307 21
6308 20
6309 20
6310 20
6311 20
6312 20
6313 20
6314 20
6315 20
6316 19
6317 20
6318 21
6319 20
6320 21
6321 20
6322 21
6323 20
6324 19
6325 20
6326 20
6327 20
6328 20
6329 20
6330 20
6331 21
6332 20
6333 20
6334 19
6335 20
6336 20
6337 20
6338 20
6339 20
6340 20
6341 21
6342 21
6343 20
6344 20
6345 20
6346 21
6347 21
6348 20
6349 20
6350 21
6351 21
6352 20
6353 20
6354 20
6355 19
6356 20
6357 20
6358 20
6359 21
6360 20
6361 20
6362 21
6363 20
6364 20
6365 21
6366 21
6367 20
6368 20
6369 20
6370 20
6371 20
6372 20
6373 20
6374 20
6375 20
6376 20
6377 21
6378 20
6379 20
6380 20
6381 20
6382 20
6383 20
6384 20
6385 20
6386 20
6387 20
6388 20
6389 20
6390 20
6391 19
6392 20
6393 20
6394 21
6395 20
6396 20
6397 21
6398 20
6399 20
6400 20
6401 21
6402 20
6403 20
6404 21
6405 20
6406 21
6407 21
6408 21
6409 21
6410 20
6411 20
6412 20
6413 20
6414 20
6415 20
6416 20
6417 21
6418 20
6419 20
6420 21
6421 20
6422 20
6423 20
6424 19
6425 20
6426 20
6427 20
6428 20
6429 20
6430 20
6431 21
6432 20
6433 21
6434 20
6435 20
6436 20
6437 21
6438 20
6439 20
6440 20
6441 20
6442 20
6443 20
6444 21
6445 21
6446 20
6447 20
6448 21
6449 20
6450 20
6451 20
6452 20
6453 20
6454 20
6455 20
6456 20
6457 20
6458 21
6459 20
6460 20
6461 21
6462 19
6463 20
6464 20
6465 19
6466 20
6467 20
6468 20
6469 20
6470 21
6471 20
6472 20
6473 20
6474 20
6475 20
6476 20
6477 20
6478 20
6479 20
6480 21
6481 20
6482 19
6483 20
6484 20
6485 20
6486 20
6487 20
6488 21
6489 19
6490 20
6491 20
6492 20
6493 19
6494 20
6495 20
6496 20
6497 20
6498 20
6499 20
6500 20
6501 20
6502 20
6503 21
6504 20
6505 20
6506 20
6507 21
6508 20
6509 21
6510 20
6511 20
6512 21
6513 20
6514 20
6515 21
6516 21
6517 20
6518 20
6519 20
6520 20
6521 20
6522 20
6523 20
6524 20
6525 20
6526 20
6527 19
6528 19
6529 20
6530 20
6531 20
6532 20
6533 19
6534 21
6535 21
6536 19
6537 20
6538 21
6539 21
6540 20
6541 19
6542 20
6543 20
6544 21
6545 20
6546 20
6547 21
6548 20
6549 20
6550 21
6551 20
6552 20
6553 20
6554 20
6555 20
6556 21
6557 20
6558 19
6559 20
6560 20
6561 20
6562 20
6563 21
6564 21
6565 20
6566 20
6567 21
6568 20
6569 20
6570 20
6571 20
6572 20
6573 20
6574 21
6575 20
6576 21
6577 20
6578 20
6579 20
6580 20
6581 19
6582 20
6583 21
6584 20
6585 21
6586 21
6587 20
6588 20
6589 21
6590 20
6591 20
6592 20
6593 19
6594 20
6595 20
6596 21
6597 20
6598 21
6599 21
6600 20
6601 21
6602 20
6603 20
6604 20
6605 20
6606 20
6607 21
6608 20
6609 21
6610 20
6611 19
6612 20
6613 20
6614 21
6615 20
6616 20
6617 20
6618 20
6619 20
6620 20
6621 20
6622 21
6623 20
6624 20
6625 20
6626 20
6627 20
6628 20
6629 20
6630 20
6631 21
6632 20
6633 20
6634 21
6635 20
6636 20
6637 21
6638 20
6639 20
6640 20
6641 21
6642 20
6643 20
6644 21
6645 20
6646 20
6647 20
6648 20
6649 20
6650 21
6651 20
6652 20
6653 20
6654 20
6655 20
6656 21
6657 20
6658 20
6659 19
6660 21
6661 20
6662 21
6663 20
6664 20
6665 20
6666 21
6667 20
6668 20
6669 20
6670 20
6671 21
6672 20
6673 21
6674 20
6675 20
6676 20
6677 20
6678 20
6679 20
6680 20
6681 21
6682 20
6683 20
6684 20
6685 21
6686 20
6687 21
6688 19
6689 20
6690 20
6691 20
6692 20
6693 20
6694 20
6695 20
6696 20
6697 21
6698 20
6699 20
6700 20
6701 21
6702 20
6703 20
6704 20
6705 21
6706 20
6707 19
6708 21
6709 20
6710 21
6711 21
6712 20
6713 20
6714 21
6715 20
6716 20
6717 20
6718 19
6719 20
6720 21
6721 20
6722 20
6723 20
6724 20
6725 20
6726 20
6727 20
6728 21
6729 21
6730 21
6731 20
6732 20
6733 20
6734 20
6735 19
6736 20
6737 21
6738 20
6739 21
6740 19
6741 20
6742 20
6743 20
6744 20
6745 20
6746 21
6747 21
6748 20
6749 21
6750 20
6751 21
6752 20
6753 20
6754 20
6755 20
6756 20
6757 21
6758 20
6759 21
6760 20
6761 20
6762 20
6763 20
6764 20
6765 20
6766 20
6767 21
6768 20
6769 21
6770 20
6771 20
6772 20
6773 20
6774 21
6775 20
6776 20
6777 20
6778 21
6779 20
6780 20
6781 20
6782 20
6783 21
6784 20
6785 19
6786 20
6787 20
6788 20
6789 20
6790 20
6791 20
6792 21
6793 20
6794 20
6795 20
6796 20
6797 20
6798 20
6799 21
6800 20
6801 20
6802 21
6803 20
6804 20
6805 20
6806 21
6807 20
6808 21
6809 20
6810 21
6811 21
6812 20
6813 21
6814 21
6815 20
6816 20
6817 20
6818 21
6819 20
6820 20
6821 21
6822 21
6823 20
6824 20
6825 20
6826 20
6827 21
6828 21
6829 20
6830 20
6831 20
6832 19
6833 21
6834 20
6835 20
6836 20
6837 20
6838 19
6839 20
6840 21
6841 20
6842 20
6843 20
6844 20
6845 20
6846 20
6847 21
6848 21
6849 20
6850 21
6851 20
6852 20
6853 20
6854 20
6855 20
6856 20
6857 20
6858 20
6859 21
6860 21
6861 20
6862 20
6863 21
6864 20
6865 21
6866 20
6867 20
6868 21
6869 20
6870 20
6871 20
6872 20
6873 20
6874 20
6875 20
6876 20
6877 20
6878 20
6879 20
6880 21
6881 20
6882 20
6883 21
6884 20
6885 20
6886 20
6887 20
6888 19
6889 20
6890 20
6891 21
6892 20
6893 20
6894 21
6895 20
6896 20
6897 20
6898 20
6899 20
6900 20
6901 20
6902 21
6903 20
6904 21
6905 20
6906 20
6907 21
6908 20
6909 20
6910 20
6911 20
6912 21
6913 21
6914 20
6915 20
6916 20
6917 20
6918 20
6919 20
6920 21
6921 20
6922 20
6923 20
6924 20
6925 19
6926 21
6927 20
6928 20
6929 21
6930 21
6931 20
6932 20
6933 19
6934 20
6935 21
6936 21
6937 20
6938 19
6939 19
6940 21
6941 19
6942 20
6943 21
6944 20
6945 20
6946 20
6947 21
6948 20
6949 20
6950 20
6951 20
6952 19
6953 20
6954 20
6955 20
6956 20
6957 21
6958 21
6959 20
6960 20
6961 20
6962 21
6963 21
6964 19
6965 21
6966 20
6967 20
6968 20
6969 20
6970 20
6971 20
6972 20
6973 19
6974 20
6975 20
6976 19
6977 20
6978 21
6979 20
6980 20
6981 20
6982 20
6983 20
6984 21
6985 20
6986 20
6987 21
6988 21
6989 20
6990 21
6991 20
6992 20
6993 20
6994 21
6995 21
6996 20
6997 20
6998 21
6999 20
7000 20
7001 20
7002 20
7003 21
7004 19
7005 20
7006 19
7007 20
7008 20
7009 20
7010 20
7011 20
7012 21
7013 21
7014 21
7015 20
7016 21
7017 21
7018 20
7019 20
7020 20
7021 20
7022 20
7023 21
7024 20
7025 21
7026 21
7027 21
7028 20
7029 20
7030 20
7031 20
7032 20
7033 21
7034 20
7035 21
7036 20
7037 20
7038 20
7039 20
7040 20
7041 20
7042 20
7043 20
7044 20
7045 19
7046 20
7047 21
7048 20
7049 20
7050 21
7051 20
7052 20
7053 20
7054 20
7055 20
7056 19
7057 20
7058 21
7059 20
7060 21
7061 20
7062 20
7063 21
7064 20
7065 21
7066 21
7067 21
7068 20
7069 20
7070 21
7071 20
7072 21
7073 20
7074 20
7075 21
7076 20
7077 20
7078 20
7079 20
7080 21
7081 20
7082 19
7083 20
7084 20
7085 20
7086 21
7087 21
7088 20
7089 21
7090 20
7091 20
7092 21
7093 20
7094 19
7095 21
7096 20
7097 20
7098 20
7099 21
7100 20
7101 20
7102 21
7103 20
7104 20
7105 20
7106 20
7107 20
7108 20
7109 20
7110 20
7111 20
7112 21
7113 20
7114 19
7115 20
7116 20
7117 20
7118 20
7119 21
7120 20
7121 20
7122 20
7123 20
7124 20
7125 20
7126 20
7127 20
7128 20
7129 20
7130 21
7131 21
7132 20
7133 20
7134 20
7135 20
7136 20
7137 20
7138 21
7139 20
7140 20
7141 20
7142 20
7143 20
7144 19
7145 21
7146 21
7147 21
7148 21
7149 20
7150 21
7151 21
7152 21
7153 21
7154 21
7155 20
7156 21
7157 21
7158 19
7159 20
7160 20
7161 21
7162 20
7163 20
7164 20
7165 20
7166 20
7167 20
7168 19
7169 19
7170 20
7171 20
7172 20
7173 20
7174 20
7175 19
7176 20
7177 20
7178 20
7179 20
7180 20
7181 20
7182 21
7183 20
7184 20
7185 21
7186 21
7187 20
7188 20
7189 21
7190 21
7191 20
7192 20
7193 20
7194 21
7195 20
7196 20
7197 20
7198 20
7199 19
7200 20
7201 20
7202 20
7203 20
7204 20
7205 20
7206 20
7207 20
7208 21
7209 20
7210 20
7211 21
7212 20
7213 21
7214 21
7215 21
7216 21
7217 20
7218 20
7219 21
7220 20
7221 20
7222 20
7223 21
7224 20
7225 20
7226 20
7227 20
7228 20
7229 20
7230 21
7231 20
7232 21
7233 20
7234 20
7235 21
7236 20
7237 20
7238 20
7239 20
7240 20
7241 20
7242 21
7243 20
7244 21
7245 20
7246 21
7247 20
7248 19
7249 20
7250 21
7251 20
7252 20
7253 20
7254 20
7255 21
7256 20
7257 20
7258 21
7259 21
7260 20
7261 21
7262 21
7263 20
7264 20
7265 19
7266 20
7267 20
7268 20
7269 20
7270 20
7271 21
7272 20
7273 20
7274 21
7275 20
7276 20
7277 20
7278 20
7279 19
7280 21
7281 20
7282 21
7283 21
7284 20
7285 21
7286 20
7287 20
7288 20
7289 20
7290 20
7291 19
7292 21
7293 20
7294 20
7295 20
7296 20
7297 20
7298 20
7299 20
7300 21
7301 20
7302 21
7303 21
7304 20
7305 21
7306 20
7307 21
7308 20
7309 20
7310 21
7311 20
7312 20
7313 20
7314 20
7315 21
7316 20
7317 20
7318 20
7319 20
7320 21
7321 20
7322 20
7323 20
7324 21
7325 21
7326 21
7327 20
7328 20
7329 19
7330 19
7331 21
7332 20
7333 21
7334 19
7335 20
7336 20
7337 20
7338 20
7339 20
7340 20
7341 21
7342 20
7343 21
7344 20
7345 20
7346 20
7347 20
7348 21
7349 21
7350 20
7351 20
7352 20
7353 21
7354 20
7355 20
7356 21
7357 21
7358 19
7359 20
7360 20
7361 20
7362 19
7363 20
7364 20
7365 21
7366 20
7367 20
7368 20
7369 20
7370 20
7371 20
7372 20
7373 20
7374 20
7375 20
7376 20
7377 20
7378 21
7379 20
7380 20
7381 20
7382 21
7383 21
7384 20
7385 20
7386 20
7387 21
7388 20
7389 20
7390 20
7391 20
7392 20
7393 20
7394 20
7395 20
7396 20
7397 21
7398 20
7399 20
7400 21
7401 20
7402 20
7403 20
7404 20
7405 21
7406 19
7407 20
7408 20
7409 20
7410 20
7411 20
7412 21
7413 20
7414 21
7415 21
7416 21
7417 20
7418 21
7419 20
7420 20
7421 21
7422 20
7423 20
7424 20
7425 21
7426 21
7427 20
7428 20
7429 20
7430 20
7431 21
7432 19
7433 20
7434 20
7435 21
7436 20
7437 20
7438 20
7439 19
7440 20
7441 20
7442 21
7443 20
7444 20
7445 20
7446 20
7447 20
7448 21
7449 21
7450 20
7451 20
7452 20
7453 20
7454 19
7455 21
7456 21
7457 21
7458 20
7459 21
7460 20
7461 21
7462 20
7463 20
7464 19
7465 20
7466 20
7467 20
7468 20
7469 20
7470 20
7471 21
7472 20
7473 21
7474 20
7475 20
7476 21
7477 20
7478 20
7479 21
7480 20
7481 19
7482 20
7483 20
7484 21
7485 21
7486 20
7487 21
7488 20
7489 20
7490 20
7491 20
7492 20
7493 20
7494 21
7495 20
7496 20
7497 20
7498 20
7499 20
7500 20
7501 20
7502 20
7503 21
7504 21
7505 20
7506 21
7507 21
7508 19
7509 20
7510 20
7511 21
7512 21
7513 20
7514 20
7515 20
7516 20
7517 20
7518 20
7519 20
7520 21
7521 21
7522 21
7523 20
7524 21
7525 20
7526 20
7527 20
7528 20
7529 21
7530 19
7531 21
7532 20
7533 20
7534 20
7535 20
7536 20
7537 20
7538 20
7539 21
7540 21
7541 20
7542 19
7543 20
7544 20
7545 20
7546 19
7547 20
7548 20
7549 20
7550 20
7551 20
7552 20
7553 21
7554 20
7555 20
7556 19
7557 21
7558 21
7559 21
7560 21
7561 20
7562 19
7563 20
7564 21
7565 20
7566 19
7567 20
7568 19
7569 20
7570 21
7571 20
7572 21
7573 21
7574 21
7575 20
7576 20
7577 20
7578 20
7579 20
7580 20
7581 21
7582 20
7583 20
7584 21
7585 21
7586 20
7587 20
7588 21
7589 20
7590 20
7591 20
7592 20
7593 20
7594 20
7595 20
7596 21
7597 21
7598 20
7599 19
7600 19
7601 20
7602 20
7603 20
7604 21
7605 19
7606 20
7607 20
7608 20
7609 20
7610 20
7611 21
7612 21
7613 21
7614 20
7615 19
7616 21
7617 20
7618 20
7619 20
7620 20
7621 21
7622 19
7623 21
7624 20
7625 21
7626 20
7627 20
7628 21
7629 20
7630 20
7631 20
7632 19
7633 20
7634 20
7635 20
7636 19
7637 21
7638 21
7639 20
7640 20
7641 20
7642 20
7643 20
7644 21
7645 20
7646 20
7647 20
7648 21
7649 21
7650 21
7651 20
7652 20
7653 19
7654 20
7655 21
7656 20
7657 21
7658 19
7659 21
7660 20
7661 19
7662 20
7663 21
7664 20
7665 20
7666 21
7667 20
7668 20
7669 19
7670 21
7671 19
7672 21
7673 21
7674 20
7675 20
7676 20
7677 21
7678 20
7679 20
7680 20
7681 20
7682 20
7683 20
7684 20
7685 20
7686 20
7687 21
7688 20
7689 21
7690 21
7691 19
7692 20
7693 21
7694 20
7695 20
7696 21
7697 20
7698 20
7699 20
7700 20
7701 20
7702 20
7703 20
7704 21
7705 20
7706 20
7707 20
7708 20
7709 20
7710 21
7711 20
7712 20
7713 20
7714 19
7715 20
7716 20
7717 21
7718 21
7719 20
7720 21
7721 20
7722 20
7723 20
7724 19
7725 20
7726 20
7727 20
7728 20
7729 21
7730 20
7731 21
7732 20
7733 21
7734 21
7735 19
7736 20
7737 20
7738 20
7739 20
7740 20
7741 21
7742 20
7743 20
7744 20
7745 20
7746 20
7747 20
7748 21
7749 20
7750 20
7751 20
7752 20
7753 20
7754 20
7755 21
7756 20
7757 20
7758 19
7759 20
7760 20
7761 20
7762 20
7763 20
7764 20
7765 20
7766 20
7767 20
7768 20
7769 20
7770 20
7771 21
7772 20
7773 21
7774 20
7775 20
7776 20
7777 20
7778 20
7779 20
7780 20
7781 20
7782 20
7783 21
7784 21
7785 20
7786 20
7787 20
7788 20
7789 21
7790 20
7791 19
7792 20
7793 20
7794 20
7795 20
7796 20
7797 20
7798 20
7799 20
7800 21
7801 19
7802 21
7803 20
7804 20
7805 20
7806 20
7807 20
7808 20
7809 21
7810 20
7811 19
7812 21
7813 21
7814 20
7815 20
7816 21
7817 20
7818 21
7819 21
7820 20
7821 20
7822 20
7823 21
7824 20
7825 20
7826 21
7827 20
7828 20
7829 20
7830 20
7831 20
7832 20
7833 20
7834 19
7835 20
7836 19
7837 21
7838 20
7839 20
7840 20
7841 20
7842 20
7843 20
7844 20
7845 20
7846 20
7847 21
7848 20
7849 20
7850 20
7851 20
7852 20
7853 20
7854 20
7855 20
7856 20
7857 21
7858 20
7859 20
7860 20
7861 20
7862 20
7863 20
7864 20
7865 20
7866 19
7867 20
7868 20
7869 21
7870 20
7871 20
7872 20
7873 20
7874 21
7875 20
7876 20
7877 19
7878 20
7879 20
7880 21
7881 21
7882 20
7883 20
7884 21
7885 21
7886 20
7887 20
7888 20
7889 20
7890 20
7891 20
7892 20
7893 20
7894 21
7895 20
7896 20
7897 21
7898 21
7899 20
7900 21
7901 20
7902 21
7903 20
7904 20
7905 21
7906 20
7907 20
7908 20
7909 20
7910 20
7911 20
7912 20
7913 19
7914 20
7915 19
7916 21
7917 20
7918 20
7919 20
7920 19
7921 20
7922 20
7923 20
7924 20
7925 20
7926 21
7927 20
7928 20
7929 19
7930 20
7931 20
7932 20
7933 20
7934 20
7935 20
7936 21
7937 20
7938 21
7939 20
7940 20
7941 19
7942 20
7943 20
7944 21
7945 20
7946 21
7947 21
7948 20
7949 20
7950 20
7951 20
7952 20
7953 21
7954 20
7955 20
7956 20
7957 20
7958 20
7959 19
7960 20
7961 19
7962 19
7963 20
7964 20
7965 20
7966 20
7967 20
7968 20
7969 21
7970 19
7971 20
7972 20
7973 20
7974 20
7975 20
7976 19
7977 21
7978 20
7979 20
7980 21
7981 21
7982 21
7983 21
7984 20
7985 20
7986 20
7987 21
7988 20
7989 19
7990 20
7991 20
7992 19
7993 21
7994 21
7995 20
7996 21
7997 20
7998 21
7999 21
8000 20
8001 20
8002 20
8003 20
8004 20
8005 20
8006 21
8007 20
8008 21
8009 21
8010 20
8011 20
8012 20
8013 20
8014 20
8015 19
8016 20
8017 19
8018 19
8019 21
8020 20
8021 20
8022 20
8023 21
8024 20
8025 20
8026 20
8027 21
8028 20
8029 20
8030 21
8031 20
8032 20
8033 20
8034 20
8035 20
8036 20
8037 19
8038 20
8039 20
8040 20
8041 20
8042 20
8043 20
8044 20
8045 20
8046 20
8047 20
8048 20
8049 20
8050 20
8051 20
8052 20
8053 20
8054 21
8055 20
8056 21
8057 19
8058 20
8059 20
8060 21
8061 20
8062 20
8063 20
8064 21
8065 21
8066 20
8067 19
8068 21
8069 20
8070 20
8071 20
8072 21
8073 21
8074 19
8075 20
8076 21
8077 20
8078 21
8079 21
8080 20
8081 21
8082 20
8083 21
8084 20
8085 21
8086 19
8087 20
8088 21
8089 20
8090 19
8091 20
8092 21
8093 20
8094 19
8095 21
8096 20
8097 20
8098 19
8099 21
8100 20
8101 20
8102 20
8103 20
8104 20
8105 21
8106 21
8107 20
8108 20
8109 21
8110 20
8111 21
8112 20
8113 20
8114 21
8115 19
8116 21
8117 20
8118 20
8119 20
8120 20
8121 20
8122 19
8123 20
8124 20
8125 20
8126 20
8127 20
8128 20
8129 21
8130 20
8131 20
8132 20
8133 20
8134 20
8135 21
8136 20
8137 20
8138 21
8139 21
8140 20
8141 20
8142 20
8143 20
8144 21
8145 21
8146 20
8147 20
8148 21
8149 20
8150 20
8151 20
8152 20
8153 21
8154 20
8155 19
8156 20
8157 20
8158 20
8159 20
8160 20
8161 20
8162 20
8163 20
8164 20
8165 20
8166 19
8167 20
8168 20
8169 20
8170 21
8171 20
8172 21
8173 20
8174 20
8175 20
8176 20
8177 20
8178 21
8179 20
8180 20
8181 21
8182 20
8183 20
8184 20
8185 21
8186 21
8187 20
8188 20
8189 20
8190 20
8191 20
8192 21
8193 20
8194 20
8195 19
8196 20
8197 21
8198 20
8199 19
8200 21
8201 20
8202 20
8203 20
8204 21
8205 20
8206 20
8207 20
8208 20
8209 20
8210 20
8211 20
8212 20
8213 20
8214 20
8215 20
8216 21
8217 20
8218 20
8219 20
8220 19
8221 21
8222 19
8223 21
8224 20
8225 20
8226 20
8227 20
8228 20
8229 20
8230 20
8231 19
8232 20
8233 20
8234 20
8235 20
8236 21
8237 20
8238 20
8239 20
8240 20
8241 21
8242 20
8243 20
8244 21
8245 21
8246 21
8247 20
8248 20
8249 21
8250 20
8251 20
8252 21
8253 20
8254 20
8255 20
8256 20
8257 20
8258 20
8259 21
8260 20
8261 20
8262 20
8263 20
8264 21
8265 21
8266 21
8267 20
8268 20
8269 21
8270 20
8271 21
8272 20
8273 19
8274 20
8275 20
8276 21
8277 20
8278 20
8279 20
8280 19
8281 20
8282 20
8283 21
8284 21
8285 20
8286 21
8287 21
8288 20
8289 20
8290 20
8291 20
8292 20
8293 20
8294 21
8295 20
8296 20
8297 20
8298 20
8299 20
8300 20
8301 21
8302 20
8303 21
8304 20
8305 20
8306 20
8307 20
8308 21
8309 20
8310 21
8311 21
8312 20
8313 21
8314 20
8315 20
8316 20
8317 20
8318 20
8319 21
8320 20
8321 20
8322 21
8323 20
8324 20
8325 20
8326 20
8327 20
8328 20
8329 20
8330 20
8331 20
8332 20
8333 20
8334 20
8335 20
8336 21
8337 20
8338 20
8339 20
8340 20
8341 20
8342 20
8343 20
8344 20
8345 21
8346 19
8347 21
8348 20
8349 20
8350 20
8351 21
8352 20
8353 20
8354 20
8355 20
8356 20
8357 21
8358 20
8359 20
8360 20
8361 20
8362 21
8363 20
8364 20
8365 20
8366 20
8367 20
8368 21
8369 20
8370 20
8371 20
8372 20
8373 20
8374 19
8375 20
8376 20
8377 21
8378 21
8379 20
8380 20
8381 20
8382 20
8383 20
8384 20
8385 20
8386 20
8387 20
8388 21
8389 20
8390 20
8391 20
8392 20
8393 21
8394 20
8395 20
8396 21
8397 20
8398 20
8399 20
8400 19
8401 20
8402 20
8403 21
8404 21
8405 20
8406 20
8407 21
8408 20
8409 21
8410 21
8411 20
8412 20
8413 19
8414 21
8415 21
8416 20
8417 20
8418 20
8419 21
8420 21
8421 20
8422 20
8423 21
8424 21
8425 21
8426 20
8427 20
8428 21
8429 21
8430 20
8431 20
8432 20
8433 20
8434 21
8435 20
8436 20
8437 20
8438 21
8439 21
8440 20
8441 21
8442 19
8443 20
8444 20
8445 20
8446 20
8447 20
8448 20
8449 21
8450 20
8451 19
8452 20
8453 20
8454 21
8455 20
8456 20
8457 21
8458 21
8459 20
8460 20
8461 21
8462 21
8463 20
8464 20
8465 20
8466 20
8467 20
8468 20
8469 19
8470 20
8471 21
8472 20
8473 21
8474 20
8475 19
8476 20
8477 20
8478 20
8479 19
8480 20
8481 20
8482 20
8483 20
8484 20
8485 20
8486 21
8487 20
8488 20
8489 20
8490 21
8491 21
8492 21
8493 20
8494 20
8495 21
8496 21
8497 20
8498 20
8499 20
8500 21
8501 21
8502 20
8503 21
8504 20
8505 20
8506 21
8507 20
8508 20
8509 20
8510 20
8511 20
8512 20
8513 19
8514 19
8515 20
8516 20
8517 20
8518 20
8519 20
8520 20
8521 20
8522 20
8523 20
8524 21
8525 21
8526 21
8527 20
8528 20
8529 19
8530 20
8531 20
8532 20
8533 21
8534 20
8535 20
8536 20
8537 21
8538 20
8539 21
8540 21
8541 20
8542 20
8543 21
8544 20
8545 21
8546 20
8547 20
8548 20
8549 21
8550 20
8551 21
8552 20
8553 20
8554 20
8555 20
8556 20
8557 20
8558 20
8559 21
8560 21
8561 20
8562 20
8563 21
8564 20
8565 20
8566 20
8567 20
8568 20
8569 20
8570 21
8571 21
8572 20
8573 21
8574 19
8575 20
8576 20
8577 20
8578 20
8579 20
8580 20
8581 20
8582 21
8583 20
8584 21
8585 21
8586 20
8587 21
8588 21
8589 20
8590 21
8591 20
8592 20
8593 20
8594 21
8595 20
8596 21
8597 20
8598 21
8599 20
8600 21
8601 21
8602 21
8603 20
8604 20
8605 19
8606 21
8607 20
8608 20
8609 21
8610 21
8611 20
8612 20
8613 20
8614 20
8615 21
8616 20
8617 20
8618 20
8619 21
8620 21
8621 20
8622 20
8623 21
8624 21
8625 21
8626 20
8627 20
8628 21
8629 20
8630 20
8631 19
8632 20
8633 21
8634 20
8635 20
8636 20
8637 20
8638 20
8639 20
8640 20
8641 20
8642 20
8643 21
8644 20
8645 21
8646 20
8647 21
8648 20
8649 20
8650 20
8651 20
8652 20
8653 21
8654 20
8655 20
8656 20
8657 20
8658 20
8659 20
8660 20
8661 20
8662 19
8663 21
8664 19
8665 20
8666 21
8667 21
8668 20
8669 21
8670 21
8671 20
8672 21
8673 21
8674 20
8675 20
8676 21
8677 20
8678 20
8679 21
8680 20
8681 20
8682 21
8683 21
8684 20
8685 20
8686 20
8687 20
8688 20
8689 21
8690 20
8691 20
8692 20
8693 20
8694 21
8695 20
8696 21
8697 21
8698 21
8699 20
8700 20
8701 21
8702 20
8703 20
8704 20
8705 20
8706 21
8707 20
8708 21
8709 20
8710 20
8711 21
8712 19
8713 20
8714 20
8715 20
8716 20
8717 20
8718 20
8719 20
8720 20
8721 20
8722 20
8723 20
8724 20
8725 21
8726 20
8727 20
8728 19
8729 20
8730 20
8731 20
8732 20
8733 20
8734 20
8735 20
8736 20
8737 20
8738 19
8739 20
8740 21
8741 20
8742 19
8743 20
8744 20
8745 19
8746 20
8747 20
8748 20
8749 21
8750 21
8751 20
8752 20
8753 20
8754 20
8755 20
8756 20
8757 21
8758 20
8759 20
8760 20
8761 20
8762 21
8763 20
8764 20
8765 21
8766 20
8767 20
8768 20
8769 20
8770 21
8771 20
8772 20
8773 20
8774 20
8775 20
8776 20
8777 20
8778 20
8779 20
8780 20
8781 21
8782 20
8783 20
8784 20
8785 20
8786 21
8787 20
8788 20
8789 20
8790 20
8791 20
8792 20
8793 20
8794 20
8795 20
8796 21
8797 20
8798 21
8799 21
8800 20
8801 20
8802 20
8803 20
8804 20
8805 20
8806 21
8807 20
8808 21
8809 20
8810 21
8811 20
8812 21
8813 20
8814 20
8815 21
8816 21
8817 20
8818 21
8819 20
8820 20
8821 21
8822 20
8823 21
8824 20
8825 19
8826 20
8827 21
8828 20
8829 20
8830 20
8831 20
8832 20
8833 21
8834 19
8835 20
8836 20
8837 21
8838 20
8839 21
8840 20
8841 20
8842 20
8843 20
8844 21
8845 20
8846 19
8847 20
8848 20
8849 20
8850 20
8851 20
8852 20
8853 20
8854 19
8855 21
8856 21
8857 20
8858 21
8859 21
8860 19
8861 20
8862 20
8863 21
8864 21
8865 20
8866 20
8867 20
8868 21
8869 20
8870 21
8871 20
8872 21
8873 20
8874 21
8875 20
8876 20
8877 20
8878 20
8879 21
8880 20
8881 21
8882 20
8883 21
8884 21
8885 21
8886 20
8887 20
8888 21
8889 20
8890 21
8891 20
8892 19
8893 20
8894 20
8895 20
8896 20
8897 21
8898 21
8899 20
8900 21
8901 21
8902 20
8903 20
8904 20
8905 20
8906 20
8907 21
8908 20
8909 20
8910 20
8911 20
8912 20
8913 20
8914 20
8915 21
8916 20
8917 20
8918 20
8919 21
8920 20
8921 21
8922 20
8923 21
8924 20
8925 20
8926 20
8927 20
8928 21
8929 20
8930 20
8931 21
8932 20
8933 20
8934 20
8935 20
8936 21
8937 20
8938 20
8939 20
8940 20
8941 20
8942 20
8943 20
8944 20
8945 21
8946 21
8947 20
8948 20
8949 19
8950 20
8951 20
8952 21
8953 20
8954 20
8955 20
8956 20
8957 20
8958 19
8959 20
8960 20
8961 20
8962 20
8963 20
8964 20
8965 20
8966 20
8967 19
8968 20
8969 20
8970 20
8971 20
8972 20
8973 20
8974 20
8975 20
8976 20
8977 20
8978 20
8979 21
8980 20
8981 20
8982 20
8983 20
8984 20
8985 20
8986 20
8987 20
8988 20
8989 20
8990 20
8991 20
8992 20
8993 21
8994 21
8995 20
8996 20
8997 20
8998 20
8999 20
9000 20
9001 20
9002 21
9003 20
9004 20
9005 19
9006 20
9007 20
9008 20
9009 20
9010 21
9011 20
9012 20
9013 21
9014 20
9015 21
9016 20
9017 21
9018 20
9019 19
9020 21
9021 19
9022 21
9023 20
9024 20
9025 21
9026 20
9027 20
9028 20
9029 21
9030 20
9031 20
9032 20
9033 21
9034 20
9035 20
9036 20
9037 20
9038 21
9039 20
9040 21
9041 20
9042 19
9043 20
9044 20
9045 20
9046 21
9047 20
9048 20
9049 21
9050 20
9051 20
9052 21
9053 20
9054 20
9055 20
9056 20
9057 20
9058 20
9059 20
9060 20
9061 20
9062 20
9063 20
9064 20
9065 20
9066 20
9067 21
9068 20
9069 20
9070 20
9071 20
9072 20
9073 20
9074 20
9075 21
9076 21
9077 19
9078 20
9079 20
9080 20
9081 20
9082 20
9083 20
9084 21
9085 20
9086 19
9087 20
9088 20
9089 20
9090 20
9091 20
9092 20
9093 20
9094 20
9095 20
9096 21
9097 20
9098 21
9099 20
9100 20
9101 21
9102 20
9103 20
9104 20
9105 21
9106 20
9107 21
9108 20
9109 19
9110 21
9111 20
9112 20
9113 20
9114 20
9115 20
9116 21
9117 21
9118 20
9119 20
9120 20
9121 20
9122 20
9123 20
9124 20
9125 20
9126 20
9127 21
9128 20
9129 20
9130 20
9131 20
9132 20
9133 20
9134 21
9135 21
9136 20
9137 20
9138 21
9139 20
9140 20
9141 20
9142 21
9143 20
9144 21
9145 20
9146 21
9147 20
9148 20
9149 20
9150 19
9151 19
9152 20
9153 20
9154 21
9155 20
9156 20
9157 20
9158 21
9159 20
9160 20
9161 20
9162 20
9163 20
9164 21
9165 21
9166 20
9167 20
9168 21
9169 20
9170 20
9171 21
9172 20
9173 21
9174 20
9175 20
9176 20
9177 20
9178 21
9179 21
9180 21
9181 19
9182 20
9183 21
9184 20
9185 20
9186 21
9187 20
9188 20
9189 20
9190 20
9191 20
9192 19
9193 20
9194 20
9195 20
9196 20
9197 20
9198 20
9199 21
9200 21
9201 20
9202 20
9203 20
9204 20
9205 20
9206 20
9207 20
9208 21
9209 20
9210 20
9211 20
9212 20
9213 21
9214 21
9215 20
9216 21
9217 20
9218 20
9219 20
9220 20
9221 21
9222 21
9223 20
9224 20
9225 20
9226 21
9227 21
9228 20
9229 20
9230 20
9231 20
9232 20
9233 20
9234 20
9235 20
9236 20
9237 21
9238 20
9239 20
9240 20
9241 20
9242 20
9243 20
9244 20
9245 21
9246 20
9247 20
9248 19
9249 20
9250 20
9251 21
9252 21
9253 21
9254 19
9255 21
9256 20
9257 19
9258 20
9259 20
9260 20
9261 20
9262 21
9263 20
9264 20
9265 20
9266 20
9267 21
9268 20
9269 20
9270 20
9271 21
9272 20
9273 20
9274 20
9275 20
9276 20
9277 20
9278 20
9279 20
9280 20
9281 21
9282 20
9283 20
9284 19
9285 20
9286 19
9287 21
9288 20
9289 19
9290 21
9291 20
9292 20
9293 20
9294 20
9295 20
9296 20
9297 20
9298 20
9299 20
9300 20
9301 20
9302 20
9303 20
9304 21
9305 21
9306 20
9307 21
9308 21
9309 20
9310 21
9311 19
9312 20
9313 20
9314 21
9315 20
9316 20
9317 19
9318 21
9319 20
9320 20
9321 20
9322 20
9323 20
9324 20
9325 20
9326 20
9327 19
9328 20
9329 21
9330 19
9331 20
9332 20
9333 20
9334 20
9335 20
9336 20
9337 20
9338 20
9339 20
9340 21
9341 20
9342 20
9343 20
9344 21
9345 20
9346 21
9347 20
9348 20
9349 20
9350 20
9351 20
9352 20
9353 20
9354 21
9355 20
9356 20
9357 20
9358 20
9359 21
9360 20
9361 20
9362 19
9363 20
9364 20
9365 20
9366 20
9367 20
9368 20
9369 20
9370 20
9371 20
9372 20
9373 20
9374 20
9375 21
9376 20
9377 20
9378 21
9379 20
9380 20
9381 20
9382 20
9383 20
9384 21
9385 21
9386 20
9387 20
9388 20
9389 21
9390 20
9391 20
9392 21
9393 20
9394 20
9395 20
9396 20
9397 20
9398 20
9399 21
9400 20
9401 20
9402 20
9403 20
9404 20
9405 20
9406 21
9407 20
9408 20
9409 20
9410 20
9411 20
9412 20
9413 20
9414 20
9415 20
9416 21
9417 21
9418 21
9419 21
9420 21
9421 19
9422 21
9423 20
9424 20
9425 20
9426 21
9427 20
9428 21
9429 20
9430 20
9431 20
9432 20
9433 20
9434 20
9435 20
9436 20
9437 19
9438 20
9439 21
9440 20
9441 20
9442 20
9443 21
9444 20
9445 20
9446 20
9447 20
9448 20
9449 20
9450 20
9451 21
9452 21
9453 21
9454 20
9455 20
9456 21
9457 20
9458 19
9459 20
9460 21
9461 21
9462 20
9463 20
9464 20
9465 20
9466 20
9467 20
9468 20
9469 20
9470 20
9471 20
9472 21
9473 20
9474 20
9475 21
9476 20
9477 21
9478 20
9479 21
9480 20
9481 21
9482 19
9483 20
9484 20
9485 19
9486 20
9487 20
9488 20
9489 20
9490 20
9491 20
9492 20
9493 21
9494 20
9495 20
9496 20
9497 20
9498 20
9499 21
9500 20
9501 20
9502 21
9503 20
9504 20
9505 20
9506 20
9507 20
9508 20
9509 20
9510 20
9511 20
9512 20
9513 21
9514 21
9515 20
9516 19
9517 20
9518 21
9519 19
9520 20
9521 20
9522 20
9523 20
9524 20
9525 20
9526 20
9527 20
9528 20
9529 21
9530 20
9531 21
9532 20
9533 20
9534 20
9535 19
9536 21
9537 20
9538 20
9539 20
9540 21
9541 20
9542 20
9543 20
9544 20
9545 20
9546 20
9547 20
9548 20
9549 20
9550 21
9551 20
9552 20
9553 19
9554 20
9555 20
9556 21
9557 20
9558 20
9559 20
9560 21
9561 20
9562 20
9563 21
9564 21
9565 20
9566 20
9567 20
9568 20
9569 21
9570 20
9571 20
9572 21
9573 20
9574 20
9575 20
9576 20
9577 20
9578 20
9579 20
9580 20
9581 20
9582 20
9583 20
9584 21
9585 20
9586 20
9587 20
9588 20
9589 20
9590 20
9591 20
9592 21
9593 21
9594 19
9595 21
9596 19
9597 20
9598 20
9599 20
9600 20
9601 20
9602 21
9603 20
9604 20
9605 21
9606 20
9607 20
9608 21
9609 20
9610 20
9611 20
9612 20
9613 20
9614 21
9615 20
9616 20
9617 20
9618 20
9619 20
9620 20
9621 19
9622 20
9623 21
9624 21
9625 20
9626 21
9627 19
9628 21
9629 20
9630 20
9631 20
9632 20
9633 20
9634 19
9635 21
9636 20
9637 20
9638 19
9639 20
9640 21
9641 20
9642 21
9643 21
9644 21
9645 20
9646 20
9647 20
9648 20
9649 20
9650 20
9651 21
9652 20
9653 20
9654 19
9655 20
9656 20
9657 20
9658 21
9659 20
9660 20
9661 21
9662 20
9663 19
9664 20
9665 20
9666 20
9667 21
9668 20
9669 20
9670 20
9671 20
9672 21
9673 19
9674 20
9675 20
9676 21
9677 20
9678 20
9679 21
9680 20
9681 20
9682 21
9683 20
9684 19
9685 20
9686 20
9687 20
9688 20
9689 21
9690 19
9691 20
9692 20
9693 20
9694 20
9695 20
9696 20
9697 20
9698 21
9699 20
9700 21
9701 20
9702 20
9703 20
9704 21
9705 20
9706 21
9707 21
9708 21
9709 20
9710 20
9711 20
9712 20
9713 20
9714 20
9715 20
9716 20
9717 21
9718 20
9719 20
9720 21
9721 20
9722 20
9723 20
9724 20
9725 21
9726 20
9727 20
9728 20
9729 20
9730 20
9731 20
9732 20
9733 20
9734 20
9735 21
9736 20
9737 21
9738 20
9739 20
9740 21
9741 20
9742 20
9743 21
9744 20
9745 20
9746 20
9747 20
9748 20
9749 21
9750 21
9751 20
9752 20
9753 20
9754 20
9755 21
9756 20
9757 20
9758 20
9759 20
9760 20
9761 21
9762 20
9763 21
9764 21
9765 20
9766 20
9767 21
9768 20
9769 19
9770 20
9771 20
9772 20
9773 21
9774 20
9775 20
9776 20
9777 21
9778 21
9779 20
9780 21
9781 20
9782 20
9783 20
9784 20
9785 20
9786 20
9787 20
9788 20
9789 20
9790 21
9791 20
9792 20
9793 21
9794 19
9795 20
9796 20
9797 20
9798 20
9799 19
9800 21
9801 20
9802 21
9803 20
9804 20
9805 20
9806 21
9807 21
9808 21
9809 20
9810 20
9811 20
9812 21
9813 20
9814 20
9815 21
9816 20
9817 20
9818 20
9819 20
9820 20
9821 20
9822 20
9823 20
9824 21
9825 21
9826 19
9827 20
9828 20
9829 20
9830 20
9831 19
9832 20
9833 20
9834 20
9835 21
9836 20
9837 20
9838 20
9839 21
9840 20
9841 20
9842 20
9843 20
9844 20
9845 20
9846 20
9847 20
9848 21
9849 21
9850 20
9851 21
9852 20
9853 20
9854 20
9855 20
9856 20
9857 20
9858 21
9859 20
9860 20
9861 20
9862 20
9863 21
9864 21
9865 20
9866 20
9867 20
9868 21
9869 20
9870 21
9871 20
9872 20
9873 21
9874 20
9875 20
9876 19
9877 19
9878 21
9879 20
9880 20
9881 21
9882 20
9883 20
9884 21
9885 20
9886 20
9887 20
9888 19
9889 21
9890 20
9891 20
9892 20
9893 20
9894 21
9895 20
9896 19
9897 20
9898 20
9899 19
9900 20
9901 20
9902 21
9903 20
9904 20
9905 20
9906 20
9907 21
9908 20
9909 20
9910 20
9911 20
9912 20
9913 20
9914 21
9915 21
9916 20
9917 21
9918 21
9919 20
9920 20
9921 19
9922 21
9923 20
9924 20
9925 20
9926 20
9927 20
9928 20
9929 20
9930 20
9931 21
9932 20
9933 21
9934 20
9935 21
9936 20
9937 21
9938 20
9939 19
9940 20
9941 20
9942 21
9943 21
9944 21
9945 20
9946 21
9947 20
9948 20
9949 20
9950 20
9951 20
9952 19
9953 21
9954 21
9955 20
9956 20
9957 20
9958 20
9959 20
9960 20
9961 20
9962 20
9963 20
9964 20
9965 20
9966 20
9967 20
9968 20
9969 20
9970 20
9971 21
9972 20
9973 20
9974 21
9975 20
9976 20
9977 20
9978 20
9979 21
9980 21
9981 20
9982 20
9983 20
9984 20
9985 21
9986 20
9987 20
9988 21
9989 20
9990 20
9991 21
9992 20
9993 20
9994 20
9995 20
9996 20
9997 20
9998 20
9999 20
10000 19
10001 20
10002 20
10003 21
10004 20
10005 20
10006 20
10007 21
10008 20
10009 20
10010 21
10011 20
10012 20
10013 21
10014 20
10015 20
10016 20
10017 20
10018 20
10019 20
10020 20
10021 20
10022 20
10023 20
10024 21
10025 20
10026 19
10027 20
10028 20
10029 20
10030 20
10031 20
10032 20
10033 20
10034 21
10035 20
10036 20
10037 21
10038 20
10039 20
10040 20
10041 21
10042 21
10043 20
10044 20
10045 20
10046 20
10047 20
10048 21
10049 19
10050 20
10051 20
10052 19
10053 20
10054 21
10055 21
10056 20
10057 21
10058 20
10059 20
10060 20
10061 20
10062 21
10063 20
10064 20
10065 20
10066 20
10067 20
10068 20
10069 20
10070 20
10071 20
10072 20
10073 20
10074 20
10075 20
10076 21
10077 20
10078 19
10079 21
10080 20
10081 20
10082 20
10083 20
10084 20
10085 20
10086 20
10087 21
10088 20
10089 20
10090 20
10091 20
10092 20
10093 20
10094 20
10095 21
10096 19
10097 20
10098 21
10099 20
10100 20
10101 20
10102 20
10103 20
10104 20
10105 20
10106 20
10107 20
10108 21
10109 20
10110 20
10111 19
10112 19
10113 20
10114 21
10115 20
10116 20
10117 20
10118 20
10119 20
10120 21
10121 20
10122 21
10123 20
10124 20
10125 20
10126 20
10127 20
10128 21
10129 20
10130 20
10131 20
10132 21
10133 20
10134 20
10135 20
10136 21
10137 20
10138 20
10139 20
10140 20
10141 20
10142 21
10143 20
10144 21
10145 20
10146 20
10147 20
10148 19
10149 19
10150 20
10151 20
10152 20
10153 21
10154 20
10155 20
10156 20
10157 20
10158 20
10159 21
10160 20
10161 20
10162 21
10163 20
10164 19
10165 21
10166 21
10167 20
10168 20
10169 20
10170 21
10171 20
10172 20
10173 20
10174 20
10175 20
10176 19
10177 21
10178 20
10179 20
10180 21
10181 20
10182 20
10183 21
10184 20
10185 21
10186 19
10187 20
10188 21
10189 20
10190 21
10191 20
10192 20
10193 20
10194 21
10195 20
10196 20
10197 20
10198 20
10199 21
10200 20
10201 20
10202 21
10203 20
10204 20
10205 21
10206 20
10207 20
10208 21
10209 20
10210 20
10211 20
10212 19
10213 21
10214 20
10215 20
10216 20
10217 20
10218 20
10219 20
10220 20
10221 20
10222 20
10223 19
10224 20
10225 20
10226 21
10227 21
10228 20
10229 20
10230 20
10231 20
10232 20
10233 20
10234 20
10235 20
10236 20
10237 21
10238 20
10239 20
10240 20
10241 20
10242 20
10243 20
10244 20
10245 21
10246 21
10247 20
10248 20
10249 21
10250 20
10251 20
10252 19
10253 21
10254 20
10255 21
10256 20
10257 20
10258 20
10259 21
10260 20
10261 20
10262 20
10263 21
10264 20
10265 19
10266 21
10267 20
10268 20
10269 19
10270 20
10271 21
10272 20
10273 20
10274 20
10275 20
10276 19
10277 20
10278 20
10279 20
10280 20
10281 20
10282 20
10283 20
10284 20
10285 20
10286 21
10287 20
10288 20
10289 19
10290 21
10291 20
10292 21
10293 20
10294 20
10295 20
10296 20
10297 20
10298 20
10299 21
10300 20
10301 20
10302 20
10303 20
10304 20
10305 20
10306 20
10307 19
10308 21
10309 20
10310 20
10311 20
10312 20
10313 20
10314 21
10315 20
10316 20
10317 19
10318 20
10319 20
10320 20
10321 21
10322 21
10323 20
10324 20
10325 21
10326 20
10327 21
10328 20
10329 20
10330 21
10331 21
10332 20
10333 20
10334 20
10335 20
10336 20
10337 21
10338 20
10339 20
10340 20
10341 20
10342 20
10343 21
10344 21
10345 20
10346 20
10347 20
10348 20
10349 20
10350 20
10351 20
10352 21
10353 20
10354 21
10355 20
10356 21
10357 21
10358 20
10359 20
10360 20
10361 21
10362 21
10363 20
10364 20
10365 20
10366 20
10367 20
10368 21
10369 21
10370 20
10371 20
10372 20
10373 20
10374 20
10375 20
10376 20
10377 20
10378 21
10379 21
10380 20
10381 20
10382 20
10383 21
10384 20
10385 20
10386 20
10387 20
10388 20
10389 20
10390 21
10391 20
10392 20
10393 20
10394 20
10395 20
10396 21
10397 20
10398 21
10399 20
10400 20
10401 20
10402 20
10403 21
10404 20
10405 21
10406 21
10407 20
10408 20
10409 20
10410 20
10411 20
10412 20
10413 20
10414 20
10415 20
10416 21
10417 20
10418 20
10419 20
10420 21
10421 20
10422 20
10423 20
10424 20
10425 20
10426 20
10427 20
10428 19
10429 20
10430 20
10431 19
10432 20
10433 19
10434 20
10435 20
10436 20
10437 19
10438 20
10439 20
10440 20
10441 20
10442 20
10443 20
10444 20
10445 20
10446 20
10447 20
10448 21
10449 20
10450 20
10451 20
10452 20
10453 20
10454 20
10455 20
10456 20
10457 20
10458 20
10459 21
10460 21
10461 20
10462 20
10463 20
10464 20
10465 20
10466 20
10467 19
10468 20
10469 21
10470 21
10471 20
10472 19
10473 20
10474 20
10475 20
10476 20
10477 20
10478 20
10479 20
10480 20
10481 21
10482 20
10483 20
10484 21
10485 20
10486 19
10487 21
10488 21
10489 20
10490 20
10491 20
10492 20
10493 20
10494 21
10495 21
10496 20
10497 20
10498 20
10499 21
10500 20
10501 20
10502 20
10503 20
10504 20
10505 21
10506 20
10507 20
10508 20
10509 20
10510 20
10511 20
10512 21
10513 21
10514 21
10515 21
10516 20
10517 21
10518 20
10519 21
10520 20
10521 21
10522 20
10523 21
10524 20
10525 20
10526 21
10527 20
10528 20
10529 20
10530 20
10531 20
10532 21
10533 20
10534 20
10535 20
10536 20
10537 21
10538 20
10539 20
10540 20
10541 20
10542 20
10543 20
10544 20
10545 21
10546 20
10547 20
10548 19
10549 21
10550 20
10551 20
10552 21
10553 20
10554 20
10555 20
10556 21
10557 20
10558 21
10559 19
10560 20
10561 21
10562 20
10563 21
10564 20
10565 20
10566 20
10567 20
10568 20
10569 21
10570 21
10571 20
10572 20
10573 20
10574 20
10575 21
10576 20
10577 21
10578 20
10579 20
10580 20
10581 20
10582 21
10583 20
10584 20
10585 21
10586 21
10587 20
10588 20
10589 20
10590 20
10591 20
10592 20
10593 21
10594 20
10595 21
10596 20
10597 20
10598 20
10599 20
10600 20
10601 21
10602 20
10603 20
10604 20
10605 21
10606 19
10607 21
10608 20
10609 21
10610 20
10611 20
10612 20
10613 20
10614 20
10615 20
10616 20
10617 20
10618 20
10619 20
10620 20
10621 21
10622 20
10623 20
10624 20
10625 20
10626 20
10627 20
10628 19
10629 20
10630 21
10631 20
10632 21
10633 20
10634 21
10635 20
10636 20
10637 20
10638 20
10639 21
10640 20
10641 20
10642 21
10643 20
10644 20
10645 20
10646 20
10647 21
10648 20
10649 20
10650 20
10651 20
10652 20
10653 20
10654 20
10655 20
10656 20
10657 21
10658 21
10659 20
10660 20
10661 21
10662 20
10663 20
10664 20
10665 21
10666 21
10667 20
10668 20
10669 20
10670 20
10671 20
10672 21
10673 21
10674 20
10675 20
10676 21
10677 20
10678 20
10679 20
10680 20
10681 20
10682 20
10683 20
10684 21
10685 20
10686 21
10687 20
10688 20
10689 21
10690 21
10691 21
10692 20
10693 21
10694 20
10695 21
10696 20
10697 20
10698 20
10699 21
10700 20
10701 21
10702 20
10703 20
10704 21
10705 21
10706 20
10707 20
10708 21
10709 20
10710 21
10711 20
10712 20
10713 20
10714 20
10715 20
10716 20
10717 20
10718 20
10719 20
10720 20
10721 20
10722 20
10723 20
10724 19
10725 20
10726 21
10727 20
10728 20
10729 20
10730 20
10731 20
10732 20
10733 21
10734 21
10735 20
10736 20
10737 21
10738 20
10739 20
10740 20
10741 21
10742 20
10743 20
10744 20
10745 20
10746 20
10747 20
10748 20
10749 20
10750 20
10751 20
10752 20
10753 20
10754 21
10755 20
10756 21
10757 20
10758 21
10759 21
10760 20
10761 21
10762 20
10763 19
10764 20
10765 20
10766 20
10767 20
10768 20
10769 20
10770 21
10771 20
10772 21
10773 20
10774 20
10775 20
10776 20
10777 19
10778 20
10779 21
10780 20
10781 21
10782 20
10783 20
10784 20
10785 20
10786 20
10787 20
10788 19
10789 20
10790 20
10791 20
10792 19
10793 20
10794 20
10795 21
10796 21
10797 21
10798 20
10799 20
10800 20
10801 21
10802 20
10803 20
10804 21
10805 20
10806 20
10807 20
10808 20
10809 20
10810 21
10811 21
10812 20
10813 20
10814 20
10815 20
10816 20
10817 20
10818 20
10819 20
10820 20
10821 20
10822 20
10823 20
10824 20
10825 20
10826 20
10827 20
10828 21
10829 20
10830 21
10831 20
10832 21
10833 20
10834 20
10835 19
10836 20
10837 21
10838 20
10839 20
10840 21
10841 21
10842 20
10843 20
10844 21
10845 20
10846 20
10847 20
10848 20
10849 21
10850 20
10851 21
10852 20
10853 21
10854 20
10855 20
10856 19
10857 20
10858 21
10859 20
10860 21
10861 20
10862 20
10863 20
10864 20
10865 20
10866 20
10867 20
10868 20
10869 20
10870 20
10871 20
10872 20
10873 20
10874 21
10875 21
10876 20
10877 20
10878 20
10879 19
10880 21
10881 20
10882 21
10883 20
10884 20
10885 20
10886 21
10887 21
10888 21
10889 20
10890 21
10891 20
10892 20
10893 20
10894 20
10895 20
10896 20
10897 20
10898 20
10899 20
10900 20
10901 21
10902 20
10903 20
10904 20
10905 20
10906 20
10907 21
10908 20
10909 20
10910 21
10911 20
10912 20
10913 20
10914 21
10915 20
10916 20
10917 20
10918 19
10919 19
10920 20
10921 20
10922 20
10923 20
10924 20
10925 21
10926 20
10927 20
10928 20
10929 20
10930 20
10931 21
10932 20
10933 21
10934 21
10935 20
10936 20
10937 20
10938 21
10939 20
10940 20
10941 20
10942 21
10943 20
10944 20
10945 20
10946 20
10947 20
10948 20
10949 20
10950 21
10951 21
10952 20
10953 19
10954 20
10955 20
10956 20
10957 20
10958 21
10959 20
10960 20
10961 21
10962 20
10963 20
10964 20
10965 20
10966 21
10967 20
10968 20
10969 20
10970 20
10971 20
10972 20
10973 21
10974 20
10975 20
10976 20
10977 20
10978 20
10979 21
10980 20
10981 20
10982 20
10983 20
10984 20
10985 20
10986 21
10987 20
10988 20
10989 20
10990 21
10991 20
10992 21
10993 21
10994 20
10995 20
10996 20
10997 20
10998 20
10999 20
11000 21
11001 21
11002 20
11003 20
11004 20
11005 21
11006 20
11007 20
11008 20
11009 20
11010 20
11011 21
11012 20
11013 19
11014 20
11015 20
11016 20
11017 19
11018 21
11019 20
11020 20
11021 20
11022 21
11023 20
11024 19
11025 20
11026 20
11027 20
11028 21
11029 21
11030 20
11031 21
11032 21
11033 21
11034 20
11035 20
11036 20
11037 20
11038 20
11039 20
11040 20
11041 20
11042 20
11043 20
11044 20
11045 20
11046 21
11047 20
11048 20
11049 20
11050 21
11051 20
11052 20
11053 20
11054 21
11055 20
11056 20
11057 20
11058 20
11059 21
11060 20
11061 20
11062 21
11063 20
11064 21
11065 20
11066 20
11067 20
11068 21
11069 20
11070 20
11071 21
11072 20
11073 20
11074 20
11075 20
11076 20
11077 20
11078 20
11079 20
11080 21
11081 20
11082 20
11083 20
11084 20
11085 20
11086 20
11087 21
11088 20
11089 20
11090 20
11091 20
11092 21
11093 20
11094 20
11095 20
11096 21
11097 21
11098 20
11099 20
11100 20
11101 20
11102 20
11103 20
11104 20
11105 21
11106 20
11107 20
11108 19
11109 21
11110 20
11111 20
11112 20
11113 20
11114 21
11115 20
11116 21
11117 20
11118 20
11119 20
11120 21
11121 21
11122 20
11123 19
11124 20
11125 20
11126 20
11127 20
11128 19
11129 21
11130 20
11131 20
11132 20
11133 20
11134 20
11135 20
11136 20
11137 19
11138 21
11139 20
11140 20
11141 20
11142 20
11143 20
11144 20
11145 20
11146 21
11147 20
11148 21
11149 20
11150 19
11151 20
11152 20
11153 21
11154 20
11155 20
11156 20
11157 20
11158 20
11159 21
11160 20
11161 20
11162 21
11163 21
11164 21
11165 20
11166 20
11167 20
11168 21
11169 20
11170 20
11171 20
11172 21
11173 20
11174 20
11175 20
11176 21
11177 19
11178 20
11179 20
11180 21
11181 20
11182 21
11183 20
11184 20
11185 20
11186 21
11187 21
11188 21
11189 21
11190 20
11191 21
11192 20
11193 19
11194 21
11195 20
11196 21
11197 20
11198 20
11199 19
11200 20
11201 20
11202 20
11203 20
11204 21
11205 21
11206 20
11207 20
11208 20
11209 20
11210 20
11211 20
11212 20
11213 20
11214 20
11215 21
11216 20
11217 21
11218 21
11219 20
11220 20
11221 20
11222 20
11223 20
11224 19
11225 20
11226 20
11227 21
11228 20
11229 21
11230 21
11231 20
11232 20
11233 20
11234 20
11235 20
11236 20
11237 21
11238 20
11239 20
11240 20
11241 20
11242 19
11243 19
11244 20
11245 21
11246 21
11247 21
11248 21
11249 20
11250 20
11251 20
11252 20
11253 21
11254 20
11255 20
11256 20
11257 20
11258 20
11259 20
11260 20
11261 20
11262 21
11263 20
11264 20
11265 20
11266 21
11267 21
11268 20
11269 21
11270 20
11271 20
11272 20
11273 20
11274 20
11275 19
11276 20
11277 20
11278 20
11279 20
11280 20
11281 21
11282 20
11283 20
11284 20
11285 21
11286 20
11287 20
11288 20
11289 20
11290 21
11291 21
11292 21
11293 21
11294 20
11295 21
11296 20
11297 20
11298 20
11299 21
11300 20
11301 20
11302 20
11303 20
11304 20
11305 19
11306 20
11307 20
11308 20
11309 20
11310 20
11311 20
11312 20
11313 21
11314 21
11315 20
11316 20
11317 21
11318 20
11319 20
11320 21
11321 20
11322 20
11323 20
11324 21
11325 19
11326 21
11327 21
11328 21
11329 20
11330 19
11331 20
11332 20
11333 20
11334 21
11335 20
11336 20
11337 20
11338 21
11339 20
11340 20
11341 20
11342 19
11343 21
11344 20
11345 20
11346 20
11347 20
11348 20
11349 20
11350 21
11351 19
11352 20
11353 21
11354 21
11355 20
11356 20
11357 20
11358 20
11359 20
11360 21
11361 20
11362 20
11363 20
11364 20
11365 20
11366 20
11367 20
11368 20
11369 20
11370 20
11371 20
11372 20
11373 20
11374 20
11375 20
11376 21
11377 20
11378 20
11379 21
11380 20
11381 20
11382 20
11383 19
11384 20
11385 19
11386 21
11387 20
11388 20
11389 21
11390 20
11391 20
11392 20
11393 20
11394 21
11395 20
11396 21
11397 20
11398 21
11399 19
11400 21
11401 21
11402 21
11403 20
11404 20
11405 20
11406 19
11407 20
11408 21
11409 20
11410 20
11411 20
11412 19
11413 20
11414 20
11415 20
11416 19
11417 20
11418 20
11419 20
11420 20
11421 19
11422 20
11423 20
11424 20
11425 20
11426 21
11427 20
11428 21
11429 20
11430 20
11431 20
11432 20
11433 20
11434 20
11435 20
11436 20
11437 20
11438 20
11439 20
11440 20
11441 20
11442 20
11443 21
11444 21
11445 20
11446 20
11447 21
11448 20
11449 20
11450 20
11451 21
11452 20
11453 21
11454 20
11455 21
11456 20
11457 21
11458 20
11459 20
11460 21
11461 20
11462 20
11463 21
11464 20
11465 20
11466 20
11467 21
11468 20
11469 20
11470 21
11471 21
11472 19
11473 20
11474 21
11475 20
11476 21
11477 21
11478 20
11479 20
11480 20
11481 20
11482 21
11483 20
11484 21
11485 20
11486 20
11487 20
11488 20
11489 21
11490 21
11491 20
11492 20
11493 20
11494 20
11495 20
11496 20
11497 20
11498 19
11499 20
11500 20
11501 21
11502 20
11503 20
11504 20
11505 20
11506 21
11507 21
11508 21
11509 20
11510 20
11511 20
11512 20
11513 20
11514 21
11515 20
11516 19
11517 21
11518 20
11519 20
11520 20
11521 19
11522 20
11523 19
11524 20
11525 20
11526 21
11527 20
11528 20
11529 20
11530 20
11531 21
11532 21
11533 20
11534 20
11535 20
11536 20
11537 21
11538 21
11539 21
11540 21
11541 20
11542 20
11543 20
11544 20
11545 20
11546 21
11547 20
11548 20
11549 21
11550 20
11551 21
11552 20
11553 20
11554 20
11555 20
11556 21
11557 21
11558 21
11559 21
11560 20
11561 21
11562 21
11563 20
11564 20
11565 19
11566 20
11567 21
11568 20
11569 21
11570 20
11571 20
11572 19
11573 20
11574 21
11575 21
11576 20
11577 20
11578 21
11579 21
11580 20
11581 20
11582 19
11583 20
11584 20
11585 20
11586 20
11587 21
11588 20
11589 20
11590 20
11591 20
11592 20
11593 20
11594 20
11595 21
11596 21
11597 20
11598 20
11599 20
11600 21
11601 20
11602 20
11603 21
11604 20
11605 20
11606 21
11607 20
11608 20
11609 19
11610 20
11611 20
11612 20
11613 20
11614 20
11615 20
11616 20
11617 19
11618 20
11619 20
11620 20
11621 21
11622 20
11623 20
11624 20
11625 20
11626 21
11627 20
11628 20
11629 21
11630 20
11631 20
11632 21
11633 20
11634 20
11635 20
11636 19
11637 20
11638 20
11639 20
11640 20
11641 20
11642 20
11643 19
11644 20
11645 20
11646 20
11647 21
11648 21
11649 20
11650 20
11651 20
11652 21
11653 20
11654 19
11655 20
11656 20
11657 21
11658 20
11659 20
11660 20
11661 20
11662 20
11663 20
11664 20
11665 21
11666 20
11667 20
11668 20
11669 20
11670 21
11671 21
11672 19
11673 21
11674 20
11675 21
11676 20
11677 20
11678 21
11679 20
11680 20
11681 20
11682 20
11683 20
11684 20
11685 20
11686 20
11687 20
11688 20
11689 20
11690 20
11691 20
11692 21
11693 20
11694 20
11695 20
11696 21
11697 20
11698 20
11699 20
11700 21
11701 20
11702 20
11703 20
11704 20
11705 20
11706 21
11707 20
11708 20
11709 20
11710 20
11711 20
11712 20
11713 20
11714 20
11715 19
11716 20
11717 20
11718 20
11719 21
11720 21
11721 20
11722 20
11723 20
11724 20
11725 20
11726 20
11727 20
11728 20
11729 20
11730 20
11731 20
11732 19
11733 20
11734 20
11735 20
11736 20
11737 20
11738 21
11739 21
11740 21
11741 20
11742 21
11743 21
11744 20
11745 21
11746 20
11747 20
11748 20
11749 20
11750 20
11751 20
11752 20
11753 21
11754 20
11755 20
11756 20
11757 21
11758 21
11759 21
11760 19
11761 21
11762 21
11763 20
11764 19
11765 21
11766 21
11767 20
11768 21
11769 20
11770 20
11771 20
11772 21
11773 20
11774 20
11775 20
11776 21
11777 19
11778 19
11779 21
11780 20
11781 20
11782 20
11783 19
11784 21
11785 20
11786 20
11787 20
11788 20
11789 20
11790 19
11791 20
11792 21
11793 20
11794 20
11795 20
11796 20
11797 21
11798 20
11799 21
11800 21
11801 21
11802 20
11803 20
11804 20
11805 20
11806 20
11807 20
11808 20
11809 21
11810 20
11811 20
11812 20
11813 21
11814 21
11815 20
11816 21
11817 20
11818 20
11819 20
11820 20
11821 21
11822 20
11823 20
11824 20
11825 21
11826 21
11827 20
11828 20
11829 20
11830 20
11831 21
11832 20
11833 20
11834 21
11835 20
11836 21
11837 20
11838 20
11839 20
11840 20
11841 21
11842 21
11843 20
11844 20
11845 19
11846 20
11847 20
11848 20
11849 20
11850 20
11851 21
11852 20
11853 20
11854 20
11855 19
11856 21
11857 21
11858 20
11859 20
11860 20
11861 20
11862 20
11863 20
11864 21
11865 20
11866 21
11867 20
11868 21
11869 20
11870 20
11871 20
11872 19
11873 20
11874 20
11875 20
11876 20
11877 20
11878 21
11879 20
11880 20
11881 20
11882 21
11883 20
11884 20
11885 20
11886 20
11887 21
11888 20
11889 20
11890 21
11891 21
11892 20
11893 20
11894 20
11895 20
11896 20
11897 20
11898 19
11899 21
11900 19
11901 20
11902 20
11903 20
11904 20
11905 21
11906 20
11907 20
11908 20
11909 20
11910 20
11911 20
11912 20
11913 20
11914 20
11915 20
11916 20
11917 20
11918 21
11919 20
11920 19
11921 21
11922 20
11923 20
11924 20
11925 20
11926 21
11927 20
11928 21
11929 19
11930 20
11931 20
11932 20
11933 21
11934 21
11935 21
11936 20
11937 20
11938 20
11939 20
11940 20
11941 20
11942 20
11943 20
11944 20
11945 20
11946 21
11947 20
11948 21
11949 20
11950 20
11951 20
11952 20
11953 20
11954 20
11955 20
11956 20
11957 20
11958 20
11959 20
11960 20
11961 20
11962 20
11963 20
11964 20
11965 20
11966 20
11967 21
11968 20
11969 21
11970 20
11971 20
11972 20
11973 21
11974 21
11975 20
11976 20
11977 20
