Polymer_Index N_1
0 28
1 28
2 28
3 28
4 28
5 29
6 28
7 29
8 29
9 28
10 29
11 29
12 28
13 28
14 28
15 28
16 28
17 28
18 28
19 28
20 29
21 28
22 28
23 28
24 29
25 28
26 29
27 29
28 28
29 29
30 28
31 27
32 28
33 29
34 29
35 28
36 29
37 28
38 28
39 28
40 28
41 28
42 29
43 28
44 29
45 28
46 28
47 29
48 28
49 28
50 29
51 28
52 28
53 28
54 28
55 29
56 28
57 28
58 29
59 28
60 29
61 29
62 28
63 28
64 28
65 28
66 28
67 28
68 28
69 28
70 29
71 28
72 29
73 28
74 28
75 29
76 29
77 28
78 29
79 28
80 28
81 29
82 29
83 28
84 28
85 28
86 29
87 28
88 28
89 27
90 29
91 28
92 27
93 28
94 29
95 28
96 29
97 29
98 28
99 28
100 29
101 27
102 28
103 28
104 29
105 28
106 29
107 29
108 29
109 29
110 28
111 28
112 29
113 28
114 28
115 28
116 29
117 28
118 28
119 29
120 29
121 28
122 27
123 28
124 29
125 28
126 29
127 28
128 28
129 29
130 28
131 29
132 29
133 28
134 29
135 29
136 28
137 28
138 28
139 28
140 29
141 28
142 29
143 28
144 28
145 28
146 29
147 29
148 28
149 28
150 29
151 28
152 28
153 28
154 29
155 29
156 28
157 28
158 29
159 28
160 29
161 29
162 29
163 29
164 28
165 29
166 28
167 28
168 28
169 28
170 28
171 28
172 27
173 29
174 28
175 28
176 27
177 29
178 29
179 28
180 29
181 29
182 29
183 28
184 28
185 29
186 28
187 28
188 29
189 28
190 28
191 29
192 29
193 28
194 28
195 29
196 28
197 27
198 29
199 29
200 28
201 28
202 27
203 29
204 29
205 28
206 28
207 28
208 28
209 29
210 28
211 29
212 28
213 29
214 29
215 29
216 27
217 29
218 28
219 29
220 28
221 28
222 28
223 29
224 29
225 28
226 28
227 29
228 29
229 28
230 29
231 28
232 29
233 29
234 28
235 28
236 29
237 28
238 29
239 28
240 29
241 28
242 28
243 27
244 29
245 28
246 29
247 29
248 29
249 28
250 28
251 28
252 28
253 29
254 28
255 28
256 28
257 28
258 28
259 29
260 28
261 28
262 28
263 29
264 28
265 28
266 28
267 28
268 28
269 28
270 29
271 28
272 29
273 27
274 28
275 28
276 29
277 29
278 28
279 28
280 28
281 28
282 28
283 29
284 29
285 28
286 28
287 28
288 28
289 29
290 29
291 29
292 29
293 28
294 28
295 29
296 28
297 27
298 28
299 28
300 28
301 28
302 28
303 29
304 28
305 28
306 28
307 28
308 28
309 28
310 28
311 28
312 28
313 29
314 28
315 28
316 29
317 28
318 29
319 28
320 28
321 29
322 28
323 28
324 29
325 28
326 29
327 29
328 28
329 28
330 28
331 29
332 29
333 27
334 28
335 29
336 28
337 29
338 28
339 29
340 28
341 28
342 28
343 28
344 28
345 28
346 28
347 28
348 28
349 29
350 28
351 28
352 28
353 29
354 29
355 29
356 28
357 29
358 28
359 28
360 29
361 28
362 29
363 29
364 28
365 29
366 28
367 28
368 28
369 28
370 28
371 28
372 29
373 28
374 29
375 28
376 29
377 28
378 29
379 29
380 28
381 29
382 28
383 28
384 28
385 28
386 28
387 28
388 28
389 28
390 28
391 28
392 28
393 28
394 28
395 28
396 29
397 28
398 28
399 28
400 28
401 28
402 27
403 29
404 28
405 27
406 28
407 29
408 28
409 28
410 29
411 28
412 29
413 27
414 28
415 28
416 28
417 28
418 28
419 29
420 28
421 27
422 28
423 28
424 29
425 29
426 29
427 29
428 28
429 29
430 28
431 29
432 29
433 28
434 28
435 28
436 29
437 28
438 28
439 29
440 29
441 28
442 28
443 29
444 29
445 28
446 29
447 28
448 28
449 29
450 28
451 29
452 28
453 29
454 29
455 28
456 28
457 29
458 27
459 29
460 28
461 28
462 28
463 28
464 28
465 29
466 28
467 29
468 29
469 29
470 28
471 28
472 29
473 29
474 28
475 29
476 29
477 29
478 28
479 28
480 28
481 28
482 28
483 29
484 28
485 28
486 29
487 29
488 27
489 29
490 28
491 29
492 29
493 29
494 29
495 29
496 28
497 28
498 28
499 29
500 29
501 28
502 27
503 28
504 28
505 28
506 28
507 29
508 29
509 28
510 29
511 28
512 27
513 28
514 28
515 28
516 28
517 29
518 29
519 28
520 27
521 28
522 28
523 28
524 29
525 29
526 28
527 28
528 29
529 28
530 28
531 28
532 29
533 28
534 28
535 27
536 28
537 28
538 27
539 28
540 28
541 28
542 29
543 29
544 29
545 28
546 29
547 28
548 28
549 28
550 28
551 28
552 28
553 28
554 29
555 28
556 28
557 28
558 28
559 27
560 29
561 29
562 28
563 28
564 28
565 28
566 28
567 29
568 29
569 29
570 28
571 28
572 28
573 29
574 28
575 29
576 28
577 28
578 29
579 29
580 28
581 29
582 28
583 29
584 28
585 28
586 28
587 28
588 29
589 28
590 29
591 28
592 28
593 27
594 29
595 28
596 28
597 28
598 28
599 29
600 29
601 29
602 28
603 29
604 28
605 28
606 28
607 28
608 29
609 29
610 29
611 28
612 27
613 29
614 29
615 28
616 28
617 28
618 28
619 28
620 28
621 29
622 28
623 28
624 29
625 28
626 28
627 29
628 28
629 29
630 28
631 28
632 29
633 28
634 29
635 29
636 28
637 29
638 28
639 28
640 29
641 28
642 27
643 29
644 28
645 28
646 27
647 27
648 28
649 28
650 29
651 29
652 28
653 28
654 29
655 29
656 28
657 29
658 28
659 28
660 29
661 28
662 29
663 28
664 29
665 28
666 29
667 28
668 28
669 27
670 28
671 28
672 28
673 29
674 28
675 28
676 28
677 28
678 28
679 29
680 27
681 27
682 28
683 28
684 28
685 28
686 28
687 27
688 27
689 27
690 28
691 29
692 28
693 28
694 28
695 29
696 28
697 28
698 29
699 28
700 29
701 28
702 28
703 29
704 29
705 28
706 28
707 28
708 29
709 29
710 29
711 29
712 29
713 29
714 29
715 29
716 28
717 29
718 29
719 28
720 28
721 29
722 27
723 28
724 28
725 28
726 28
727 29
728 29
729 28
730 29
731 28
732 29
733 29
734 28
735 28
736 29
737 28
738 29
739 28
740 29
741 29
742 29
743 29
744 29
745 28
746 28
747 28
748 29
749 28
750 28
751 28
752 28
753 28
754 29
755 29
756 28
757 27
758 28
759 28
760 28
761 28
762 29
763 28
764 28
765 29
766 29
767 29
768 28
769 28
770 29
771 28
772 28
773 28
774 28
775 27
776 29
777 28
778 28
779 29
780 28
781 28
782 29
783 28
784 28
785 29
786 29
787 28
788 28
789 29
790 29
791 28
792 28
793 28
794 28
795 29
796 28
797 29
798 29
799 27
800 29
801 28
802 29
803 29
804 29
805 29
806 28
807 28
808 28
809 28
810 28
811 28
812 28
813 28
814 28
815 28
816 28
817 28
818 29
819 29
820 28
821 29
822 28
823 28
824 29
825 29
826 28
827 28
828 28
829 28
830 29
831 28
832 27
833 29
834 28
835 28
836 28
837 29
838 29
839 28
840 28
841 28
842 27
843 28
844 28
845 28
846 28
847 28
848 29
849 28
850 28
851 29
852 27
853 28
854 27
855 28
856 28
857 28
858 28
859 28
860 29
861 28
862 29
863 28
864 28
865 28
866 28
867 29
868 28
869 28
870 29
871 27
872 29
873 28
874 29
875 28
876 28
877 28
878 28
879 28
880 29
881 28
882 28
883 28
884 28
885 29
886 28
887 29
888 29
889 28
890 29
891 28
892 29
893 28
894 28
895 29
896 29
897 28
898 28
899 28
900 29
901 29
902 28
903 29
904 28
905 27
906 29
907 28
908 28
909 29
910 27
911 28
912 29
913 28
914 29
915 29
916 29
917 29
918 28
919 29
920 29
921 29
922 29
923 28
924 28
925 28
926 28
927 29
928 28
929 28
930 29
931 28
932 29
933 28
934 28
935 29
936 28
937 28
938 27
939 28
940 29
941 29
942 28
943 28
944 28
945 28
946 29
947 28
948 29
949 29
950 28
951 28
952 28
953 28
954 27
955 28
956 28
957 28
958 28
959 27
960 28
961 28
962 28
963 28
964 29
965 28
966 29
967 27
968 28
969 28
970 28
971 28
972 28
973 28
974 28
975 28
976 29
977 28
978 29
979 29
980 29
981 29
982 28
983 28
984 28
985 28
986 29
987 29
988 29
989 28
990 28
991 28
992 29
993 29
994 28
995 28
996 28
997 29
998 29
999 29
1000 29
1001 29
1002 28
1003 29
1004 28
1005 29
1006 28
1007 29
1008 28
1009 28
1010 28
1011 28
1012 27
1013 28
1014 28
1015 29
1016 28
1017 29
1018 27
1019 29
1020 28
1021 28
1022 28
1023 29
1024 28
1025 29
1026 29
1027 28
1028 28
1029 29
1030 28
1031 28
1032 28
1033 29
1034 29
1035 29
1036 29
1037 28
1038 28
1039 28
1040 29
1041 28
1042 28
1043 28
1044 28
1045 29
1046 28
1047 29
1048 29
1049 27
1050 29
1051 28
1052 28
1053 28
1054 29
1055 29
1056 29
1057 28
1058 28
1059 28
1060 28
1061 29
1062 29
1063 28
1064 28
1065 28
1066 28
1067 29
1068 29
1069 28
1070 28
1071 28
1072 29
1073 29
1074 28
1075 28
1076 28
1077 28
1078 28
1079 29
1080 29
1081 29
1082 29
1083 28
1084 28
1085 27
1086 29
1087 29
1088 28
1089 28
1090 28
1091 29
1092 29
1093 28
1094 28
1095 28
1096 29
1097 28
1098 29
1099 28
1100 28
1101 28
1102 29
1103 29
1104 28
1105 29
1106 29
1107 29
1108 29
1109 28
1110 27
1111 28
1112 29
1113 29
1114 29
1115 29
1116 29
1117 28
1118 28
1119 28
1120 28
1121 28
1122 28
1123 28
1124 27
1125 28
1126 28
1127 29
1128 28
1129 28
1130 28
1131 27
1132 28
1133 28
1134 28
1135 29
1136 28
1137 27
1138 28
1139 28
1140 29
1141 28
1142 28
1143 28
1144 29
1145 28
1146 28
1147 27
1148 28
1149 27
1150 28
1151 28
1152 29
1153 28
1154 28
1155 28
1156 28
1157 27
1158 28
1159 28
1160 29
1161 28
1162 29
1163 27
1164 27
1165 28
1166 28
1167 29
1168 29
1169 29
1170 28
1171 28
1172 28
1173 28
1174 27
1175 29
1176 28
1177 29
1178 28
1179 29
1180 28
1181 28
1182 28
1183 28
1184 28
1185 28
1186 28
1187 29
1188 28
1189 28
1190 29
1191 29
1192 28
1193 29
1194 29
1195 27
1196 29
1197 27
1198 28
1199 28
1200 28
1201 28
1202 28
1203 28
1204 28
1205 27
1206 29
1207 29
1208 29
1209 29
1210 28
1211 27
1212 28
1213 29
1214 28
1215 28
1216 29
1217 29
1218 27
1219 28
1220 29
1221 28
1222 28
1223 28
1224 28
1225 29
1226 28
1227 28
1228 29
1229 29
1230 29
1231 28
1232 28
1233 29
1234 29
1235 28
1236 29
1237 29
1238 29
1239 28
1240 29
1241 27
1242 28
1243 28
1244 28
1245 29
1246 28
1247 29
1248 28
1249 29
1250 28
1251 28
1252 28
1253 28
1254 28
1255 28
1256 28
1257 28
1258 28
1259 29
1260 29
1261 28
1262 29
1263 29
1264 29
1265 28
1266 28
1267 29
1268 28
1269 28
1270 28
1271 28
1272 28
1273 28
1274 28
1275 28
1276 28
1277 28
1278 28
1279 29
1280 28
1281 28
1282 29
1283 29
1284 28
1285 29
1286 28
1287 28
1288 28
1289 27
1290 29
1291 29
1292 28
1293 28
1294 29
1295 29
1296 27
1297 28
1298 28
1299 29
1300 29
1301 28
1302 29
1303 28
1304 29
1305 29
1306 29
1307 29
1308 28
1309 29
1310 28
1311 28
1312 29
1313 28
1314 28
1315 27
1316 28
1317 28
1318 28
1319 28
1320 28
1321 28
1322 29
1323 29
1324 28
1325 28
1326 29
1327 29
1328 28
1329 29
1330 28
1331 27
1332 29
1333 28
1334 28
1335 28
1336 29
1337 28
1338 28
1339 29
1340 28
1341 27
1342 28
1343 28
1344 29
1345 28
1346 28
1347 28
1348 28
1349 29
1350 29
1351 29
1352 28
1353 28
1354 29
1355 29
1356 27
1357 28
1358 28
1359 28
1360 29
1361 28
1362 27
1363 29
1364 29
1365 28
1366 29
1367 29
1368 29
1369 28
1370 29
1371 29
1372 28
1373 28
1374 28
1375 28
1376 28
1377 29
1378 29
1379 28
1380 28
1381 28
1382 28
1383 28
1384 28
1385 29
1386 28
1387 28
1388 29
1389 28
1390 29
1391 28
1392 28
1393 28
1394 28
1395 28
1396 28
1397 29
1398 28
1399 28
1400 29
1401 28
1402 29
1403 28
1404 28
1405 28
1406 28
1407 28
1408 28
1409 28
1410 28
1411 29
1412 29
1413 29
1414 28
1415 28
1416 28
1417 29
1418 29
1419 29
1420 28
1421 29
1422 28
1423 28
1424 28
1425 28
1426 29
1427 29
1428 28
1429 28
1430 28
1431 29
1432 29
1433 28
1434 28
1435 28
1436 28
1437 28
1438 27
1439 28
1440 28
1441 28
1442 27
1443 29
1444 28
1445 27
1446 28
1447 28
1448 29
1449 29
1450 27
1451 29
1452 28
1453 28
1454 28
1455 28
1456 28
1457 28
1458 29
1459 28
1460 28
1461 28
1462 29
1463 28
1464 28
1465 28
1466 29
1467 28
1468 28
1469 28
1470 28
1471 28
1472 28
1473 28
1474 28
1475 28
1476 28
1477 28
1478 28
1479 28
1480 29
1481 28
1482 28
1483 29
1484 28
1485 28
1486 28
1487 28
1488 28
1489 28
1490 28
1491 28
1492 29
1493 28
1494 28
1495 28
1496 27
1497 29
1498 28
1499 28
1500 28
1501 27
1502 29
1503 28
1504 29
1505 28
1506 28
1507 28
1508 28
1509 29
1510 27
1511 28
1512 28
1513 27
1514 28
1515 29
1516 29
1517 28
1518 28
1519 29
1520 27
1521 28
1522 27
1523 29
1524 28
1525 28
1526 28
1527 29
1528 28
1529 28
1530 29
1531 29
1532 28
1533 29
1534 28
1535 28
1536 28
1537 28
1538 27
1539 28
1540 29
1541 28
1542 28
1543 27
1544 28
1545 29
1546 28
1547 29
1548 28
1549 29
1550 29
1551 28
1552 28
1553 28
1554 28
1555 29
1556 27
1557 29
1558 28
1559 28
1560 29
1561 29
1562 29
1563 29
1564 28
1565 28
1566 28
1567 28
1568 28
1569 28
1570 29
1571 28
1572 29
1573 28
1574 28
1575 28
1576 27
1577 28
1578 28
1579 28
1580 28
1581 28
1582 29
1583 28
1584 29
1585 28
1586 28
1587 29
1588 29
1589 28
1590 28
1591 28
1592 29
1593 28
1594 28
1595 29
1596 28
1597 28
1598 27
1599 29
1600 28
1601 28
1602 29
1603 29
1604 28
1605 29
1606 28
1607 28
1608 27
1609 29
1610 29
1611 28
1612 27
1613 28
1614 28
1615 28
1616 28
1617 28
1618 29
1619 28
1620 28
1621 29
1622 28
1623 29
1624 28
1625 28
1626 28
1627 28
1628 28
1629 27
1630 28
1631 29
1632 28
1633 28
1634 29
1635 29
1636 27
1637 29
1638 29
1639 28
1640 27
1641 28
1642 28
1643 29
1644 28
1645 27
1646 29
1647 28
1648 29
1649 29
1650 29
1651 29
1652 27
1653 29
1654 28
1655 28
1656 28
1657 29
1658 27
1659 28
1660 28
1661 27
1662 28
1663 28
1664 29
1665 28
1666 28
1667 29
1668 29
1669 28
1670 28
1671 29
1672 27
1673 28
1674 29
1675 28
1676 29
1677 28
1678 29
1679 29
1680 28
1681 28
1682 28
1683 28
1684 28
1685 28
1686 29
1687 28
1688 29
1689 29
1690 29
1691 28
1692 27
1693 29
1694 28
1695 29
1696 28
1697 28
1698 27
1699 28
1700 28
1701 28
1702 29
1703 28
1704 28
1705 28
1706 28
1707 28
1708 29
1709 28
1710 29
1711 27
1712 28
1713 28
1714 29
1715 28
1716 29
1717 28
1718 29
1719 27
1720 29
1721 29
1722 29
1723 28
1724 29
1725 28
1726 28
1727 27
1728 29
1729 29
1730 28
1731 29
1732 29
1733 28
1734 28
1735 28
1736 28
1737 28
1738 28
1739 29
1740 28
1741 28
1742 29
1743 28
1744 27
1745 29
1746 29
1747 29
1748 28
1749 29
1750 28
1751 28
1752 27
1753 28
1754 29
1755 28
1756 28
1757 27
1758 29
1759 28
1760 28
1761 28
1762 28
1763 28
1764 28
1765 28
1766 28
1767 28
1768 29
1769 28
1770 28
1771 29
1772 28
1773 28
1774 28
1775 28
1776 28
1777 28
1778 28
1779 29
1780 28
1781 28
1782 28
1783 28
1784 27
1785 28
1786 29
1787 28
1788 29
1789 28
1790 29
1791 29
1792 29
1793 28
1794 29
1795 28
1796 29
1797 29
1798 28
1799 28
1800 29
1801 29
1802 29
1803 28
1804 28
1805 28
1806 28
1807 27
1808 28
1809 29
1810 28
1811 28
1812 28
1813 28
1814 28
1815 27
1816 28
1817 29
1818 29
1819 28
1820 28
1821 29
1822 28
1823 27
1824 28
1825 29
1826 29
1827 28
1828 29
1829 29
1830 29
1831 29
1832 28
1833 28
1834 28
1835 28
1836 28
1837 28
1838 28
1839 29
1840 28
1841 29
1842 29
1843 28
1844 28
1845 29
1846 29
1847 28
1848 28
1849 27
1850 28
1851 29
1852 28
1853 28
1854 28
1855 28
1856 28
1857 28
1858 29
1859 29
1860 28
1861 28
1862 29
1863 27
1864 28
1865 28
1866 29
1867 28
1868 28
1869 28
1870 28
1871 29
1872 27
1873 28
1874 28
1875 28
1876 28
1877 29
1878 28
1879 29
1880 28
1881 28
1882 29
1883 28
1884 28
1885 28
1886 28
1887 29
1888 28
1889 28
1890 27
1891 29
1892 28
1893 28
1894 28
1895 29
1896 28
1897 28
1898 27
1899 28
1900 27
1901 29
1902 28
1903 28
1904 28
1905 29
1906 28
1907 29
1908 28
1909 28
1910 28
1911 28
1912 29
1913 28
1914 28
1915 28
1916 28
1917 28
1918 27
1919 28
1920 28
1921 28
1922 28
1923 28
1924 27
1925 28
1926 28
1927 28
1928 28
1929 29
1930 28
1931 28
1932 29
1933 28
1934 28
1935 28
1936 29
1937 28
1938 28
1939 28
1940 29
1941 28
1942 28
1943 28
1944 27
1945 28
1946 27
1947 29
1948 29
1949 28
1950 28
1951 29
1952 27
1953 29
1954 28
1955 29
1956 29
1957 29
1958 28
1959 28
1960 28
1961 28
1962 29
1963 29
1964 29
1965 28
1966 28
1967 28
1968 29
1969 28
1970 28
1971 28
1972 28
1973 28
1974 28
1975 28
1976 29
1977 27
1978 28
1979 28
1980 28
1981 29
1982 28
1983 28
1984 28
1985 28
1986 29
1987 29
1988 27
1989 28
1990 28
1991 28
1992 29
1993 28
1994 29
1995 28
1996 28
1997 27
1998 29
1999 29
2000 28
2001 28
2002 28
2003 29
2004 28
2005 28
2006 28
2007 29
2008 28
2009 29
2010 28
2011 28
2012 27
2013 29
2014 29
2015 29
2016 28
2017 28
2018 29
2019 29
2020 28
2021 29
2022 28
2023 29
2024 28
2025 28
2026 28
2027 29
2028 29
2029 29
2030 29
2031 28
2032 28
2033 28
2034 29
2035 27
2036 28
2037 28
2038 29
2039 28
2040 29
2041 28
2042 28
2043 28
2044 27
2045 28
2046 29
2047 28
2048 28
2049 28
2050 28
2051 27
2052 29
2053 28
2054 29
2055 28
2056 28
2057 28
2058 29
2059 29
2060 29
2061 29
2062 29
2063 27
2064 29
2065 29
2066 29
2067 28
2068 28
2069 29
2070 28
2071 28
2072 28
2073 28
2074 28
2075 28
2076 28
2077 28
2078 29
2079 28
2080 29
2081 28
2082 29
2083 29
2084 28
2085 28
2086 27
2087 29
2088 29
2089 29
2090 28
2091 28
2092 28
2093 29
2094 28
2095 29
2096 27
2097 28
2098 28
2099 29
2100 29
2101 29
2102 28
2103 29
2104 28
2105 28
2106 28
2107 28
2108 28
2109 28
2110 29
2111 28
2112 29
2113 28
2114 29
2115 29
2116 28
2117 27
2118 28
2119 28
2120 29
2121 29
2122 28
2123 28
2124 28
2125 29
2126 28
2127 29
2128 28
2129 29
2130 28
2131 28
2132 28
2133 28
2134 27
2135 29
2136 29
2137 28
2138 27
2139 28
2140 28
2141 29
2142 28
2143 28
2144 29
2145 28
2146 29
2147 29
2148 28
2149 28
2150 28
2151 29
2152 27
2153 29
2154 28
2155 27
2156 29
2157 28
2158 28
2159 29
2160 29
2161 29
2162 28
2163 28
2164 28
2165 28
2166 29
2167 28
2168 28
2169 29
2170 29
2171 28
2172 28
2173 28
2174 29
2175 28
2176 28
2177 29
2178 29
2179 29
2180 29
2181 29
2182 28
2183 29
2184 29
2185 28
2186 28
2187 28
2188 28
2189 28
2190 28
2191 28
2192 28
2193 29
2194 28
2195 28
2196 28
2197 29
2198 28
2199 29
2200 28
2201 29
2202 29
2203 29
2204 29
2205 28
2206 29
2207 28
2208 28
2209 29
2210 28
2211 28
2212 28
2213 28
2214 28
2215 28
2216 29
2217 28
2218 28
2219 29
2220 29
2221 28
2222 29
2223 28
2224 28
2225 28
2226 28
2227 29
2228 28
2229 28
2230 29
2231 27
2232 28
2233 29
2234 28
2235 28
2236 28
2237 27
2238 29
2239 28
2240 28
2241 28
2242 28
2243 28
2244 28
2245 28
2246 29
2247 28
2248 28
2249 29
2250 28
2251 28
2252 29
2253 28
2254 29
2255 29
2256 29
2257 29
2258 29
2259 28
2260 28
2261 29
2262 29
2263 28
2264 28
2265 28
2266 28
2267 29
2268 29
2269 28
2270 29
2271 28
2272 28
2273 29
2274 28
2275 29
2276 29
2277 28
2278 29
2279 29
2280 28
2281 29
2282 28
2283 29
2284 29
2285 28
2286 28
2287 28
2288 28
2289 29
2290 28
2291 29
2292 28
2293 28
2294 28
2295 28
2296 29
2297 29
2298 28
2299 29
2300 28
2301 28
2302 29
2303 28
2304 28
2305 29
2306 28
2307 29
2308 29
2309 29
2310 29
2311 29
2312 28
2313 27
2314 28
2315 28
2316 28
2317 28
2318 28
2319 29
2320 28
2321 28
2322 28
2323 28
2324 29
2325 28
2326 28
2327 29
2328 28
2329 29
2330 29
2331 29
2332 29
2333 28
2334 28
2335 28
2336 28
2337 28
2338 28
2339 27
2340 28
2341 28
2342 27
2343 28
2344 29
2345 28
2346 29
2347 28
2348 29
2349 28
2350 28
2351 28
2352 28
2353 29
2354 29
2355 28
2356 28
2357 28
2358 29
2359 28
2360 29
2361 29
2362 28
2363 28
2364 28
2365 28
2366 28
2367 28
2368 29
2369 29
2370 29
2371 28
2372 29
2373 28
2374 28
2375 29
2376 28
2377 28
2378 28
2379 28
2380 29
2381 28
2382 29
2383 28
2384 28
2385 29
2386 28
2387 29
2388 29
2389 27
2390 28
2391 29
2392 28
2393 28
2394 29
2395 28
2396 29
2397 29
2398 29
2399 29
2400 28
2401 27
2402 28
2403 29
2404 29
2405 29
2406 29
2407 28
2408 29
2409 28
2410 29
2411 28
2412 29
2413 28
2414 29
2415 28
2416 29
2417 28
2418 29
2419 28
2420 29
2421 28
2422 29
2423 29
2424 28
2425 28
2426 29
2427 28
2428 28
2429 29
2430 29
2431 28
2432 28
2433 29
2434 29
2435 29
2436 28
2437 29
2438 28
2439 28
2440 28
2441 29
2442 29
2443 29
2444 28
2445 28
2446 28
2447 28
2448 29
2449 28
2450 28
2451 28
2452 28
2453 28
2454 28
2455 28
2456 28
2457 29
2458 28
2459 28
2460 28
2461 27
2462 28
2463 29
2464 29
2465 29
2466 28
2467 28
2468 28
2469 29
2470 28
2471 28
2472 29
2473 29
2474 28
2475 28
2476 28
2477 28
2478 29
2479 29
2480 29
2481 28
2482 27
2483 29
2484 27
2485 29
2486 29
2487 29
2488 28
2489 28
2490 29
2491 29
2492 28
2493 29
2494 28
2495 29
2496 29
2497 29
2498 29
2499 27
2500 28
2501 28
2502 29
2503 29
2504 28
2505 28
2506 28
2507 28
2508 29
2509 28
2510 27
2511 28
2512 27
2513 27
2514 28
2515 28
2516 29
2517 28
2518 27
2519 28
2520 28
2521 28
2522 27
2523 28
2524 28
2525 28
2526 29
2527 28
2528 28
2529 27
2530 29
2531 28
2532 28
2533 28
2534 28
2535 29
2536 28
2537 28
2538 28
2539 28
2540 29
2541 28
2542 28
2543 28
2544 28
2545 28
2546 28
2547 29
2548 29
2549 28
2550 29
2551 28
2552 28
2553 28
2554 28
2555 28
2556 28
2557 28
2558 28
2559 28
2560 29
2561 28
2562 28
2563 29
2564 28
2565 28
2566 28
2567 29
2568 28
2569 29
2570 27
2571 28
2572 29
2573 29
2574 29
2575 29
2576 28
2577 27
2578 28
2579 29
2580 29
2581 28
2582 28
2583 27
2584 29
2585 28
2586 29
2587 29
2588 28
2589 29
2590 28
2591 28
2592 28
2593 29
2594 29
2595 28
2596 28
2597 29
2598 28
2599 28
2600 28
2601 29
2602 28
2603 29
2604 29
2605 28
2606 28
2607 27
2608 28
2609 28
2610 29
2611 28
2612 28
2613 28
2614 28
2615 28
2616 28
2617 28
2618 29
2619 29
2620 29
2621 28
2622 28
2623 29
2624 29
2625 29
2626 28
2627 29
2628 28
2629 28
2630 29
2631 29
2632 29
2633 29
2634 28
2635 28
2636 29
2637 28
2638 28
2639 29
2640 28
2641 29
2642 27
2643 28
2644 28
2645 28
2646 28
2647 28
2648 28
2649 28
2650 28
2651 28
2652 28
2653 29
2654 28
2655 28
2656 27
2657 28
2658 28
2659 29
2660 28
2661 29
2662 29
2663 28
2664 28
2665 29
2666 29
2667 29
2668 27
2669 28
2670 28
2671 27
2672 28
2673 27
2674 27
2675 28
2676 29
2677 28
2678 29
2679 29
2680 28
2681 28
2682 29
2683 29
2684 27
2685 28
2686 28
2687 28
2688 29
2689 29
2690 29
2691 28
2692 29
2693 27
2694 29
2695 28
2696 27
2697 28
2698 28
2699 28
2700 28
2701 28
2702 28
2703 28
2704 28
2705 29
2706 29
2707 28
2708 28
2709 28
2710 28
2711 28
2712 28
2713 28
2714 28
2715 29
2716 27
2717 28
2718 29
2719 28
2720 28
2721 28
2722 28
2723 29
2724 28
2725 28
2726 28
2727 29
2728 28
2729 28
2730 28
2731 28
2732 29
2733 28
2734 28
2735 29
2736 28
2737 28
2738 28
2739 28
2740 28
2741 29
2742 28
2743 29
2744 28
2745 29
2746 28
2747 29
2748 29
2749 28
2750 28
2751 28
2752 29
2753 29
2754 28
2755 28
2756 27
2757 28
2758 28
2759 28
2760 29
2761 29
2762 27
2763 28
2764 28
2765 28
2766 29
2767 29
2768 29
2769 29
2770 28
2771 28
2772 28
2773 28
2774 28
2775 28
2776 28
2777 29
2778 28
2779 29
2780 29
2781 28
2782 29
2783 28
2784 28
2785 29
2786 28
2787 28
2788 28
2789 28
2790 29
2791 28
2792 27
2793 28
2794 28
2795 28
2796 28
2797 28
2798 28
2799 29
2800 28
2801 28
2802 27
2803 27
2804 28
2805 29
2806 29
2807 29
2808 28
2809 28
2810 28
2811 28
2812 29
2813 29
2814 29
2815 29
2816 29
2817 28
2818 28
2819 28
2820 28
2821 28
2822 29
2823 29
2824 28
2825 29
2826 29
2827 29
2828 28
2829 28
2830 28
2831 28
2832 29
2833 29
2834 29
2835 28
2836 29
2837 29
2838 29
2839 28
2840 28
2841 29
2842 28
2843 27
2844 29
2845 28
2846 28
2847 28
2848 28
2849 28
2850 28
2851 29
2852 28
2853 29
2854 28
2855 29
2856 28
2857 28
2858 28
2859 28
2860 28
2861 29
2862 28
2863 29
2864 29
2865 29
2866 28
2867 28
2868 28
2869 28
2870 28
2871 27
2872 28
2873 28
2874 28
2875 28
2876 29
2877 28
2878 28
2879 28
2880 29
2881 29
2882 28
2883 29
2884 28
2885 28
2886 28
2887 27
2888 28
2889 29
2890 29
2891 27
2892 29
2893 27
2894 29
2895 29
2896 29
2897 28
2898 28
2899 28
2900 28
2901 29
2902 28
2903 28
2904 29
2905 29
2906 28
2907 28
2908 28
2909 28
2910 28
2911 29
2912 28
2913 29
2914 29
2915 29
2916 28
2917 28
2918 28
2919 29
2920 28
2921 28
2922 28
2923 29
2924 29
2925 28
2926 28
2927 28
2928 28
2929 28
2930 29
2931 28
2932 28
2933 28
2934 28
2935 28
2936 28
2937 28
2938 28
2939 28
2940 27
2941 28
2942 28
2943 28
2944 29
2945 28
2946 29
2947 29
2948 28
2949 28
2950 28
2951 29
2952 28
2953 28
2954 28
2955 28
2956 28
2957 28
2958 28
2959 28
2960 27
2961 28
2962 29
2963 27
2964 28
2965 28
2966 27
2967 29
2968 29
2969 28
2970 29
2971 28
2972 29
2973 27
2974 28
2975 28
2976 29
2977 28
2978 29
2979 29
2980 29
2981 28
2982 28
2983 29
2984 29
2985 27
2986 28
2987 28
2988 28
2989 28
2990 29
2991 28
2992 29
2993 28
2994 28
2995 28
2996 29
2997 28
2998 28
2999 28
3000 28
3001 28
3002 29
3003 28
3004 28
3005 28
3006 27
3007 29
3008 28
3009 29
3010 28
3011 29
3012 28
3013 28
3014 29
3015 28
3016 28
3017 28
3018 28
3019 28
3020 29
3021 28
3022 29
3023 29
3024 28
3025 28
3026 28
3027 29
3028 29
3029 28
3030 29
3031 28
3032 29
3033 29
3034 28
3035 29
3036 29
3037 28
3038 28
3039 28
3040 28
3041 28
3042 28
3043 29
3044 28
3045 28
3046 28
3047 29
3048 27
3049 28
3050 29
3051 28
3052 28
3053 28
3054 29
3055 28
3056 28
3057 28
3058 28
3059 28
3060 28
3061 28
3062 28
3063 28
3064 28
3065 28
3066 29
3067 28
3068 29
3069 28
3070 29
3071 29
3072 29
3073 28
3074 29
3075 28
3076 28
3077 29
3078 29
3079 29
3080 28
3081 28
3082 29
3083 28
3084 29
3085 29
3086 28
3087 27
3088 28
3089 28
3090 29
3091 29
3092 28
3093 28
3094 28
3095 28
3096 28
3097 29
3098 28
3099 29
3100 29
3101 28
3102 29
3103 28
3104 29
3105 28
3106 28
3107 29
3108 28
3109 28
3110 29
3111 28
3112 29
3113 29
3114 28
3115 29
3116 28
3117 28
3118 29
3119 29
3120 28
3121 28
3122 28
3123 28
3124 28
3125 28
3126 28
3127 28
3128 28
3129 29
3130 29
3131 29
3132 28
3133 29
3134 28
3135 28
3136 29
3137 28
3138 28
3139 28
3140 29
3141 29
3142 27
3143 28
3144 29
3145 28
3146 27
3147 29
3148 28
3149 28
3150 28
3151 29
3152 28
3153 29
3154 28
3155 28
3156 29
3157 28
3158 29
3159 28
3160 28
3161 28
3162 28
3163 29
3164 28
3165 29
3166 27
3167 28
3168 29
3169 29
3170 28
3171 28
3172 28
3173 28
3174 28
3175 27
3176 29
3177 28
3178 29
3179 28
3180 28
3181 29
3182 29
3183 28
3184 28
3185 28
3186 29
3187 28
3188 28
3189 28
3190 28
3191 29
3192 29
3193 28
3194 29
3195 29
3196 27
3197 27
3198 29
3199 28
3200 29
3201 28
3202 28
3203 28
3204 29
3205 28
3206 28
3207 28
3208 28
3209 28
3210 29
3211 29
3212 29
3213 28
3214 29
3215 29
3216 29
3217 28
3218 29
3219 29
3220 28
3221 28
3222 29
3223 28
3224 28
3225 29
3226 29
3227 28
3228 29
3229 28
3230 29
3231 29
3232 28
3233 29
3234 28
3235 28
3236 28
3237 28
3238 27
3239 29
3240 27
3241 27
3242 29
3243 28
3244 28
3245 28
3246 29
3247 29
3248 29
3249 28
3250 28
3251 28
3252 28
3253 29
3254 28
3255 29
3256 28
3257 29
3258 28
3259 28
3260 29
3261 28
3262 28
3263 29
3264 29
3265 28
3266 27
3267 29
3268 28
3269 28
3270 28
3271 28
3272 28
3273 29
3274 28
3275 29
3276 28
3277 29
3278 29
3279 28
3280 28
3281 29
3282 29
3283 28
3284 29
3285 28
3286 28
3287 28
3288 28
3289 28
3290 29
3291 28
3292 28
3293 29
3294 27
3295 28
3296 27
3297 29
3298 28
3299 28
3300 29
3301 28
3302 29
3303 28
3304 28
3305 27
3306 28
3307 28
3308 28
3309 29
3310 28
3311 28
3312 29
3313 28
3314 28
3315 29
3316 28
3317 29
3318 29
3319 28
3320 28
3321 29
3322 28
3323 28
3324 29
3325 29
3326 28
3327 28
3328 28
3329 28
3330 29
3331 28
3332 29
3333 27
3334 28
3335 28
3336 29
3337 29
3338 28
3339 29
3340 29
3341 28
3342 28
3343 28
3344 29
3345 29
3346 28
3347 29
3348 28
3349 28
3350 29
3351 28
3352 28
3353 27
3354 29
3355 28
3356 29
3357 29
3358 28
3359 29
3360 28
3361 27
3362 29
3363 27
3364 27
3365 29
3366 28
3367 28
3368 29
3369 28
3370 27
3371 29
3372 29
3373 29
3374 29
3375 29
3376 28
3377 28
3378 28
3379 29
3380 29
3381 29
3382 28
3383 28
3384 28
3385 29
3386 28
3387 29
3388 28
3389 28
3390 27
3391 28
3392 29
3393 29
3394 29
3395 29
3396 27
3397 29
3398 29
3399 28
3400 28
3401 28
3402 29
3403 28
3404 28
3405 27
3406 28
3407 29
3408 28
3409 29
3410 29
3411 28
3412 27
3413 29
3414 29
3415 29
3416 28
3417 29
3418 29
3419 29
3420 28
3421 28
3422 28
3423 28
3424 29
3425 29
3426 29
3427 29
3428 28
3429 28
3430 27
3431 27
3432 28
3433 28
3434 28
3435 27
3436 29
3437 29
3438 29
3439 29
3440 28
3441 28
3442 28
3443 28
3444 28
3445 28
3446 29
3447 29
3448 28
3449 28
3450 28
3451 29
3452 28
3453 29
3454 29
3455 28
3456 28
3457 28
3458 29
3459 28
3460 29
3461 28
3462 27
3463 28
3464 29
3465 29
3466 28
3467 27
3468 29
3469 28
3470 29
3471 28
3472 28
3473 29
3474 29
3475 28
3476 28
3477 29
3478 28
3479 28
3480 28
3481 29
3482 29
3483 28
3484 28
3485 29
3486 29
3487 28
3488 29
3489 28
3490 28
3491 28
3492 27
3493 28
3494 28
3495 29
3496 28
3497 29
3498 27
3499 29
3500 27
3501 28
3502 28
3503 27
3504 29
3505 27
3506 28
3507 29
3508 28
3509 28
3510 28
3511 28
3512 28
3513 29
3514 28
3515 29
3516 29
3517 29
3518 29
3519 29
3520 29
3521 27
3522 28
3523 28
3524 28
3525 29
3526 29
3527 28
3528 29
3529 28
3530 29
3531 27
3532 28
3533 29
3534 28
3535 28
3536 29
3537 29
3538 28
3539 28
3540 29
3541 28
3542 29
3543 28
3544 28
3545 28
3546 27
3547 28
3548 28
3549 29
3550 28
3551 28
3552 29
3553 28
3554 28
3555 28
3556 28
3557 28
3558 28
3559 28
3560 28
3561 27
3562 27
3563 28
3564 28
3565 28
3566 28
3567 29
3568 28
3569 28
3570 29
3571 28
3572 28
3573 29
3574 29
3575 28
3576 29
3577 29
3578 29
3579 28
3580 27
3581 28
3582 28
3583 28
3584 28
3585 28
3586 29
3587 29
3588 29
3589 28
3590 28
3591 29
3592 29
3593 27
3594 28
3595 28
3596 29
3597 27
3598 28
3599 28
3600 29
3601 28
3602 29
3603 28
3604 28
3605 28
3606 29
3607 28
3608 28
3609 28
3610 29
3611 29
3612 29
3613 29
3614 29
3615 28
3616 27
3617 29
3618 28
3619 28
3620 29
3621 28
3622 29
3623 29
3624 29
3625 29
3626 29
3627 28
3628 28
3629 28
3630 28
3631 28
3632 28
3633 28
3634 28
3635 28
3636 29
3637 29
3638 28
3639 28
3640 28
3641 29
3642 28
3643 28
3644 28
3645 27
3646 28
3647 28
3648 28
3649 27
3650 28
3651 29
3652 29
3653 28
3654 28
3655 28
3656 29
3657 27
3658 28
3659 28
3660 27
3661 28
3662 29
3663 27
3664 28
3665 28
3666 29
3667 29
3668 28
3669 29
3670 29
3671 29
3672 28
3673 29
3674 29
3675 28
3676 28
3677 28
3678 28
3679 28
3680 29
3681 28
3682 29
3683 28
3684 27
3685 28
3686 28
3687 29
3688 28
3689 29
3690 28
3691 28
3692 28
3693 28
3694 28
3695 28
3696 29
3697 29
3698 28
3699 28
3700 29
3701 29
3702 29
3703 28
3704 29
3705 29
3706 28
3707 28
3708 29
3709 29
3710 28
3711 28
3712 29
3713 28
3714 27
3715 29
3716 29
3717 27
3718 28
3719 28
3720 29
3721 28
3722 28
3723 28
3724 27
3725 29
3726 29
3727 28
3728 28
3729 28
3730 27
3731 28
3732 28
3733 28
3734 28
3735 28
3736 28
3737 28
3738 28
3739 28
3740 29
3741 29
3742 28
3743 28
3744 28
3745 28
3746 29
3747 29
3748 29
3749 28
3750 29
3751 29
3752 28
3753 28
3754 28
3755 28
3756 28
3757 28
3758 28
3759 28
3760 29
3761 29
3762 27
3763 29
3764 28
3765 28
3766 29
3767 29
3768 29
3769 29
3770 28
3771 28
3772 29
3773 29
3774 28
3775 28
3776 29
3777 28
3778 29
3779 28
3780 28
3781 28
3782 29
3783 29
3784 28
3785 28
3786 29
3787 29
3788 29
3789 28
3790 28
3791 28
3792 29
3793 28
3794 27
3795 29
3796 28
3797 29
3798 28
3799 28
3800 28
3801 28
3802 29
3803 29
3804 28
3805 28
3806 28
3807 29
3808 28
3809 28
3810 28
3811 28
3812 27
3813 28
3814 28
3815 28
3816 28
3817 28
3818 29
3819 29
3820 29
3821 27
3822 28
3823 28
3824 29
3825 28
3826 28
3827 29
3828 28
3829 28
3830 28
3831 28
3832 29
3833 28
3834 28
3835 28
3836 28
3837 28
3838 29
3839 29
3840 28
3841 29
3842 28
3843 28
3844 27
3845 28
3846 28
3847 28
3848 28
3849 29
3850 29
3851 28
3852 28
3853 28
3854 29
3855 29
3856 28
3857 28
3858 28
3859 29
3860 28
3861 28
3862 29
3863 28
3864 27
3865 29
3866 29
3867 29
3868 29
3869 28
3870 28
3871 29
3872 29
3873 28
3874 29
3875 29
3876 28
3877 29
3878 28
3879 29
3880 29
3881 29
3882 28
3883 28
3884 29
3885 29
3886 29
3887 28
3888 29
3889 29
3890 28
3891 29
3892 28
3893 28
3894 28
3895 28
3896 29
3897 28
3898 29
3899 29
3900 28
3901 27
3902 29
3903 29
3904 28
3905 28
3906 28
3907 29
3908 28
3909 29
3910 29
3911 28
3912 28
3913 28
3914 28
3915 28
3916 29
3917 29
3918 28
3919 29
3920 28
3921 28
3922 28
3923 28
3924 28
3925 29
3926 28
3927 29
3928 28
3929 29
3930 29
3931 27
3932 29
3933 28
3934 29
3935 29
3936 28
3937 28
3938 28
3939 28
3940 28
3941 29
3942 28
3943 28
3944 28
3945 29
3946 29
3947 29
3948 29
3949 28
3950 28
3951 28
3952 29
3953 28
3954 28
3955 29
3956 27
3957 29
3958 28
3959 28
3960 28
3961 29
3962 29
3963 28
3964 28
3965 29
3966 28
3967 28
3968 28
3969 27
3970 28
3971 28
3972 29
3973 29
3974 29
3975 29
3976 29
3977 28
3978 27
3979 27
3980 28
3981 28
3982 29
3983 28
3984 29
3985 28
3986 28
3987 28
3988 28
3989 28
3990 28
3991 28
3992 28
3993 29
3994 28
3995 28
3996 29
3997 29
3998 29
3999 28
4000 29
4001 28
4002 28
4003 28
4004 28
4005 29
4006 28
4007 29
4008 28
4009 28
4010 28
4011 29
4012 28
4013 29
4014 28
4015 28
4016 29
4017 28
4018 28
4019 28
4020 29
4021 29
4022 29
4023 28
4024 28
4025 28
4026 28
4027 28
4028 29
4029 29
4030 29
4031 28
4032 29
4033 28
4034 29
4035 28
4036 28
4037 29
4038 29
4039 28
4040 29
4041 28
4042 29
4043 29
4044 29
4045 29
4046 27
4047 28
4048 28
4049 28
4050 29
4051 28
4052 28
4053 28
4054 28
4055 28
4056 29
4057 28
4058 29
4059 29
4060 29
4061 29
4062 28
4063 28
4064 28
4065 28
4066 29
4067 28
4068 29
4069 28
4070 29
4071 29
4072 28
4073 28
4074 29
4075 28
4076 28
4077 29
4078 29
4079 29
4080 28
4081 28
4082 29
4083 29
4084 29
4085 28
4086 28
4087 29
4088 28
4089 29
4090 28
4091 27
4092 28
4093 29
4094 28
4095 28
4096 29
4097 29
4098 29
4099 28
4100 28
4101 28
4102 28
4103 29
4104 29
4105 28
4106 29
4107 28
4108 28
4109 28
4110 29
4111 29
4112 28
4113 29
4114 28
4115 28
4116 28
4117 27
4118 28
4119 28
4120 28
4121 29
4122 28
4123 28
4124 29
4125 28
4126 28
4127 28
4128 28
4129 28
4130 28
4131 29
4132 28
4133 28
4134 28
4135 28
4136 28
4137 28
4138 29
4139 29
4140 28
4141 28
4142 28
4143 29
4144 29
4145 28
4146 29
4147 28
4148 29
4149 29
4150 28
4151 27
4152 28
4153 28
4154 29
4155 29
4156 29
4157 27
4158 29
4159 28
4160 29
4161 28
4162 28
4163 28
4164 28
4165 29
4166 28
4167 29
4168 28
4169 28
4170 29
4171 28
4172 29
4173 28
4174 29
4175 28
4176 29
4177 28
4178 28
4179 28
4180 28
4181 29
4182 28
4183 29
4184 29
4185 27
4186 28
4187 28
4188 28
4189 28
4190 29
4191 29
4192 29
4193 29
4194 28
4195 28
4196 28
4197 28
4198 28
4199 29
4200 29
4201 28
4202 29
4203 29
4204 28
4205 27
4206 29
4207 29
4208 28
4209 28
4210 28
4211 28
4212 28
4213 28
4214 29
4215 29
4216 28
4217 28
4218 29
4219 29
4220 28
4221 29
4222 28
4223 28
4224 28
4225 29
4226 28
4227 29
4228 28
4229 28
4230 28
4231 28
4232 28
4233 28
4234 28
4235 29
4236 28
4237 29
4238 28
4239 29
4240 28
4241 28
4242 29
4243 27
4244 28
4245 27
4246 28
4247 28
4248 28
4249 28
4250 28
4251 29
4252 28
4253 28
4254 28
4255 28
4256 29
4257 28
4258 29
4259 28
4260 28
4261 28
4262 28
4263 28
4264 28
4265 28
4266 28
4267 27
4268 29
4269 28
4270 27
4271 28
4272 28
4273 29
4274 28
4275 28
4276 28
4277 29
4278 28
4279 28
4280 29
4281 28
4282 28
4283 29
4284 29
4285 28
4286 28
4287 28
4288 28
4289 29
4290 28
4291 29
4292 27
4293 29
4294 28
4295 28
4296 28
4297 27
4298 29
4299 28
4300 28
4301 28
4302 29
4303 28
4304 28
4305 27
4306 29
4307 28
4308 28
4309 28
4310 29
4311 28
4312 29
4313 28
4314 28
4315 28
4316 28
4317 28
4318 28
4319 28
4320 29
4321 29
4322 28
4323 28
4324 29
4325 28
4326 29
4327 27
4328 28
4329 29
4330 29
4331 28
4332 28
4333 28
4334 28
4335 29
4336 28
4337 29
4338 28
4339 28
4340 28
4341 29
4342 28
4343 28
4344 28
4345 28
4346 28
4347 28
4348 29
4349 28
4350 28
4351 28
4352 28
4353 28
4354 29
4355 29
4356 29
4357 29
4358 29
4359 29
4360 29
4361 29
4362 28
4363 29
4364 29
4365 28
4366 28
4367 29
4368 29
4369 28
4370 28
4371 29
4372 28
4373 28
4374 28
4375 29
4376 28
4377 28
4378 29
4379 29
4380 28
4381 28
4382 29
4383 28
4384 29
4385 28
4386 28
4387 29
4388 28
4389 28
4390 28
4391 29
4392 28
4393 28
4394 29
4395 28
4396 29
4397 28
4398 29
4399 28
4400 28
4401 29
4402 28
4403 29
4404 28
4405 29
4406 29
4407 29
4408 28
4409 27
4410 29
4411 28
4412 28
4413 29
4414 29
4415 28
4416 28
4417 28
4418 29
4419 28
4420 28
4421 28
4422 28
4423 28
4424 28
4425 29
4426 28
4427 29
4428 29
4429 28
4430 27
4431 28
4432 28
4433 27
4434 29
4435 28
4436 28
4437 28
4438 28
4439 28
4440 28
4441 29
4442 28
4443 27
4444 28
4445 28
4446 28
4447 29
4448 28
4449 29
4450 29
4451 29
4452 28
4453 28
4454 29
4455 28
4456 28
4457 29
4458 28
4459 28
4460 28
4461 29
4462 28
4463 28
4464 27
4465 29
4466 29
4467 28
4468 28
4469 28
4470 28
4471 29
4472 29
4473 28
4474 29
4475 28
4476 29
4477 29
4478 29
4479 29
4480 28
4481 29
4482 28
4483 28
4484 29
4485 29
4486 29
4487 28
4488 28
4489 28
4490 28
4491 28
4492 28
4493 29
4494 28
4495 28
4496 28
4497 29
4498 28
4499 28
4500 28
4501 28
4502 28
4503 29
4504 28
4505 28
4506 29
4507 28
4508 28
4509 28
4510 29
4511 29
4512 29
4513 28
4514 27
4515 29
4516 29
4517 29
4518 29
4519 28
4520 29
4521 29
4522 28
4523 28
4524 28
4525 29
4526 28
4527 28
4528 29
4529 29
4530 28
4531 28
4532 28
4533 28
4534 29
4535 28
4536 29
4537 28
4538 27
4539 27
4540 29
4541 27
4542 29
4543 29
4544 28
4545 28
4546 29
4547 29
4548 28
4549 29
4550 29
4551 29
4552 29
4553 28
4554 28
4555 29
4556 29
4557 28
4558 28
4559 29
4560 28
4561 28
4562 28
4563 28
4564 28
4565 28
4566 29
4567 29
4568 29
4569 29
4570 28
4571 28
4572 28
4573 29
4574 29
4575 27
4576 29
4577 28
4578 27
4579 29
4580 28
4581 28
4582 28
4583 28
4584 29
4585 28
4586 28
4587 28
4588 29
4589 28
4590 29
4591 28
4592 28
4593 28
4594 29
4595 29
4596 29
4597 29
4598 27
4599 28
4600 29
4601 28
4602 29
4603 29
4604 27
4605 28
4606 28
4607 28
4608 28
4609 29
4610 28
4611 28
4612 28
4613 28
4614 28
4615 28
4616 29
4617 29
4618 28
4619 29
4620 29
4621 28
4622 29
4623 29
4624 28
4625 28
4626 29
4627 28
4628 29
4629 29
4630 28
4631 28
4632 28
4633 28
4634 29
4635 28
4636 28
4637 28
4638 27
4639 29
4640 29
4641 28
4642 28
4643 27
4644 28
4645 28
4646 27
4647 29
4648 29
4649 28
4650 28
4651 28
4652 28
4653 28
4654 29
4655 28
4656 29
4657 28
4658 28
4659 29
4660 29
4661 29
4662 29
4663 28
4664 28
4665 29
4666 29
4667 29
4668 28
4669 27
4670 28
4671 29
4672 29
4673 28
4674 28
4675 28
4676 28
4677 29
4678 29
4679 28
4680 28
4681 29
4682 28
4683 28
4684 27
4685 27
4686 28
4687 28
4688 27
4689 28
4690 28
4691 29
4692 28
4693 28
4694 29
4695 29
4696 28
4697 28
4698 28
4699 28
4700 29
4701 29
4702 28
4703 28
4704 28
4705 28
4706 29
4707 28
4708 27
4709 29
4710 28
4711 28
4712 29
4713 29
4714 27
4715 29
4716 28
4717 28
4718 29
4719 28
4720 28
4721 28
4722 28
4723 28
4724 28
4725 28
4726 29
4727 28
4728 28
4729 28
4730 28
4731 28
4732 29
4733 29
4734 29
4735 27
4736 28
4737 29
4738 28
4739 28
4740 28
4741 28
4742 28
4743 28
4744 28
4745 28
4746 29
4747 28
4748 29
4749 29
4750 28
4751 28
4752 28
4753 29
4754 27
4755 29
4756 29
4757 28
4758 27
4759 28
4760 29
4761 28
4762 28
4763 28
4764 28
4765 29
4766 28
4767 29
4768 29
4769 28
4770 28
4771 27
4772 28
4773 29
4774 28
4775 27
4776 29
4777 29
4778 29
4779 29
4780 29
4781 28
4782 29
4783 29
4784 28
4785 29
4786 28
4787 28
4788 29
4789 29
4790 28
4791 28
4792 29
4793 28
4794 28
4795 28
4796 29
4797 29
4798 29
4799 28
4800 28
4801 27
4802 28
4803 28
4804 27
4805 28
4806 28
4807 29
4808 28
4809 28
4810 28
4811 28
4812 29
4813 28
4814 28
4815 27
4816 27
4817 28
4818 28
4819 28
4820 28
4821 28
4822 28
4823 29
4824 28
4825 28
4826 28
4827 29
4828 29
4829 28
4830 28
4831 29
4832 29
4833 28
4834 28
4835 29
4836 29
4837 29
4838 28
4839 28
4840 28
4841 28
4842 29
4843 29
4844 28
4845 27
4846 28
4847 29
4848 28
4849 28
4850 28
4851 28
4852 29
4853 28
4854 28
4855 28
4856 28
4857 28
4858 28
4859 28
4860 29
4861 27
4862 28
4863 27
4864 28
4865 28
4866 27
4867 28
4868 27
4869 29
4870 28
4871 28
4872 29
4873 28
4874 28
4875 29
4876 28
4877 28
4878 29
4879 29
4880 29
4881 27
4882 28
4883 29
4884 28
4885 29
4886 28
4887 28
4888 28
4889 27
4890 29
4891 28
4892 28
4893 28
4894 29
4895 28
4896 29
4897 28
4898 28
4899 29
4900 29
4901 27
4902 28
4903 28
4904 29
4905 29
4906 29
4907 29
4908 28
4909 27
4910 29
4911 28
4912 29
4913 28
4914 28
4915 29
4916 28
4917 28
4918 28
4919 28
4920 29
4921 28
4922 29
4923 28
4924 28
4925 27
4926 29
4927 28
4928 29
4929 28
4930 28
4931 29
4932 29
4933 29
4934 29
4935 28
4936 28
4937 28
4938 28
4939 27
4940 29
4941 28
4942 29
4943 28
4944 29
4945 28
4946 29
4947 28
4948 28
4949 28
4950 28
4951 28
4952 29
4953 28
4954 28
4955 28
4956 28
4957 28
4958 29
4959 28
4960 29
4961 28
4962 29
4963 29
4964 27
4965 28
4966 27
4967 27
4968 29
4969 29
4970 28
4971 28
4972 29
4973 28
4974 29
4975 29
4976 28
4977 28
4978 28
4979 28
4980 29
4981 28
4982 27
4983 28
4984 28
4985 29
4986 27
4987 28
4988 28
4989 29
4990 28
4991 28
4992 29
4993 28
4994 28
4995 29
4996 29
4997 28
4998 29
4999 28
5000 28
5001 28
5002 29
5003 29
5004 29
5005 29
5006 28
5007 29
5008 28
5009 29
5010 29
5011 28
5012 28
5013 28
5014 28
5015 28
5016 29
5017 27
5018 27
5019 28
5020 28
5021 28
5022 29
5023 28
5024 28
5025 28
5026 28
5027 29
5028 28
5029 29
5030 28
5031 29
5032 28
5033 29
5034 28
5035 28
5036 29
5037 28
5038 29
5039 28
5040 28
5041 28
5042 29
5043 28
5044 28
5045 28
5046 28
5047 28
5048 29
5049 28
5050 29
5051 29
5052 29
5053 28
5054 28
5055 28
5056 29
5057 28
5058 28
5059 29
5060 28
5061 27
5062 29
5063 28
5064 28
5065 29
5066 28
5067 29
5068 28
5069 28
5070 28
5071 28
5072 29
5073 28
5074 28
5075 28
5076 29
5077 29
5078 28
5079 28
5080 28
5081 28
5082 28
5083 29
5084 29
5085 28
5086 27
5087 28
5088 28
5089 29
5090 29
5091 28
5092 28
5093 29
5094 28
5095 28
5096 29
5097 29
5098 28
5099 28
5100 29
5101 28
5102 29
5103 28
5104 29
5105 29
5106 29
5107 29
5108 28
5109 28
5110 28
5111 29
5112 28
5113 28
5114 28
5115 28
5116 28
5117 28
5118 28
5119 28
5120 29
5121 29
5122 29
5123 28
5124 29
5125 28
5126 29
5127 28
5128 27
5129 29
5130 28
5131 28
5132 28
5133 27
5134 28
5135 27
5136 29
5137 28
5138 29
5139 29
5140 28
5141 28
5142 29
5143 27
5144 29
5145 29
5146 28
5147 28
5148 29
5149 28
5150 28
5151 28
5152 28
5153 29
5154 29
5155 28
5156 29
5157 28
5158 28
5159 29
5160 29
5161 28
5162 28
5163 28
5164 28
5165 29
5166 28
5167 28
5168 28
5169 28
5170 28
5171 29
5172 28
5173 29
5174 28
5175 29
5176 28
5177 28
5178 28
5179 28
5180 28
5181 28
5182 28
5183 28
5184 28
5185 28
5186 28
5187 28
5188 28
5189 29
5190 28
5191 29
5192 28
5193 28
5194 28
5195 28
5196 29
5197 28
5198 28
5199 28
5200 28
5201 28
5202 28
5203 29
5204 28
5205 28
5206 28
5207 29
5208 28
5209 28
5210 27
5211 29
5212 28
5213 28
5214 28
5215 28
5216 28
5217 28
5218 28
5219 29
5220 28
5221 29
5222 28
5223 28
5224 29
5225 29
5226 27
5227 28
5228 29
5229 29
5230 28
5231 28
5232 29
5233 28
5234 28
5235 28
5236 29
5237 28
5238 28
5239 28
5240 28
5241 29
5242 29
5243 28
5244 28
5245 28
5246 28
5247 28
5248 28
5249 28
5250 27
5251 27
5252 28
5253 29
5254 28
5255 27
5256 28
5257 27
5258 29
5259 29
5260 29
5261 29
5262 28
5263 28
5264 28
5265 29
5266 28
5267 28
5268 28
5269 28
5270 29
5271 27
5272 29
5273 29
5274 29
5275 29
5276 29
5277 28
5278 28
5279 29
5280 29
5281 28
5282 29
5283 29
5284 28
5285 28
5286 28
5287 27
5288 27
5289 28
5290 28
5291 28
5292 28
5293 27
5294 28
5295 28
5296 29
5297 29
5298 28
5299 27
5300 29
5301 27
5302 27
5303 29
5304 28
5305 28
5306 29
5307 28
5308 28
5309 28
5310 28
5311 28
5312 28
5313 29
5314 28
5315 29
5316 29
5317 28
5318 27
5319 28
5320 28
5321 29
5322 27
5323 28
5324 27
5325 28
5326 28
5327 28
5328 29
5329 29
5330 29
5331 28
5332 29
5333 28
5334 29
5335 28
5336 29
5337 29
5338 28
5339 28
5340 28
5341 28
5342 28
5343 28
5344 28
5345 28
5346 27
5347 28
5348 28
5349 28
5350 28
5351 29
5352 28
5353 29
5354 29
5355 28
5356 28
5357 28
5358 29
5359 29
5360 29
5361 28
5362 29
5363 28
5364 28
5365 28
5366 29
5367 28
5368 26
5369 28
5370 28
5371 28
5372 28
5373 28
5374 28
5375 28
5376 29
5377 28
5378 27
5379 29
5380 28
5381 28
5382 28
5383 27
5384 29
5385 28
5386 28
5387 28
5388 29
5389 29
5390 28
5391 28
5392 29
5393 28
5394 27
5395 28
5396 29
5397 28
5398 28
5399 28
5400 28
5401 27
5402 29
5403 28
5404 28
5405 28
5406 28
5407 28
5408 29
5409 29
5410 28
5411 29
5412 29
5413 29
5414 29
5415 29
5416 28
5417 28
5418 28
5419 27
5420 28
5421 28
5422 28
5423 29
5424 29
5425 27
5426 28
5427 28
5428 28
5429 28
5430 28
5431 29
5432 27
5433 29
5434 29
5435 29
5436 28
5437 29
5438 28
5439 28
5440 28
5441 28
5442 29
5443 28
5444 29
5445 28
5446 28
5447 28
5448 28
5449 27
5450 28
5451 28
5452 28
5453 27
5454 29
5455 29
5456 28
5457 29
5458 28
5459 27
5460 28
5461 27
5462 29
5463 28
5464 29
5465 28
5466 28
5467 27
5468 28
5469 28
5470 28
5471 27
5472 28
5473 28
5474 29
5475 28
5476 28
5477 28
5478 28
5479 28
5480 28
5481 29
5482 28
5483 28
5484 29
5485 29
5486 28
5487 29
5488 28
5489 28
5490 28
5491 28
5492 29
5493 28
5494 29
5495 28
5496 29
5497 28
5498 29
5499 29
5500 29
5501 28
5502 29
5503 28
5504 27
5505 28
5506 29
5507 28
5508 29
5509 29
5510 28
5511 29
5512 27
5513 27
5514 28
5515 28
5516 28
5517 28
5518 29
5519 28
5520 29
5521 28
5522 29
5523 28
5524 28
5525 29
5526 29
5527 29
5528 28
5529 27
5530 29
5531 28
5532 28
5533 28
5534 28
5535 29
5536 29
5537 29
5538 28
5539 28
5540 29
5541 27
5542 29
5543 28
5544 28
5545 28
5546 28
5547 29
5548 28
5549 29
5550 28
5551 29
5552 29
5553 28
5554 29
5555 28
5556 29
5557 29
5558 28
5559 29
5560 27
5561 28
5562 28
5563 28
5564 29
5565 28
5566 28
5567 28
5568 27
5569 27
5570 28
5571 28
5572 28
5573 28
5574 29
5575 29
5576 29
5577 29
5578 28
5579 29
5580 29
5581 27
5582 28
5583 29
5584 29
5585 29
5586 28
5587 28
5588 29
5589 28
5590 29
5591 28
5592 28
5593 27
5594 27
5595 29
5596 28
5597 29
5598 29
5599 28
5600 29
5601 28
5602 28
5603 28
5604 29
5605 28
5606 29
5607 29
5608 28
5609 29
5610 29
5611 28
5612 28
5613 29
5614 29
5615 28
5616 29
5617 28
5618 28
5619 29
5620 28
5621 29
5622 28
5623 28
5624 28
5625 28
5626 29
5627 28
5628 28
5629 28
5630 29
5631 29
5632 29
5633 29
5634 28
5635 28
5636 29
5637 28
5638 28
5639 29
5640 29
5641 29
5642 29
5643 27
5644 28
5645 28
5646 27
5647 28
5648 28
5649 29
5650 28
5651 28
5652 29
5653 29
5654 28
5655 29
5656 28
5657 28
5658 28
5659 28
5660 29
5661 27
5662 27
5663 28
5664 29
5665 28
5666 28
5667 28
5668 28
5669 28
5670 29
5671 28
5672 28
5673 27
5674 28
5675 29
5676 28
5677 28
5678 28
5679 28
5680 28
5681 29
5682 28
5683 29
5684 28
5685 27
5686 29
5687 28
5688 29
5689 28
5690 28
5691 29
5692 28
5693 28
5694 28
5695 29
5696 28
5697 28
5698 28
5699 29
5700 28
5701 28
5702 29
5703 29
5704 28
5705 28
5706 29
5707 29
5708 29
5709 27
5710 29
5711 27
5712 28
5713 28
5714 28
5715 28
5716 29
5717 29
5718 28
5719 28
5720 28
5721 28
5722 28
5723 28
5724 29
5725 29
5726 28
5727 29
5728 27
5729 28
5730 28
5731 27
5732 29
5733 28
5734 28
5735 28
5736 29
5737 28
5738 28
5739 28
5740 28
5741 29
5742 28
5743 29
5744 29
5745 29
5746 28
5747 28
5748 28
5749 28
5750 29
5751 28
5752 28
5753 29
5754 28
5755 29
5756 28
5757 27
5758 28
5759 27
5760 28
5761 28
5762 28
5763 28
5764 28
5765 29
5766 27
5767 28
5768 29
5769 29
5770 29
5771 27
5772 28
5773 29
5774 29
5775 29
5776 28
5777 28
5778 28
5779 28
5780 28
5781 28
5782 27
5783 28
5784 29
5785 28
5786 29
5787 28
5788 28
5789 28
5790 28
5791 28
5792 29
5793 29
5794 28
5795 29
5796 29
5797 28
5798 29
5799 29
5800 28
5801 28
5802 28
5803 29
5804 28
5805 28
5806 28
5807 29
5808 29
5809 29
5810 29
5811 28
5812 29
5813 29
5814 29
5815 29
5816 28
5817 28
5818 28
5819 28
5820 29
5821 28
5822 28
5823 28
5824 28
5825 29
5826 28
5827 29
5828 29
5829 28
5830 28
5831 28
5832 29
5833 28
5834 28
5835 28
5836 28
5837 28
5838 28
5839 29
5840 28
5841 28
5842 29
5843 29
5844 29
5845 28
5846 28
5847 28
5848 28
5849 29
5850 29
5851 28
5852 29
5853 29
5854 29
5855 28
5856 29
5857 27
5858 28
5859 27
5860 28
5861 29
5862 28
5863 29
5864 29
5865 29
5866 28
5867 28
5868 28
5869 28
5870 28
5871 28
5872 28
5873 29
5874 28
5875 29
5876 28
5877 28
5878 29
5879 28
5880 29
5881 29
5882 28
5883 28
5884 27
5885 28
5886 28
5887 29
5888 29
5889 28
5890 28
5891 28
5892 29
5893 28
5894 29
5895 28
5896 28
5897 27
5898 28
5899 28
5900 28
5901 29
5902 29
5903 28
5904 29
5905 27
5906 28
5907 29
5908 28
5909 28
5910 29
5911 28
5912 28
5913 29
5914 29
5915 28
5916 29
5917 28
5918 28
5919 28
5920 29
5921 29
5922 29
5923 28
5924 28
5925 27
5926 28
5927 28
5928 28
5929 29
5930 29
5931 29
5932 29
5933 29
5934 28
5935 28
5936 28
5937 29
5938 29
5939 28
5940 29
5941 29
5942 28
5943 29
5944 28
5945 28
5946 29
5947 28
5948 28
5949 28
5950 29
5951 29
5952 28
5953 28
5954 28
5955 28
5956 29
5957 29
5958 28
5959 28
5960 28
5961 29
5962 28
5963 28
5964 28
5965 28
5966 29
5967 29
5968 29
5969 28
5970 28
5971 28
5972 28
5973 27
5974 29
5975 28
5976 28
5977 28
5978 29
5979 29
5980 27
5981 28
5982 29
5983 28
5984 28
5985 29
5986 27
5987 27
5988 28
5989 27
5990 29
5991 28
5992 28
5993 27
5994 28
5995 28
5996 28
5997 29
5998 28
5999 28
6000 29
6001 28
6002 28
6003 27
6004 28
6005 28
6006 28
6007 28
6008 27
6009 29
6010 28
6011 28
6012 29
6013 28
6014 28
6015 28
6016 28
6017 29
6018 28
6019 27
6020 29
6021 28
6022 27
6023 29
6024 29
6025 29
6026 29
6027 28
6028 28
6029 28
6030 28
6031 28
6032 28
6033 28
6034 27
6035 27
6036 29
6037 28
6038 28
6039 27
6040 28
6041 29
6042 28
6043 28
6044 28
6045 28
6046 28
6047 28
6048 28
6049 29
6050 28
6051 28
6052 28
6053 28
6054 28
6055 28
6056 29
6057 28
6058 29
6059 28
6060 28
6061 28
6062 27
6063 28
6064 29
6065 28
6066 29
6067 28
6068 29
6069 29
6070 29
6071 28
6072 28
6073 28
6074 29
6075 29
6076 29
6077 29
6078 28
6079 28
6080 29
6081 29
6082 29
6083 28
6084 29
6085 29
6086 28
6087 28
6088 28
6089 28
6090 28
6091 28
6092 28
6093 29
6094 29
6095 28
6096 28
6097 28
6098 28
6099 27
6100 29
6101 29
6102 28
6103 29
6104 28
6105 29
6106 29
6107 29
6108 29
6109 28
6110 28
6111 27
6112 28
6113 29
6114 28
6115 28
6116 29
6117 28
6118 28
6119 29
6120 29
6121 28
6122 27
6123 27
6124 28
6125 29
6126 29
6127 29
6128 29
6129 28
6130 28
6131 29
6132 28
6133 29
6134 28
6135 29
6136 28
6137 29
6138 28
6139 28
6140 28
6141 28
6142 28
6143 27
6144 27
6145 29
6146 28
6147 28
6148 29
6149 28
6150 28
6151 28
6152 29
6153 28
6154 28
6155 28
6156 29
6157 27
6158 28
6159 29
6160 28
6161 29
6162 28
6163 27
6164 28
6165 29
6166 29
6167 28
6168 29
6169 29
6170 28
6171 29
6172 29
6173 28
6174 28
6175 28
6176 28
6177 29
6178 28
6179 29
6180 29
6181 28
6182 29
6183 29
6184 29
6185 28
6186 28
6187 28
6188 28
6189 28
6190 28
6191 29
6192 28
6193 28
6194 28
6195 29
6196 28
6197 28
6198 28
6199 27
6200 28
6201 27
6202 28
6203 28
6204 29
6205 28
6206 28
6207 28
6208 29
6209 28
6210 28
6211 29
6212 28
6213 29
6214 28
6215 28
6216 27
6217 28
6218 28
6219 29
6220 28
6221 28
6222 28
6223 28
6224 29
6225 29
6226 29
6227 29
6228 27
6229 28
6230 28
6231 28
6232 29
6233 29
6234 29
6235 29
6236 29
6237 29
6238 28
6239 29
6240 28
6241 27
6242 28
6243 28
6244 29
6245 28
6246 28
6247 27
6248 29
6249 29
6250 28
6251 29
6252 28
6253 28
6254 28
6255 28
6256 28
6257 27
6258 29
6259 28
6260 28
6261 28
6262 28
6263 29
6264 29
6265 29
6266 28
6267 28
6268 28
6269 29
6270 28
6271 29
6272 29
6273 29
6274 28
6275 29
6276 28
6277 28
6278 29
6279 29
6280 29
6281 28
6282 27
6283 28
6284 28
6285 28
6286 28
6287 29
6288 29
6289 28
6290 28
6291 29
6292 28
6293 29
6294 28
6295 29
6296 29
6297 29
6298 29
6299 28
6300 29
6301 28
6302 28
6303 28
6304 29
6305 29
6306 28
6307 29
6308 28
6309 28
6310 29
6311 29
6312 29
6313 28
6314 29
6315 27
6316 29
6317 29
6318 29
6319 27
6320 29
6321 29
6322 29
6323 28
6324 28
6325 28
6326 27
6327 29
6328 29
6329 28
6330 28
6331 28
6332 28
6333 29
6334 28
6335 28
6336 28
6337 28
6338 28
6339 28
6340 29
6341 28
6342 28
6343 28
6344 29
6345 28
6346 29
6347 29
6348 28
6349 28
6350 29
6351 29
6352 28
6353 28
6354 28
6355 28
6356 28
6357 28
6358 28
6359 28
6360 29
6361 27
6362 28
6363 28
6364 29
6365 28
6366 29
6367 28
6368 29
6369 29
6370 28
6371 28
6372 28
6373 28
6374 28
6375 29
6376 27
6377 28
6378 29
6379 28
6380 29
6381 29
6382 29
6383 29
6384 28
6385 29
6386 28
6387 28
6388 28
6389 28
6390 28
6391 28
6392 29
6393 29
6394 28
6395 29
6396 28
6397 28
6398 28
6399 28
6400 27
6401 29
6402 28
6403 29
6404 27
6405 28
6406 29
6407 28
6408 28
6409 28
6410 28
6411 29
6412 28
6413 28
6414 29
6415 29
6416 28
6417 28
6418 28
6419 28
6420 28
6421 28
6422 28
6423 28
6424 28
6425 29
6426 28
6427 29
6428 29
6429 28
6430 28
6431 28
6432 28
6433 28
6434 28
6435 28
6436 29
6437 28
6438 27
6439 28
6440 28
6441 29
6442 28
6443 29
6444 28
6445 28
6446 28
6447 27
6448 29
6449 28
6450 28
6451 28
6452 29
6453 28
6454 29
6455 28
6456 29
6457 29
6458 28
6459 28
6460 29
6461 29
6462 29
6463 29
6464 28
6465 29
6466 29
6467 28
6468 27
6469 29
6470 28
6471 28
6472 28
6473 29
6474 29
6475 28
6476 28
6477 28
6478 29
6479 29
6480 28
6481 29
6482 29
6483 28
6484 29
6485 29
6486 28
6487 28
6488 28
6489 28
6490 29
6491 28
6492 28
6493 29
6494 28
6495 29
6496 28
6497 28
6498 28
6499 29
6500 28
6501 29
6502 29
6503 29
6504 28
6505 29
6506 28
6507 29
6508 27
6509 29
6510 28
6511 28
6512 29
6513 28
6514 28
6515 28
6516 28
6517 28
6518 28
6519 29
6520 29
6521 29
6522 29
6523 29
6524 28
6525 29
6526 29
6527 28
6528 28
6529 29
6530 28
6531 27
6532 29
6533 28
6534 27
6535 28
6536 28
6537 29
6538 28
6539 29
6540 28
6541 27
6542 28
6543 29
6544 28
6545 27
6546 28
6547 28
6548 28
6549 29
6550 29
6551 28
6552 27
6553 29
6554 28
6555 29
6556 28
6557 28
6558 29
6559 29
6560 29
6561 28
6562 28
6563 28
6564 29
6565 28
6566 28
6567 29
6568 28
6569 28
6570 28
6571 28
6572 28
6573 28
6574 29
6575 28
6576 28
6577 29
6578 28
6579 27
6580 28
6581 29
6582 28
6583 28
6584 28
6585 28
6586 28
6587 29
6588 29
6589 29
6590 28
6591 29
6592 29
6593 27
6594 29
6595 29
6596 28
6597 28
6598 29
6599 28
6600 29
6601 28
6602 29
6603 28
6604 28
6605 28
6606 29
6607 29
6608 29
6609 28
6610 29
6611 29
6612 28
6613 28
6614 28
6615 28
6616 29
6617 28
6618 29
6619 28
6620 28
6621 29
6622 29
6623 28
6624 29
6625 29
6626 29
6627 28
6628 29
6629 28
6630 28
6631 27
6632 28
6633 28
6634 28
6635 28
6636 29
6637 28
6638 29
6639 28
6640 28
6641 28
6642 28
6643 29
6644 29
6645 28
6646 29
6647 29
6648 28
6649 28
6650 29
6651 28
6652 28
6653 28
6654 29
6655 28
6656 29
6657 28
6658 29
6659 28
6660 29
6661 28
6662 28
6663 29
6664 28
6665 28
6666 29
6667 29
6668 28
6669 28
6670 28
6671 28
6672 28
6673 28
6674 28
6675 29
6676 28
6677 28
6678 28
6679 27
6680 28
6681 28
6682 28
6683 28
6684 27
6685 29
6686 29
6687 28
6688 29
6689 28
6690 28
6691 29
6692 27
6693 28
6694 28
6695 29
6696 29
6697 29
6698 28
6699 28
6700 28
6701 28
6702 28
6703 29
6704 29
6705 28
6706 28
6707 27
6708 28
6709 28
6710 29
6711 29
6712 29
6713 28
6714 28
6715 29
6716 29
6717 28
6718 27
6719 28
6720 28
6721 29
6722 29
6723 29
6724 28
6725 28
6726 29
6727 29
6728 29
6729 28
6730 28
6731 29
6732 27
6733 28
6734 29
6735 28
6736 28
6737 28
6738 28
6739 28
6740 28
6741 28
6742 28
6743 28
6744 28
6745 29
6746 28
6747 28
6748 27
6749 29
6750 28
6751 29
6752 29
6753 29
6754 29
6755 28
6756 28
6757 28
6758 29
6759 28
6760 28
6761 28
6762 27
6763 28
6764 28
6765 29
6766 29
6767 28
6768 28
6769 29
6770 27
6771 28
6772 27
6773 29
6774 28
6775 28
6776 28
6777 29
6778 28
6779 28
6780 28
6781 28
6782 28
6783 29
6784 28
6785 29
6786 29
6787 28
6788 28
6789 28
6790 28
6791 28
6792 29
6793 28
6794 28
6795 29
6796 28
6797 28
6798 27
6799 28
6800 29
6801 28
6802 28
6803 28
6804 29
6805 29
6806 28
6807 29
6808 28
6809 29
6810 28
6811 29
6812 29
6813 28
6814 28
6815 28
6816 29
6817 28
6818 29
6819 27
6820 27
6821 28
6822 28
6823 28
6824 29
6825 29
6826 28
6827 28
6828 28
6829 28
6830 28
6831 28
6832 28
6833 29
6834 28
6835 29
6836 29
6837 28
6838 28
6839 29
6840 28
6841 29
6842 28
6843 28
6844 28
6845 28
6846 28
6847 28
6848 28
6849 28
6850 29
6851 29
6852 29
6853 28
6854 28
6855 29
6856 29
6857 28
6858 29
6859 29
6860 28
6861 28
6862 29
6863 28
6864 27
6865 28
6866 28
6867 29
6868 29
6869 28
6870 27
6871 28
6872 29
6873 29
6874 28
6875 27
6876 28
6877 29
6878 28
6879 29
6880 28
6881 28
6882 29
6883 28
6884 29
6885 28
6886 29
6887 28
6888 28
6889 28
6890 28
6891 29
6892 28
6893 27
6894 28
6895 28
6896 29
6897 28
6898 28
6899 28
6900 28
6901 29
6902 29
6903 28
6904 28
6905 29
6906 27
6907 27
6908 29
6909 28
6910 29
6911 28
6912 29
6913 29
6914 28
6915 29
6916 28
6917 29
6918 28
6919 27
6920 27
6921 28
6922 28
6923 28
6924 28
6925 28
6926 28
6927 28
6928 27
6929 29
6930 29
6931 28
6932 29
6933 28
6934 27
6935 28
6936 27
6937 28
6938 29
6939 28
6940 29
6941 28
6942 29
6943 27
6944 28
6945 28
6946 29
6947 27
6948 29
6949 29
6950 28
6951 28
6952 28
6953 29
6954 27
6955 28
6956 29
6957 28
6958 28
6959 27
6960 29
6961 28
6962 29
6963 29
6964 28
6965 28
6966 28
6967 28
6968 28
6969 28
6970 28
6971 28
6972 28
6973 28
6974 28
6975 29
6976 29
6977 28
6978 29
6979 28
6980 29
6981 28
6982 29
6983 29
6984 29
6985 29
6986 28
6987 28
6988 28
6989 27
6990 28
6991 28
6992 29
6993 29
6994 28
6995 29
6996 29
6997 29
6998 29
6999 28
7000 29
7001 29
7002 27
7003 27
7004 28
7005 28
7006 28
7007 29
7008 28
7009 28
7010 28
7011 29
7012 27
7013 28
7014 29
7015 28
7016 28
7017 28
7018 28
7019 29
7020 28
7021 28
7022 29
7023 28
7024 29
7025 27
7026 28
7027 29
7028 28
7029 28
7030 28
7031 28
7032 29
7033 29
7034 28
7035 29
7036 29
7037 28
7038 28
7039 28
7040 29
7041 28
7042 29
7043 29
7044 29
7045 28
7046 29
7047 28
7048 29
7049 28
7050 28
7051 29
7052 28
7053 28
7054 29
7055 29
7056 28
7057 28
7058 28
7059 29
7060 29
7061 28
7062 27
7063 29
7064 28
7065 28
7066 28
7067 29
7068 29
7069 28
7070 28
7071 28
7072 29
7073 28
7074 28
7075 29
7076 28
7077 28
7078 28
7079 28
7080 29
7081 28
7082 28
7083 28
7084 29
7085 29
7086 28
7087 28
7088 29
7089 28
7090 29
7091 28
7092 27
7093 29
7094 28
7095 29
7096 28
7097 29
7098 28
7099 28
7100 28
7101 28
7102 27
7103 29
7104 29
7105 29
7106 28
7107 28
7108 29
7109 29
7110 28
7111 28
7112 28
7113 29
7114 28
7115 28
7116 29
7117 29
7118 28
7119 29
7120 29
7121 28
7122 28
7123 28
7124 28
7125 27
7126 28
7127 27
7128 29
7129 28
7130 29
7131 29
7132 28
7133 28
7134 28
7135 28
7136 28
7137 29
7138 29
7139 28
7140 28
7141 28
7142 29
7143 28
7144 28
7145 28
7146 28
7147 28
7148 29
7149 29
7150 28
7151 28
7152 28
7153 28
7154 28
7155 29
7156 29
7157 27
7158 29
7159 28
7160 29
7161 28
7162 29
7163 29
7164 28
7165 28
7166 28
7167 28
7168 29
7169 28
7170 28
7171 28
7172 28
7173 29
7174 28
7175 29
7176 29
7177 28
7178 29
7179 28
7180 29
7181 28
7182 28
7183 29
7184 28
7185 29
7186 28
7187 28
7188 28
7189 28
7190 28
7191 29
7192 29
7193 28
7194 28
7195 29
7196 28
7197 28
7198 28
7199 29
7200 28
7201 28
7202 28
7203 28
7204 29
7205 28
7206 28
7207 28
7208 29
7209 28
7210 28
7211 29
7212 28
7213 28
7214 28
7215 29
7216 28
7217 28
7218 29
7219 28
7220 28
7221 28
7222 28
7223 27
7224 28
7225 29
7226 28
7227 28
7228 29
7229 28
7230 28
7231 27
7232 29
7233 29
7234 28
7235 28
7236 28
7237 27
7238 29
7239 28
7240 29
7241 29
7242 28
7243 28
7244 28
7245 28
7246 28
7247 29
7248 28
7249 29
7250 28
7251 28
7252 29
7253 28
7254 29
7255 29
7256 28
7257 28
7258 29
7259 29
7260 29
7261 29
7262 28
7263 29
7264 29
7265 28
7266 29
7267 29
7268 28
7269 29
7270 29
7271 29
7272 28
7273 28
7274 27
7275 28
7276 28
7277 28
7278 28
7279 29
7280 28
7281 29
7282 29
7283 28
7284 29
7285 28
7286 28
7287 28
7288 29
7289 28
7290 27
7291 29
7292 29
7293 28
7294 28
7295 29
7296 28
7297 28
7298 29
7299 29
7300 28
7301 28
7302 28
7303 27
7304 29
7305 28
7306 28
7307 29
7308 28
7309 29
7310 29
7311 28
7312 28
7313 28
7314 29
7315 28
7316 29
7317 29
7318 29
7319 29
7320 28
7321 29
7322 28
7323 28
7324 29
7325 29
7326 29
7327 29
7328 28
7329 29
7330 28
7331 28
7332 28
7333 29
7334 28
7335 28
7336 29
7337 28
7338 29
7339 28
7340 29
7341 27
7342 28
7343 28
7344 29
7345 29
7346 28
7347 28
7348 28
7349 28
7350 27
7351 27
7352 27
7353 29
7354 28
7355 29
7356 27
7357 29
7358 28
7359 29
7360 28
7361 28
7362 29
7363 27
7364 28
7365 29
7366 29
7367 29
7368 28
7369 29
7370 28
7371 28
7372 27
7373 29
7374 28
7375 27
7376 27
7377 29
7378 28
7379 28
7380 28
7381 27
7382 28
7383 28
7384 29
7385 29
7386 29
7387 28
7388 28
7389 29
7390 27
7391 29
7392 28
7393 29
7394 29
7395 28
7396 29
7397 29
7398 29
7399 29
7400 27
7401 28
7402 28
7403 28
7404 28
7405 29
7406 29
7407 28
7408 28
7409 28
7410 29
7411 29
7412 27
7413 29
7414 28
7415 27
7416 28
7417 28
7418 29
7419 27
7420 29
7421 28
7422 28
7423 29
7424 28
7425 28
7426 29
7427 28
7428 27
7429 29
7430 29
7431 28
7432 29
7433 28
7434 28
7435 29
7436 28
7437 28
7438 29
7439 29
7440 29
7441 27
7442 28
7443 29
7444 29
7445 29
7446 29
7447 28
7448 29
7449 29
7450 29
7451 28
7452 28
7453 28
7454 29
7455 28
7456 28
7457 27
7458 28
7459 28
7460 28
7461 29
7462 29
7463 28
7464 28
7465 28
7466 28
7467 28
7468 28
7469 29
7470 29
7471 28
7472 28
7473 28
7474 29
7475 28
7476 28
7477 28
7478 28
7479 28
7480 28
7481 27
7482 28
7483 28
7484 29
7485 28
7486 28
7487 29
7488 28
7489 28
7490 28
7491 28
7492 28
7493 28
7494 28
7495 28
7496 29
7497 28
7498 28
7499 28
7500 27
7501 29
7502 28
7503 29
7504 28
7505 29
7506 29
7507 29
7508 28
7509 29
7510 28
7511 29
7512 28
7513 28
7514 29
7515 28
7516 28
7517 28
7518 29
7519 28
7520 29
7521 29
7522 28
7523 28
7524 29
7525 29
7526 29
7527 29
7528 29
7529 28
7530 29
7531 29
7532 29
7533 29
7534 28
7535 28
7536 28
7537 28
7538 28
7539 28
7540 28
7541 29
7542 29
7543 29
7544 28
7545 27
7546 28
7547 29
7548 29
7549 29
7550 28
7551 29
7552 28
7553 28
7554 28
7555 28
7556 28
7557 29
7558 29
7559 29
7560 28
7561 28
7562 29
7563 29
7564 29
7565 27
7566 28
7567 28
7568 28
7569 29
7570 29
7571 29
7572 29
7573 28
7574 29
7575 29
7576 29
7577 29
7578 29
7579 29
7580 28
7581 28
7582 29
7583 28
7584 28
7585 28
7586 29
7587 28
7588 28
7589 28
7590 29
7591 27
7592 28
7593 27
7594 29
7595 29
7596 29
7597 28
7598 28
7599 29
7600 29
7601 28
7602 29
7603 28
7604 28
7605 29
7606 29
7607 29
7608 29
7609 29
7610 28
7611 28
7612 29
7613 29
7614 27
7615 28
7616 28
7617 28
7618 28
7619 27
7620 29
7621 28
7622 29
7623 29
7624 28
7625 29
7626 28
7627 29
7628 28
7629 28
7630 28
7631 28
7632 28
7633 28
7634 28
7635 28
7636 29
7637 28
7638 28
7639 29
7640 28
7641 28
7642 29
7643 29
7644 28
7645 29
7646 28
7647 28
7648 28
7649 27
7650 28
7651 28
7652 27
7653 28
7654 28
7655 28
7656 29
7657 29
7658 28
7659 28
7660 28
7661 29
7662 28
7663 28
7664 28
7665 29
7666 28
7667 29
7668 29
7669 29
7670 29
7671 29
7672 28
7673 29
7674 28
7675 28
7676 29
7677 29
7678 29
7679 29
7680 28
7681 29
7682 29
7683 28
7684 28
7685 28
7686 27
7687 28
7688 28
7689 28
7690 29
7691 29
7692 29
7693 28
7694 28
7695 28
7696 28
7697 29
7698 29
7699 28
7700 27
7701 28
7702 27
7703 28
7704 28
7705 28
7706 28
7707 28
7708 28
7709 29
7710 28
7711 28
7712 27
7713 29
7714 28
7715 28
7716 28
7717 27
7718 28
7719 29
7720 28
7721 29
7722 29
7723 27
7724 29
7725 28
7726 28
7727 28
7728 29
7729 29
7730 28
7731 28
7732 28
7733 28
7734 27
7735 28
7736 28
7737 28
7738 28
7739 29
7740 28
7741 28
7742 28
7743 28
7744 28
7745 29
7746 28
7747 29
7748 28
7749 28
7750 28
7751 28
7752 28
7753 29
7754 28
7755 27
7756 27
7757 28
7758 29
7759 29
7760 28
7761 28
7762 28
7763 29
7764 28
7765 28
7766 28
7767 29
7768 28
7769 27
7770 28
7771 28
7772 28
7773 28
7774 28
7775 28
7776 29
7777 28
7778 29
7779 29
7780 29
7781 29
7782 28
7783 28
7784 29
7785 28
7786 28
7787 28
7788 28
7789 28
7790 28
7791 28
7792 28
7793 28
7794 29
7795 28
7796 29
7797 28
7798 28
7799 29
7800 28
7801 28
7802 28
