Polymer_Index N_1
0 23
1 23
2 23
3 23
4 23
5 22
6 23
7 23
8 22
9 24
10 22
11 23
12 23
13 23
14 23
15 23
16 23
17 23
18 23
19 23
20 23
21 23
22 23
23 23
24 23
25 23
26 23
27 24
28 23
29 23
30 23
31 23
32 23
33 23
34 22
35 23
36 23
37 23
38 22
39 23
40 23
41 23
42 23
43 22
44 23
45 23
46 23
47 23
48 23
49 23
50 23
51 23
52 23
53 23
54 23
55 22
56 23
57 23
58 22
59 23
60 22
61 23
62 23
63 22
64 23
65 23
66 23
67 23
68 23
69 22
70 23
71 23
72 23
73 22
74 23
75 22
76 23
77 23
78 23
79 23
80 23
81 24
82 23
83 23
84 22
85 22
86 22
87 23
88 24
89 23
90 23
91 23
92 23
93 23
94 22
95 24
96 23
97 22
98 23
99 22
100 22
101 23
102 23
103 23
104 23
105 24
106 23
107 23
108 22
109 22
110 22
111 23
112 23
113 23
114 23
115 23
116 23
117 23
118 23
119 23
120 24
121 23
122 23
123 23
124 23
125 23
126 23
127 23
128 23
129 23
130 23
131 23
132 23
133 22
134 23
135 23
136 24
137 23
138 22
139 23
140 22
141 22
142 23
143 23
144 22
145 23
146 23
147 22
148 22
149 23
150 23
151 23
152 23
153 23
154 23
155 23
156 23
157 23
158 23
159 24
160 23
161 23
162 23
163 23
164 22
165 23
166 23
167 23
168 23
169 23
170 22
171 23
172 23
173 23
174 22
175 23
176 24
177 23
178 22
179 22
180 23
181 22
182 23
183 23
184 23
185 23
186 23
187 23
188 23
189 22
190 24
191 22
192 23
193 23
194 23
195 23
196 23
197 23
198 23
199 23
200 23
201 23
202 23
203 23
204 23
205 23
206 23
207 23
208 22
209 23
210 22
211 23
212 23
213 23
214 23
215 23
216 22
217 23
218 23
219 23
220 22
221 22
222 22
223 23
224 23
225 23
226 23
227 23
228 22
229 23
230 23
231 23
232 22
233 23
234 23
235 24
236 23
237 23
238 23
239 22
240 22
241 23
242 23
243 23
244 23
245 23
246 23
247 23
248 23
249 23
250 23
251 23
252 23
253 23
254 23
255 22
256 23
257 23
258 23
259 22
260 23
261 24
262 23
263 22
264 23
265 23
266 23
267 22
268 23
269 23
270 22
271 23
272 23
273 23
274 23
275 22
276 22
277 23
278 23
279 22
280 23
281 23
282 23
283 22
284 23
285 22
286 23
287 22
288 23
289 22
290 23
291 22
292 22
293 22
294 23
295 23
296 23
297 23
298 22
299 23
300 23
301 22
302 23
303 22
304 23
305 23
306 23
307 23
308 23
309 23
310 23
311 23
312 22
313 23
314 23
315 23
316 23
317 23
318 22
319 24
320 23
321 23
322 22
323 23
324 22
325 23
326 23
327 23
328 23
329 24
330 23
331 23
332 22
333 23
334 23
335 23
336 23
337 23
338 23
339 23
340 23
341 23
342 23
343 24
344 23
345 22
346 23
347 23
348 22
349 23
350 23
351 23
352 22
353 23
354 23
355 24
356 23
357 23
358 23
359 22
360 23
361 23
362 22
363 23
364 23
365 22
366 23
367 23
368 23
369 22
370 22
371 23
372 23
373 23
374 24
375 23
376 23
377 23
378 23
379 23
380 23
381 22
382 23
383 22
384 23
385 23
386 23
387 23
388 23
389 23
390 23
391 23
392 23
393 23
394 22
395 23
396 23
397 23
398 22
399 23
400 23
401 22
402 24
403 22
404 23
405 23
406 22
407 22
408 23
409 23
410 22
411 23
412 22
413 23
414 23
415 23
416 23
417 23
418 23
419 23
420 23
421 23
422 23
423 23
424 23
425 24
426 22
427 23
428 22
429 23
430 23
431 22
432 23
433 23
434 24
435 24
436 23
437 23
438 23
439 24
440 23
441 23
442 23
443 23
444 23
445 23
446 23
447 23
448 22
449 23
450 23
451 23
452 22
453 23
454 23
455 23
456 23
457 23
458 22
459 22
460 23
461 23
462 23
463 22
464 23
465 23
466 22
467 23
468 23
469 23
470 23
471 23
472 23
473 23
474 23
475 22
476 23
477 22
478 23
479 23
480 22
481 23
482 23
483 23
484 23
485 23
486 23
487 23
488 23
489 23
490 23
491 23
492 23
493 23
494 22
495 23
496 23
497 23
498 23
499 23
500 23
501 23
502 23
503 23
504 23
505 24
506 23
507 22
508 23
509 23
510 23
511 24
512 23
513 23
514 23
515 23
516 23
517 23
518 23
519 23
520 23
521 23
522 23
523 22
524 23
525 22
526 23
527 23
528 22
529 23
530 23
531 23
532 22
533 22
534 22
535 22
536 23
537 23
538 23
539 23
540 22
541 23
542 23
543 23
544 23
545 23
546 23
547 23
548 23
549 22
550 23
551 23
552 23
553 22
554 23
555 23
556 23
557 22
558 23
559 23
560 23
561 22
562 23
563 23
564 23
565 23
566 23
567 23
568 23
569 23
570 22
571 23
572 22
573 23
574 22
575 22
576 23
577 23
578 23
579 23
580 23
581 23
582 23
583 23
584 22
585 22
586 22
587 23
588 23
589 23
590 23
591 23
592 23
593 23
594 23
595 23
596 23
597 23
598 23
599 23
600 23
601 23
602 22
603 22
604 23
605 23
606 24
607 22
608 23
609 22
610 23
611 23
612 23
613 22
614 23
615 22
616 23
617 23
618 23
619 23
620 23
621 23
622 22
623 23
624 23
625 23
626 23
627 23
628 23
629 23
630 23
631 22
632 23
633 23
634 23
635 23
636 23
637 23
638 23
639 23
640 23
641 23
642 23
643 23
644 23
645 23
646 22
647 23
648 22
649 23
650 22
651 23
652 23
653 23
654 22
655 23
656 23
657 23
658 22
659 23
660 23
661 22
662 24
663 23
664 23
665 23
666 23
667 23
668 23
669 23
670 22
671 23
672 23
673 22
674 23
675 23
676 23
677 23
678 23
679 23
680 23
681 22
682 23
683 23
684 23
685 23
686 23
687 23
688 23
689 23
690 23
691 23
692 23
693 23
694 23
695 23
696 23
697 23
698 23
699 22
700 23
701 22
702 22
703 23
704 23
705 23
706 23
707 23
708 23
709 23
710 23
711 23
712 23
713 22
714 23
715 23
716 22
717 23
718 22
719 23
720 22
721 23
722 23
723 23
724 24
725 23
726 23
727 23
728 23
729 23
730 23
731 23
732 23
733 24
734 23
735 23
736 22
737 23
738 22
739 23
740 23
741 23
742 24
743 22
744 23
745 22
746 22
747 23
748 23
749 23
750 23
751 23
752 23
753 23
754 22
755 22
756 23
757 23
758 23
759 24
760 23
761 23
762 22
763 23
764 23
765 23
766 23
767 23
768 23
769 23
770 23
771 23
772 23
773 23
774 23
775 23
776 22
777 22
778 23
779 22
780 23
781 23
782 23
783 23
784 23
785 23
786 24
787 23
788 23
789 23
790 23
791 23
792 24
793 23
794 23
795 23
796 22
797 23
798 23
799 23
800 22
801 23
802 23
803 23
804 23
805 22
806 24
807 22
808 23
809 23
810 23
811 23
812 23
813 23
814 22
815 23
816 23
817 23
818 23
819 23
820 23
821 23
822 23
823 23
824 22
825 22
826 23
827 22
828 23
829 23
830 23
831 23
832 23
833 23
834 22
835 23
836 22
837 23
838 23
839 22
840 22
841 22
842 23
843 23
844 23
845 23
846 23
847 22
848 23
849 23
850 23
851 23
852 22
853 23
854 23
855 22
856 23
857 23
858 23
859 23
860 22
861 23
862 23
863 23
864 22
865 23
866 22
867 22
868 23
869 23
870 23
871 23
872 22
873 23
874 22
875 23
876 23
877 23
878 22
879 22
880 23
881 23
882 22
883 23
884 23
885 23
886 23
887 23
888 23
889 22
890 23
891 23
892 23
893 23
894 23
895 23
896 23
897 22
898 22
899 22
900 23
901 23
902 23
903 23
904 23
905 23
906 23
907 24
908 23
909 23
910 23
911 23
912 22
913 22
914 23
915 23
916 23
917 23
918 23
919 23
920 23
921 23
922 22
923 22
924 22
925 23
926 23
927 23
928 23
929 22
930 23
931 23
932 23
933 23
934 23
935 23
936 22
937 23
938 23
939 22
940 23
941 23
942 22
943 23
944 23
945 23
946 23
947 23
948 23
949 23
950 22
951 23
952 22
953 23
954 22
955 23
956 22
957 23
958 23
959 23
960 23
961 23
962 23
963 23
964 23
965 22
966 23
967 23
968 23
969 23
970 22
971 23
972 23
973 23
974 23
975 23
976 23
977 24
978 23
979 23
980 23
981 23
982 23
983 23
984 24
985 23
986 23
987 24
988 23
989 22
990 23
991 23
992 23
993 23
994 23
995 24
996 22
997 23
998 22
999 22
1000 23
1001 22
1002 24
1003 23
1004 23
1005 23
1006 23
1007 22
1008 23
1009 23
1010 23
1011 22
1012 23
1013 24
1014 22
1015 23
1016 23
1017 23
1018 22
1019 23
1020 22
1021 23
1022 23
1023 23
1024 22
1025 23
1026 23
1027 22
1028 23
1029 23
1030 23
1031 22
1032 24
1033 23
1034 23
1035 23
1036 22
1037 23
1038 23
1039 23
1040 23
1041 23
1042 23
1043 23
1044 23
1045 23
1046 23
1047 23
1048 23
1049 23
1050 23
1051 23
1052 23
1053 23
1054 22
1055 22
1056 23
1057 23
1058 23
1059 23
1060 23
1061 22
1062 24
1063 23
1064 23
1065 22
1066 23
1067 23
1068 23
1069 23
1070 22
1071 22
1072 23
1073 22
1074 22
1075 22
1076 23
1077 23
1078 23
1079 23
1080 23
1081 23
1082 24
1083 23
1084 23
1085 22
1086 23
1087 22
1088 23
1089 23
1090 23
1091 23
1092 23
1093 24
1094 22
1095 24
1096 22
1097 23
1098 23
1099 23
1100 22
1101 23
1102 22
1103 23
1104 23
1105 23
1106 23
1107 23
1108 23
1109 24
1110 23
1111 23
1112 22
1113 23
1114 23
1115 23
1116 22
1117 22
1118 23
1119 23
1120 23
1121 23
1122 22
1123 23
1124 23
1125 23
1126 24
1127 23
1128 22
1129 23
1130 23
1131 23
1132 23
1133 23
1134 23
1135 23
1136 23
1137 22
1138 24
1139 23
1140 23
1141 23
1142 23
1143 23
1144 22
1145 23
1146 23
1147 22
1148 23
1149 22
1150 22
1151 23
1152 23
1153 23
1154 24
1155 22
1156 23
1157 23
1158 23
1159 23
1160 23
1161 23
1162 23
1163 23
1164 23
1165 23
1166 23
1167 24
1168 23
1169 23
1170 23
1171 23
1172 22
1173 22
1174 23
1175 22
1176 22
1177 23
1178 23
1179 23
1180 23
1181 23
1182 23
1183 23
1184 23
1185 23
1186 22
1187 22
1188 23
1189 23
1190 23
1191 23
1192 23
1193 24
1194 23
1195 22
1196 23
1197 23
1198 22
1199 23
1200 23
1201 23
1202 23
1203 23
1204 23
1205 22
1206 22
1207 23
1208 23
1209 22
1210 23
1211 22
1212 23
1213 23
1214 24
1215 23
1216 23
1217 23
1218 23
1219 23
1220 23
1221 23
1222 22
1223 23
1224 23
1225 23
1226 23
1227 22
1228 22
1229 23
1230 23
1231 23
1232 23
1233 23
1234 23
1235 22
1236 22
1237 23
1238 23
1239 23
1240 23
1241 24
1242 24
1243 23
1244 23
1245 22
1246 24
1247 23
1248 23
1249 23
1250 23
1251 23
1252 22
1253 24
1254 22
1255 23
1256 23
1257 23
1258 23
1259 23
1260 23
1261 22
1262 22
1263 23
1264 23
1265 23
1266 23
1267 23
1268 23
1269 23
1270 23
1271 23
1272 22
1273 23
1274 23
1275 23
1276 23
1277 23
1278 23
1279 23
1280 23
1281 23
1282 23
1283 23
1284 23
1285 23
1286 24
1287 24
1288 23
1289 23
1290 23
1291 23
1292 23
1293 23
1294 23
1295 23
1296 22
1297 24
1298 23
1299 22
1300 23
1301 23
1302 23
1303 23
1304 23
1305 22
1306 23
1307 23
1308 23
1309 22
1310 24
1311 23
1312 23
1313 23
1314 23
1315 23
1316 23
1317 23
1318 24
1319 23
1320 22
1321 22
1322 23
1323 22
1324 22
1325 23
1326 23
1327 22
1328 22
1329 23
1330 22
1331 23
1332 23
1333 23
1334 22
1335 23
1336 23
1337 23
1338 22
1339 23
1340 23
1341 23
1342 23
1343 23
1344 23
1345 23
1346 23
1347 23
1348 23
1349 23
1350 23
1351 23
1352 24
1353 23
1354 22
1355 23
1356 23
1357 23
1358 23
1359 23
1360 23
1361 24
1362 23
1363 22
1364 23
1365 23
1366 23
1367 22
1368 23
1369 23
1370 23
1371 23
1372 23
1373 23
1374 23
1375 24
1376 23
1377 22
1378 23
1379 23
1380 22
1381 23
1382 22
1383 23
1384 23
1385 22
1386 23
1387 23
1388 23
1389 23
1390 23
1391 23
1392 22
1393 22
1394 22
1395 23
1396 23
1397 23
1398 22
1399 22
1400 24
1401 23
1402 22
1403 23
1404 23
1405 23
1406 22
1407 23
1408 23
1409 22
1410 22
1411 23
1412 23
1413 24
1414 23
1415 23
1416 24
1417 23
1418 23
1419 22
1420 22
1421 22
1422 22
1423 23
1424 22
1425 23
1426 23
1427 22
1428 23
1429 23
1430 23
1431 23
1432 23
1433 23
1434 23
1435 23
1436 23
1437 23
1438 22
1439 23
1440 23
1441 23
1442 23
1443 23
1444 22
1445 22
1446 23
1447 23
1448 23
1449 23
1450 23
1451 23
1452 23
1453 23
1454 22
1455 23
1456 23
1457 23
1458 23
1459 23
1460 22
1461 22
1462 23
1463 23
1464 22
1465 22
1466 22
1467 23
1468 23
1469 23
1470 22
1471 23
1472 23
1473 24
1474 23
1475 23
1476 23
1477 22
1478 22
1479 23
1480 22
1481 23
1482 22
1483 23
1484 22
1485 23
1486 22
1487 23
1488 23
1489 23
1490 23
1491 23
1492 23
1493 23
1494 23
1495 23
1496 23
1497 23
1498 23
1499 23
1500 22
1501 23
1502 24
1503 22
1504 23
1505 23
1506 22
1507 24
1508 22
1509 23
1510 23
1511 23
1512 23
1513 23
1514 23
1515 23
1516 23
1517 23
1518 23
1519 23
1520 23
1521 23
1522 22
1523 24
1524 23
1525 23
1526 23
1527 22
1528 23
1529 22
1530 23
1531 23
1532 23
1533 23
1534 23
1535 22
1536 23
1537 23
1538 23
1539 22
1540 23
1541 23
1542 23
1543 23
1544 23
1545 23
1546 23
1547 23
1548 23
1549 23
1550 22
1551 23
1552 23
1553 23
1554 23
1555 23
1556 23
1557 23
1558 23
1559 23
1560 23
1561 22
1562 22
1563 22
1564 23
1565 23
1566 23
1567 22
1568 23
1569 23
1570 23
1571 23
1572 23
1573 23
1574 23
1575 22
1576 23
1577 23
1578 23
1579 24
1580 23
1581 23
1582 23
1583 24
1584 23
1585 23
1586 23
1587 23
1588 23
1589 22
1590 23
1591 23
1592 22
1593 22
1594 24
1595 23
1596 24
1597 23
1598 23
1599 23
1600 23
1601 22
1602 23
1603 22
1604 23
1605 23
1606 23
1607 22
1608 23
1609 22
1610 23
1611 23
1612 23
1613 23
1614 23
1615 23
1616 23
1617 23
1618 23
1619 23
1620 23
1621 22
1622 23
1623 23
1624 22
1625 23
1626 22
1627 23
1628 22
1629 23
1630 23
1631 22
1632 23
1633 23
1634 22
1635 23
1636 23
1637 23
1638 23
1639 22
1640 23
1641 23
1642 23
1643 23
1644 23
1645 23
1646 23
1647 23
1648 22
1649 23
1650 23
1651 23
1652 23
1653 23
1654 23
1655 23
1656 23
1657 23
1658 23
1659 23
1660 23
1661 23
1662 23
1663 23
1664 22
1665 23
1666 23
1667 23
1668 23
1669 23
1670 22
1671 23
1672 22
1673 23
1674 23
1675 24
1676 22
1677 23
1678 23
1679 23
1680 22
1681 23
1682 22
1683 24
1684 22
1685 23
1686 23
1687 23
1688 22
1689 23
1690 23
1691 23
1692 23
1693 23
1694 23
1695 23
1696 23
1697 22
1698 23
1699 22
1700 23
1701 23
1702 22
1703 22
1704 23
1705 23
1706 22
1707 22
1708 22
1709 23
1710 22
1711 23
1712 23
1713 22
1714 23
1715 23
1716 23
1717 22
1718 23
1719 23
1720 23
1721 23
1722 22
1723 23
1724 24
1725 23
1726 23
1727 23
1728 22
1729 23
1730 23
1731 23
1732 23
1733 23
1734 23
1735 23
1736 23
1737 22
1738 23
1739 22
1740 23
1741 23
1742 23
1743 23
1744 23
1745 22
1746 22
1747 23
1748 23
1749 23
1750 22
1751 23
1752 23
1753 23
1754 23
1755 23
1756 23
1757 23
1758 23
1759 23
1760 23
1761 23
1762 23
1763 22
1764 23
1765 23
1766 23
1767 23
1768 23
1769 23
1770 23
1771 23
1772 23
1773 24
1774 23
1775 22
1776 23
1777 23
1778 22
1779 22
1780 23
1781 23
1782 22
1783 22
1784 23
1785 23
1786 22
1787 22
1788 23
1789 23
1790 23
1791 23
1792 23
1793 23
1794 23
1795 23
1796 22
1797 23
1798 24
1799 22
1800 23
1801 23
1802 23
1803 23
1804 23
1805 23
1806 23
1807 23
1808 23
1809 22
1810 22
1811 23
1812 23
1813 23
1814 23
1815 23
1816 23
1817 23
1818 22
1819 22
1820 22
1821 22
1822 23
1823 23
1824 22
1825 24
1826 23
1827 24
1828 23
1829 23
1830 23
1831 24
1832 23
1833 23
1834 22
1835 23
1836 24
1837 23
1838 24
1839 23
1840 23
1841 23
1842 23
1843 23
1844 22
1845 22
1846 23
1847 23
1848 23
1849 23
1850 23
1851 23
1852 23
1853 23
1854 23
1855 23
1856 23
1857 23
1858 23
1859 23
1860 23
1861 23
1862 24
1863 23
1864 23
1865 22
1866 24
1867 22
1868 24
1869 23
1870 23
1871 23
1872 23
1873 23
1874 23
1875 23
1876 22
1877 24
1878 23
1879 23
1880 23
1881 24
1882 23
1883 23
1884 23
1885 22
1886 22
1887 23
1888 23
1889 23
1890 22
1891 23
1892 23
1893 23
1894 23
1895 24
1896 23
1897 24
1898 23
1899 22
1900 22
1901 23
1902 23
1903 23
1904 22
1905 23
1906 23
1907 23
1908 23
1909 23
1910 22
1911 23
1912 23
1913 23
1914 23
1915 23
1916 23
1917 23
1918 23
1919 23
1920 23
1921 23
1922 23
1923 23
1924 23
1925 23
1926 22
1927 23
1928 23
1929 23
1930 24
1931 23
1932 23
1933 23
1934 23
1935 23
1936 23
1937 23
1938 23
1939 23
1940 23
1941 22
1942 22
1943 23
1944 22
1945 23
1946 23
1947 23
1948 23
1949 23
1950 23
1951 23
1952 23
1953 22
1954 23
1955 23
1956 23
1957 23
1958 22
1959 23
1960 23
1961 22
1962 23
1963 22
1964 23
1965 23
1966 24
1967 24
1968 23
1969 23
1970 23
1971 23
1972 22
1973 23
1974 23
1975 23
1976 23
1977 23
1978 22
1979 23
1980 23
1981 23
1982 22
1983 23
1984 23
1985 22
1986 23
1987 23
1988 22
1989 22
1990 23
1991 23
1992 23
1993 23
1994 23
1995 23
1996 23
1997 23
1998 23
1999 23
2000 23
2001 23
2002 22
2003 23
2004 23
2005 23
2006 22
2007 24
2008 22
2009 23
2010 22
2011 22
2012 22
2013 23
2014 23
2015 23
2016 23
2017 23
2018 22
2019 23
2020 22
2021 23
2022 23
2023 23
2024 23
2025 23
2026 23
2027 23
2028 22
2029 23
2030 22
2031 23
2032 23
2033 23
2034 23
2035 23
2036 23
2037 23
2038 24
2039 23
2040 23
2041 24
2042 24
2043 23
2044 23
2045 24
2046 22
2047 22
2048 22
2049 23
2050 22
2051 23
2052 24
2053 23
2054 22
2055 23
2056 23
2057 23
2058 23
2059 22
2060 23
2061 23
2062 23
2063 22
2064 23
2065 23
2066 23
2067 23
2068 24
2069 23
2070 23
2071 22
2072 23
2073 23
2074 23
2075 23
2076 23
2077 23
2078 22
2079 23
2080 23
2081 23
2082 23
2083 22
2084 23
2085 23
2086 22
2087 22
2088 23
2089 23
2090 23
2091 23
2092 23
2093 24
2094 23
2095 23
2096 22
2097 22
2098 23
2099 22
2100 23
2101 23
2102 24
2103 22
2104 23
2105 23
2106 23
2107 22
2108 23
2109 23
2110 22
2111 23
2112 23
2113 23
2114 23
2115 22
2116 23
2117 23
2118 23
2119 23
2120 23
2121 23
2122 23
2123 23
2124 22
2125 22
2126 22
2127 22
2128 24
2129 23
2130 23
2131 23
2132 22
2133 24
2134 24
2135 22
2136 23
2137 23
2138 23
2139 23
2140 23
2141 23
2142 22
2143 23
2144 23
2145 23
2146 23
2147 22
2148 23
2149 23
2150 23
2151 23
2152 23
2153 23
2154 23
2155 22
2156 23
2157 22
2158 23
2159 23
2160 23
2161 23
2162 23
2163 23
2164 23
2165 23
2166 23
2167 23
2168 23
2169 23
2170 23
2171 22
2172 22
2173 23
2174 23
2175 24
2176 23
2177 23
2178 23
2179 24
2180 23
2181 23
2182 23
2183 23
2184 23
2185 22
2186 23
2187 23
2188 22
2189 23
2190 23
2191 23
2192 23
2193 22
2194 23
2195 23
2196 23
2197 23
2198 23
2199 23
2200 23
2201 23
2202 23
2203 22
2204 23
2205 23
2206 23
2207 23
2208 23
2209 23
2210 22
2211 22
2212 23
2213 22
2214 22
2215 23
2216 22
2217 23
2218 22
2219 24
2220 23
2221 23
2222 23
2223 22
2224 23
2225 24
2226 23
2227 22
2228 23
2229 22
2230 22
2231 23
2232 22
2233 23
2234 23
2235 22
2236 22
2237 23
2238 23
2239 22
2240 23
2241 24
2242 23
2243 23
2244 23
2245 23
2246 23
2247 22
2248 23
2249 23
2250 22
2251 23
2252 24
2253 23
2254 23
2255 22
2256 23
2257 23
2258 23
2259 23
2260 23
2261 22
2262 23
2263 23
2264 23
2265 22
2266 23
2267 22
2268 22
2269 23
2270 23
2271 23
2272 23
2273 22
2274 23
2275 23
2276 23
2277 22
2278 22
2279 22
2280 23
2281 23
2282 22
2283 23
2284 23
2285 23
2286 22
2287 23
2288 23
2289 22
2290 22
2291 22
2292 23
2293 23
2294 23
2295 23
2296 22
2297 22
2298 23
2299 23
2300 23
2301 23
2302 23
2303 23
2304 23
2305 24
2306 23
2307 24
2308 23
2309 23
2310 23
2311 23
2312 23
2313 23
2314 22
2315 23
2316 23
2317 23
2318 23
2319 23
2320 23
2321 23
2322 23
2323 23
2324 23
2325 23
2326 23
2327 23
2328 22
2329 23
2330 23
2331 23
2332 22
2333 22
2334 23
2335 22
2336 22
2337 23
2338 22
2339 22
2340 23
2341 22
2342 23
2343 22
2344 23
2345 23
2346 24
2347 23
2348 23
2349 22
2350 23
2351 23
2352 24
2353 23
2354 22
2355 22
2356 23
2357 23
2358 23
2359 23
2360 22
2361 22
2362 23
2363 22
2364 23
2365 23
2366 22
2367 22
2368 23
2369 23
2370 23
2371 23
2372 23
2373 22
2374 23
2375 23
2376 23
2377 22
2378 23
2379 22
2380 23
2381 23
2382 23
2383 22
2384 23
2385 23
2386 23
2387 22
2388 23
2389 23
2390 23
2391 22
2392 23
2393 22
2394 22
2395 22
2396 23
2397 23
2398 23
2399 23
2400 22
2401 22
2402 23
2403 23
2404 23
2405 23
2406 23
2407 23
2408 23
2409 22
2410 23
2411 23
2412 23
2413 22
2414 22
2415 23
2416 23
2417 23
2418 23
2419 22
2420 23
2421 23
2422 23
2423 23
2424 23
2425 23
2426 22
2427 23
2428 23
2429 22
2430 23
2431 22
2432 23
2433 22
2434 22
2435 23
2436 23
2437 23
2438 23
2439 23
2440 22
2441 23
2442 23
2443 23
2444 23
2445 23
2446 23
2447 23
2448 23
2449 23
2450 23
2451 23
2452 23
2453 22
2454 23
2455 22
2456 23
2457 22
2458 23
2459 23
2460 23
2461 22
2462 24
2463 23
2464 22
2465 22
2466 23
2467 23
2468 23
2469 23
2470 24
2471 22
2472 22
2473 23
2474 23
2475 23
2476 23
2477 23
2478 22
2479 24
2480 23
2481 22
2482 24
2483 23
2484 23
2485 23
2486 23
2487 23
2488 22
2489 23
2490 23
2491 22
2492 23
2493 23
2494 22
2495 23
2496 23
2497 23
2498 23
2499 23
2500 22
2501 23
2502 23
2503 23
2504 23
2505 23
2506 24
2507 23
2508 23
2509 23
2510 23
2511 23
2512 23
2513 23
2514 23
2515 23
2516 23
2517 22
2518 23
2519 23
2520 23
2521 23
2522 22
2523 23
2524 23
2525 22
2526 23
2527 23
2528 23
2529 22
2530 23
2531 23
2532 23
2533 23
2534 23
2535 22
2536 23
2537 23
2538 23
2539 23
2540 22
2541 22
2542 23
2543 22
2544 23
2545 23
2546 23
2547 23
2548 23
2549 23
2550 23
2551 22
2552 23
2553 22
2554 23
2555 23
2556 23
2557 22
2558 23
2559 23
2560 23
2561 22
2562 22
2563 23
2564 23
2565 22
2566 22
2567 22
2568 23
2569 23
2570 23
2571 22
2572 23
2573 23
2574 22
2575 23
2576 23
2577 23
2578 22
2579 23
2580 23
2581 23
2582 23
2583 22
2584 23
2585 23
2586 22
2587 23
2588 23
2589 23
2590 23
2591 22
2592 23
2593 23
2594 22
2595 23
2596 23
2597 22
2598 23
2599 23
2600 23
2601 23
2602 23
2603 23
2604 23
2605 22
2606 23
2607 23
2608 23
2609 23
2610 22
2611 22
2612 22
2613 23
2614 22
2615 23
2616 22
2617 23
2618 23
2619 23
2620 22
2621 23
2622 23
2623 23
2624 22
2625 23
2626 22
2627 22
2628 23
2629 23
2630 23
2631 23
2632 23
2633 22
2634 23
2635 23
2636 23
2637 22
2638 22
2639 23
2640 22
2641 22
2642 23
2643 23
2644 24
2645 23
2646 23
2647 22
2648 23
2649 23
2650 23
2651 23
2652 23
2653 23
2654 23
2655 23
2656 23
2657 23
2658 23
2659 23
2660 23
2661 23
2662 23
2663 23
2664 23
2665 23
2666 24
2667 23
2668 23
2669 22
2670 22
2671 23
2672 23
2673 23
2674 23
2675 23
2676 23
2677 23
2678 23
2679 24
2680 23
2681 23
2682 23
2683 22
2684 23
2685 24
2686 22
2687 22
2688 23
2689 23
2690 22
2691 23
2692 23
2693 22
2694 23
2695 23
2696 23
2697 23
2698 23
2699 23
2700 23
2701 23
2702 23
2703 23
2704 23
2705 23
2706 23
2707 23
2708 23
2709 23
2710 23
2711 23
2712 22
2713 22
2714 23
2715 23
2716 23
2717 24
2718 23
2719 22
2720 23
2721 24
2722 22
2723 23
2724 23
2725 23
2726 23
2727 23
2728 23
2729 23
2730 22
2731 22
2732 23
2733 23
2734 23
2735 23
2736 23
2737 23
2738 23
2739 23
2740 23
2741 23
2742 23
2743 23
2744 23
2745 23
2746 23
2747 23
2748 23
2749 22
2750 23
2751 24
2752 23
2753 23
2754 23
2755 23
2756 23
2757 23
2758 22
2759 22
2760 22
2761 23
2762 23
2763 23
2764 23
2765 23
2766 23
2767 23
2768 22
2769 23
2770 23
2771 23
2772 23
2773 23
2774 23
2775 23
2776 23
2777 23
2778 23
2779 23
2780 23
2781 23
2782 23
2783 23
2784 22
2785 23
2786 23
2787 24
2788 23
2789 23
2790 23
2791 24
2792 23
2793 23
2794 23
2795 24
2796 23
2797 23
2798 23
2799 23
2800 23
2801 23
2802 23
2803 23
2804 23
2805 23
2806 22
2807 23
2808 23
2809 23
2810 24
2811 23
2812 23
2813 23
2814 23
2815 23
2816 22
2817 23
2818 23
2819 22
2820 23
2821 23
2822 23
2823 23
2824 23
2825 24
2826 23
2827 23
2828 23
2829 22
2830 23
2831 23
2832 22
2833 22
2834 22
2835 24
2836 23
2837 23
2838 23
2839 22
2840 23
2841 23
2842 23
2843 23
2844 23
2845 23
2846 23
2847 23
2848 23
2849 23
2850 22
2851 23
2852 24
2853 23
2854 22
2855 22
2856 23
2857 23
2858 23
2859 23
2860 23
2861 23
2862 22
2863 23
2864 22
2865 22
2866 23
2867 22
2868 23
2869 23
2870 23
2871 23
2872 23
2873 22
2874 23
2875 23
2876 24
2877 23
2878 22
2879 23
2880 23
2881 23
2882 23
2883 23
2884 23
2885 23
2886 23
2887 24
2888 23
2889 23
2890 24
2891 23
2892 23
2893 23
2894 23
2895 23
2896 23
2897 23
2898 23
2899 23
2900 23
2901 23
2902 23
2903 22
2904 23
2905 23
2906 22
2907 22
2908 24
2909 23
2910 23
2911 23
2912 23
2913 22
2914 23
2915 23
2916 23
2917 22
2918 22
2919 23
2920 23
2921 23
2922 23
2923 23
2924 23
2925 22
2926 23
2927 23
2928 23
2929 23
2930 23
2931 23
2932 23
2933 23
2934 23
2935 23
2936 22
2937 23
2938 23
2939 22
2940 23
2941 23
2942 23
2943 23
2944 23
2945 24
2946 23
2947 23
2948 23
2949 23
2950 23
2951 23
2952 22
2953 22
2954 23
2955 23
2956 23
2957 22
2958 23
2959 23
2960 23
2961 23
2962 23
2963 23
2964 23
2965 23
2966 23
2967 23
2968 22
2969 22
2970 22
2971 23
2972 23
2973 23
2974 22
2975 23
2976 23
2977 23
2978 23
2979 23
2980 23
2981 23
2982 23
2983 24
2984 22
2985 23
2986 23
2987 23
2988 23
2989 23
2990 22
2991 23
2992 23
2993 23
2994 23
2995 23
2996 24
2997 23
2998 23
2999 23
3000 23
3001 22
3002 23
3003 23
3004 23
3005 23
3006 24
3007 23
3008 24
3009 23
3010 23
3011 23
3012 23
3013 23
3014 23
3015 23
3016 23
3017 23
3018 23
3019 22
3020 23
3021 23
3022 24
3023 23
3024 22
3025 23
3026 23
3027 23
3028 23
3029 23
3030 23
3031 23
3032 23
3033 23
3034 22
3035 23
3036 22
3037 23
3038 23
3039 23
3040 23
3041 23
3042 23
3043 23
3044 24
3045 23
3046 23
3047 22
3048 23
3049 23
3050 23
3051 22
3052 23
3053 23
3054 22
3055 23
3056 23
3057 23
3058 23
3059 22
3060 22
3061 22
3062 22
3063 23
3064 23
3065 23
3066 23
3067 23
3068 24
3069 22
3070 22
3071 22
3072 23
3073 22
3074 23
3075 23
3076 23
3077 23
3078 23
3079 23
3080 23
3081 23
3082 23
3083 23
3084 22
3085 23
3086 23
3087 23
3088 23
3089 23
3090 23
3091 23
3092 23
3093 23
3094 24
3095 23
3096 24
3097 23
3098 23
3099 22
3100 23
3101 23
3102 23
3103 22
3104 23
3105 22
3106 23
3107 22
3108 22
3109 23
3110 22
3111 22
3112 22
3113 23
3114 23
3115 23
3116 23
3117 24
3118 23
3119 24
3120 23
3121 23
3122 23
3123 23
3124 23
3125 23
3126 23
3127 22
3128 22
3129 23
3130 22
3131 22
3132 22
3133 22
3134 23
3135 23
3136 22
3137 23
3138 23
3139 23
3140 23
3141 23
3142 23
3143 23
3144 22
3145 22
3146 23
3147 24
3148 23
3149 23
3150 23
3151 23
3152 22
3153 23
3154 23
3155 23
3156 22
3157 23
3158 22
3159 22
3160 23
3161 22
3162 24
3163 23
3164 23
3165 23
3166 23
3167 23
3168 23
3169 22
3170 23
3171 22
3172 24
3173 23
3174 23
3175 23
3176 23
3177 23
3178 23
3179 23
3180 23
3181 23
3182 23
3183 23
3184 22
3185 22
3186 22
3187 23
3188 22
3189 23
3190 23
3191 23
3192 22
3193 23
3194 22
3195 23
3196 23
3197 23
3198 23
3199 22
3200 23
3201 23
3202 23
3203 23
3204 23
3205 23
3206 22
3207 23
3208 23
3209 23
3210 23
3211 22
3212 22
3213 23
3214 22
3215 23
3216 22
3217 23
3218 23
3219 22
3220 23
3221 23
3222 22
3223 24
3224 23
3225 22
3226 23
3227 23
3228 23
3229 23
3230 22
3231 23
3232 23
3233 23
3234 22
3235 22
3236 23
3237 24
3238 23
3239 22
3240 23
3241 23
3242 23
3243 23
3244 23
3245 23
3246 23
3247 23
3248 23
3249 22
3250 22
3251 23
3252 22
3253 23
3254 22
3255 23
3256 22
3257 23
3258 22
3259 23
3260 23
3261 24
3262 23
3263 23
3264 23
3265 23
3266 22
3267 22
3268 23
3269 23
3270 23
3271 23
3272 22
3273 23
3274 23
3275 23
3276 23
3277 23
3278 22
3279 23
3280 23
3281 22
3282 23
3283 23
3284 23
3285 22
3286 23
3287 23
3288 23
3289 23
3290 23
3291 23
3292 22
3293 23
3294 23
3295 23
3296 22
3297 23
3298 23
3299 22
3300 22
3301 23
3302 23
3303 24
3304 23
3305 23
3306 23
3307 23
3308 23
3309 22
3310 23
3311 23
3312 23
3313 23
3314 23
3315 23
3316 22
3317 23
3318 22
3319 23
3320 22
3321 23
3322 23
3323 23
3324 23
3325 23
3326 23
3327 22
3328 24
3329 22
3330 23
3331 23
3332 23
3333 23
3334 22
3335 23
3336 23
3337 23
3338 23
3339 23
3340 23
3341 22
3342 23
3343 23
3344 22
3345 22
3346 23
3347 23
3348 23
3349 22
3350 23
3351 24
3352 23
3353 22
3354 23
3355 23
3356 22
3357 23
3358 23
3359 23
3360 23
3361 23
3362 22
3363 23
3364 23
3365 23
3366 23
3367 22
3368 23
3369 23
3370 23
3371 23
3372 23
3373 22
3374 22
3375 22
3376 23
3377 23
3378 23
3379 23
3380 23
3381 22
3382 22
3383 22
3384 23
3385 22
3386 23
3387 23
3388 23
3389 24
3390 23
3391 23
3392 23
3393 23
3394 23
3395 22
3396 22
3397 23
3398 23
3399 23
3400 23
3401 22
3402 23
3403 23
3404 23
3405 23
3406 23
3407 23
3408 23
3409 22
3410 23
3411 23
3412 23
3413 23
3414 23
3415 23
3416 22
3417 23
3418 23
3419 23
3420 23
3421 22
3422 23
3423 23
3424 23
3425 21
3426 22
3427 22
3428 23
3429 23
3430 23
3431 23
3432 24
3433 23
3434 22
3435 22
3436 22
3437 23
3438 23
3439 23
3440 23
3441 23
3442 23
3443 23
3444 23
3445 22
3446 23
3447 23
3448 22
3449 24
3450 23
3451 23
3452 23
3453 24
3454 22
3455 22
3456 23
3457 22
3458 23
3459 23
3460 23
3461 23
3462 23
3463 22
3464 23
3465 21
3466 22
3467 23
3468 23
3469 23
3470 22
3471 23
3472 23
3473 23
3474 23
3475 23
3476 23
3477 23
3478 23
3479 23
3480 23
3481 23
3482 23
3483 22
3484 23
3485 23
3486 23
3487 23
3488 23
3489 23
3490 22
3491 23
3492 23
3493 23
3494 23
3495 23
3496 23
3497 23
3498 22
3499 24
3500 23
3501 23
3502 23
3503 23
3504 23
3505 24
3506 23
3507 23
3508 24
3509 23
3510 23
3511 23
3512 23
3513 22
3514 23
3515 23
3516 23
3517 23
3518 24
3519 23
3520 23
3521 23
3522 24
3523 22
3524 22
3525 23
3526 23
3527 22
3528 22
3529 23
3530 23
3531 23
3532 23
3533 22
3534 23
3535 23
3536 23
3537 23
3538 22
3539 23
3540 23
3541 23
3542 23
3543 23
3544 24
3545 23
3546 23
3547 23
3548 23
3549 22
3550 22
3551 22
3552 23
3553 23
3554 23
3555 23
3556 22
3557 23
3558 22
3559 23
3560 23
3561 23
3562 23
3563 22
3564 23
3565 23
3566 23
3567 24
3568 23
3569 23
3570 23
3571 23
3572 22
3573 22
3574 23
3575 23
3576 23
3577 23
3578 22
3579 23
3580 23
3581 22
3582 23
3583 23
3584 23
3585 23
3586 23
3587 22
3588 23
3589 23
3590 22
3591 23
3592 23
3593 23
3594 22
3595 23
3596 23
3597 23
3598 23
3599 24
3600 23
3601 22
3602 23
3603 23
3604 23
3605 22
3606 23
3607 23
3608 23
3609 22
3610 24
3611 23
3612 23
3613 24
3614 23
3615 23
3616 23
3617 23
3618 23
3619 23
3620 23
3621 23
3622 23
3623 24
3624 23
3625 23
3626 23
3627 23
3628 23
3629 23
3630 22
3631 23
3632 22
3633 22
3634 23
3635 23
3636 23
3637 23
3638 22
3639 23
3640 23
3641 23
3642 23
3643 24
3644 23
3645 23
3646 23
3647 22
3648 22
3649 23
3650 23
3651 22
3652 23
3653 23
3654 23
3655 23
3656 22
3657 23
3658 23
3659 23
3660 23
3661 23
3662 23
3663 23
3664 23
3665 23
3666 22
3667 23
3668 23
3669 23
3670 23
3671 23
3672 23
3673 23
3674 22
3675 22
3676 23
3677 23
3678 23
3679 22
3680 23
3681 22
3682 23
3683 23
3684 23
3685 22
3686 23
3687 23
3688 23
3689 23
3690 23
3691 23
3692 22
3693 23
3694 23
3695 23
3696 22
3697 23
3698 23
3699 23
3700 22
3701 23
3702 23
3703 22
3704 23
3705 23
3706 22
3707 24
3708 23
3709 23
3710 22
3711 24
3712 22
3713 23
3714 23
3715 22
3716 23
3717 23
3718 23
3719 22
3720 23
3721 23
3722 23
3723 23
3724 22
3725 22
3726 23
3727 22
3728 22
3729 23
3730 23
3731 22
3732 23
3733 23
3734 23
3735 23
3736 23
3737 23
3738 23
3739 23
3740 23
3741 23
3742 23
3743 23
3744 23
3745 23
3746 23
3747 23
3748 23
3749 23
3750 22
3751 23
3752 23
3753 23
3754 23
3755 23
3756 23
3757 22
3758 23
3759 24
3760 23
3761 23
3762 22
3763 23
3764 22
3765 23
3766 23
3767 23
3768 23
3769 23
3770 23
3771 23
3772 23
3773 23
3774 23
3775 23
3776 23
3777 23
3778 23
3779 23
3780 23
3781 23
3782 22
3783 22
3784 22
3785 24
3786 22
3787 23
3788 23
3789 22
3790 23
3791 23
3792 23
3793 23
3794 22
3795 23
3796 22
3797 22
3798 22
3799 23
3800 23
3801 23
3802 22
3803 23
3804 22
3805 22
3806 23
3807 23
3808 22
3809 23
3810 23
3811 22
3812 23
3813 24
3814 23
3815 23
3816 23
3817 23
3818 23
3819 24
3820 23
3821 23
3822 23
3823 22
3824 22
3825 23
3826 23
3827 22
3828 23
3829 23
3830 23
3831 23
3832 24
3833 22
3834 23
3835 24
3836 24
3837 23
3838 22
3839 23
3840 23
3841 23
3842 23
3843 23
3844 23
3845 23
3846 23
3847 23
3848 22
3849 23
3850 22
3851 22
3852 23
3853 23
3854 23
3855 23
3856 23
3857 24
3858 23
3859 23
3860 24
3861 23
3862 23
3863 23
3864 23
3865 22
3866 23
3867 23
3868 22
3869 24
3870 23
3871 23
3872 23
3873 23
3874 23
3875 22
3876 22
3877 23
3878 22
3879 22
3880 23
3881 23
3882 23
3883 23
3884 23
3885 23
3886 22
3887 23
3888 23
3889 23
3890 23
3891 23
3892 23
3893 23
3894 22
3895 23
3896 23
3897 23
3898 23
3899 23
3900 23
3901 23
3902 23
3903 23
3904 23
3905 23
3906 23
3907 23
3908 23
3909 23
3910 23
3911 23
3912 22
3913 23
3914 23
3915 22
3916 23
3917 23
3918 24
3919 23
3920 21
3921 23
3922 22
3923 23
3924 23
3925 23
3926 23
3927 22
3928 22
3929 23
3930 22
3931 23
3932 23
3933 23
3934 23
3935 23
3936 23
3937 23
3938 23
3939 23
3940 23
3941 23
3942 22
3943 23
3944 23
3945 22
3946 23
3947 22
3948 22
3949 23
3950 23
3951 23
3952 22
3953 23
3954 23
3955 23
3956 23
3957 23
3958 23
3959 22
3960 23
3961 22
3962 23
3963 22
3964 23
3965 23
3966 23
3967 23
3968 23
3969 23
3970 23
3971 23
3972 23
3973 23
3974 22
3975 23
3976 23
3977 23
3978 23
3979 23
3980 23
3981 23
3982 23
3983 23
3984 23
3985 22
3986 23
3987 22
3988 23
3989 23
3990 23
3991 22
3992 23
3993 23
3994 24
3995 23
3996 22
3997 23
3998 22
3999 23
4000 23
4001 23
4002 23
4003 23
4004 23
4005 23
4006 23
4007 23
4008 23
4009 23
4010 23
4011 23
4012 23
4013 22
4014 23
4015 23
4016 23
4017 23
4018 23
4019 22
4020 23
4021 23
4022 23
4023 23
4024 23
4025 22
4026 23
4027 22
4028 23
4029 22
4030 23
4031 22
4032 22
4033 23
4034 23
4035 23
4036 23
4037 23
4038 23
4039 23
4040 23
4041 23
4042 23
4043 23
4044 22
4045 23
4046 23
4047 23
4048 22
4049 22
4050 22
4051 23
4052 23
4053 23
4054 22
4055 23
4056 23
4057 23
4058 23
4059 22
4060 23
4061 23
4062 23
4063 22
4064 23
4065 22
4066 23
4067 23
4068 23
4069 24
4070 22
4071 24
4072 23
4073 23
4074 23
4075 23
4076 23
4077 23
4078 23
4079 22
4080 23
4081 23
4082 23
4083 23
4084 23
4085 23
4086 23
4087 23
4088 23
4089 23
4090 23
4091 23
4092 22
4093 23
4094 23
4095 23
4096 22
4097 22
4098 24
4099 22
4100 23
4101 23
4102 22
4103 23
4104 22
4105 23
4106 23
4107 23
4108 23
4109 23
4110 22
4111 23
4112 23
4113 23
4114 23
4115 24
4116 22
4117 23
4118 23
4119 23
4120 22
4121 23
4122 23
4123 23
4124 23
4125 22
4126 23
4127 24
4128 22
4129 23
4130 23
4131 23
4132 23
4133 23
4134 23
4135 23
4136 23
4137 23
4138 23
4139 22
4140 23
4141 23
4142 23
4143 22
4144 23
4145 23
4146 23
4147 22
4148 23
4149 23
4150 23
4151 23
4152 23
4153 23
4154 23
4155 22
4156 23
4157 22
4158 23
4159 23
4160 23
4161 23
4162 23
4163 23
4164 23
4165 22
4166 23
4167 23
4168 23
4169 22
4170 23
4171 23
4172 23
4173 22
4174 24
4175 23
4176 23
4177 23
4178 22
4179 22
4180 23
4181 23
4182 23
4183 22
4184 23
4185 23
4186 23
4187 22
4188 23
4189 23
4190 22
4191 23
4192 22
4193 23
4194 23
4195 24
4196 23
4197 23
4198 23
4199 23
4200 23
4201 24
4202 23
4203 23
4204 23
4205 23
4206 23
4207 23
4208 23
4209 24
4210 23
4211 23
4212 23
4213 24
4214 23
4215 22
4216 24
4217 23
4218 23
4219 23
4220 23
4221 23
4222 23
4223 23
4224 23
4225 23
4226 23
4227 24
4228 23
4229 23
4230 23
4231 22
4232 23
4233 23
4234 23
4235 23
4236 23
4237 23
4238 23
4239 23
4240 22
4241 23
4242 23
4243 23
4244 23
4245 22
4246 22
4247 23
4248 23
4249 22
4250 23
4251 23
4252 22
4253 23
4254 23
4255 23
4256 23
4257 23
4258 24
4259 23
4260 22
4261 23
4262 23
4263 23
4264 22
4265 23
4266 23
4267 24
4268 23
4269 22
4270 23
4271 23
4272 23
4273 23
4274 23
4275 22
4276 23
4277 23
4278 23
4279 23
4280 24
4281 22
4282 23
4283 23
4284 23
4285 23
4286 23
4287 23
4288 23
4289 23
4290 23
4291 23
4292 23
4293 23
4294 23
4295 22
4296 23
4297 23
4298 23
4299 23
4300 23
4301 22
4302 22
4303 23
4304 23
4305 23
4306 23
4307 23
4308 24
4309 23
4310 23
4311 22
4312 24
4313 23
4314 22
4315 23
4316 24
4317 22
4318 23
4319 23
4320 22
4321 23
4322 23
4323 23
4324 22
4325 22
4326 23
4327 23
4328 23
4329 23
4330 23
4331 23
4332 23
4333 23
4334 23
4335 23
4336 22
4337 23
4338 22
4339 23
4340 23
4341 24
4342 23
4343 23
4344 23
4345 23
4346 23
4347 23
4348 23
4349 23
4350 23
4351 24
4352 23
4353 23
4354 23
4355 23
4356 23
4357 23
4358 23
4359 23
4360 24
4361 24
4362 23
4363 22
4364 23
4365 23
4366 23
4367 23
4368 24
4369 22
4370 23
4371 23
4372 23
4373 23
4374 23
4375 23
4376 23
4377 22
4378 23
4379 23
4380 23
4381 23
4382 23
4383 24
4384 24
4385 23
4386 22
4387 22
4388 22
4389 23
4390 22
4391 23
4392 23
4393 23
4394 23
4395 23
4396 23
4397 23
4398 22
4399 23
4400 23
4401 23
4402 23
4403 23
4404 23
4405 23
4406 23
4407 22
4408 23
4409 23
4410 23
4411 23
4412 23
4413 22
4414 23
4415 23
4416 22
4417 23
4418 23
4419 22
4420 23
4421 23
4422 22
4423 23
4424 23
4425 23
4426 23
4427 23
4428 22
4429 23
4430 23
4431 23
4432 23
4433 23
4434 22
4435 23
4436 22
4437 23
4438 23
4439 22
4440 23
4441 24
4442 22
4443 23
4444 23
4445 23
4446 23
4447 23
4448 23
4449 23
4450 22
4451 23
4452 23
4453 23
4454 22
4455 23
4456 23
4457 23
4458 23
4459 23
4460 23
4461 23
4462 23
4463 22
4464 23
4465 23
4466 23
4467 22
4468 23
4469 23
4470 23
4471 23
4472 23
4473 22
4474 22
4475 22
4476 23
4477 23
4478 23
4479 23
4480 23
4481 23
4482 23
4483 23
4484 23
4485 23
4486 22
4487 23
4488 22
4489 22
4490 23
4491 23
4492 23
4493 23
4494 23
4495 23
4496 23
4497 23
4498 23
4499 23
4500 23
4501 23
4502 23
4503 23
4504 23
4505 23
4506 23
4507 22
4508 23
4509 23
4510 23
4511 23
4512 23
4513 23
4514 23
4515 23
4516 22
4517 23
4518 23
4519 22
4520 23
4521 23
4522 23
4523 22
4524 22
4525 23
4526 22
4527 22
4528 22
4529 22
4530 23
4531 23
4532 23
4533 23
4534 24
4535 23
4536 22
4537 23
4538 23
4539 23
4540 23
4541 23
4542 22
4543 23
4544 23
4545 23
4546 23
4547 23
4548 23
4549 23
4550 24
4551 23
4552 23
4553 22
4554 23
4555 23
4556 23
4557 22
4558 22
4559 23
4560 23
4561 22
4562 23
4563 23
4564 22
4565 23
4566 23
4567 23
4568 23
4569 22
4570 23
4571 23
4572 23
4573 22
4574 22
4575 23
4576 22
4577 23
4578 22
4579 23
4580 22
4581 23
4582 23
4583 23
4584 23
4585 23
4586 23
4587 23
4588 23
4589 23
4590 22
4591 23
4592 22
4593 24
4594 22
4595 23
4596 22
4597 22
4598 23
4599 22
4600 23
4601 22
4602 22
4603 23
4604 23
4605 23
4606 23
4607 23
4608 23
4609 23
4610 23
4611 22
4612 22
4613 23
4614 22
4615 23
4616 23
4617 23
4618 23
4619 23
4620 23
4621 23
4622 23
4623 23
4624 23
4625 22
4626 22
4627 23
4628 23
4629 22
4630 24
4631 23
4632 23
4633 23
4634 22
4635 23
4636 23
4637 23
4638 23
4639 23
4640 23
4641 23
4642 23
4643 23
4644 22
4645 22
4646 23
4647 23
4648 23
4649 23
4650 23
4651 22
4652 23
4653 23
4654 22
4655 23
4656 23
4657 23
4658 22
4659 23
4660 23
4661 23
4662 23
4663 23
4664 22
4665 23
4666 23
4667 23
4668 23
4669 23
4670 22
4671 23
4672 22
4673 23
4674 23
4675 23
4676 23
4677 23
4678 23
4679 23
4680 22
4681 24
4682 23
4683 23
4684 23
4685 23
4686 23
4687 23
4688 22
4689 23
4690 22
4691 24
4692 23
4693 23
4694 23
4695 22
4696 23
4697 23
4698 23
4699 23
4700 23
4701 22
4702 23
4703 23
4704 23
4705 23
4706 23
4707 23
4708 23
4709 23
4710 23
4711 23
4712 23
4713 22
4714 23
4715 23
4716 22
4717 23
4718 23
4719 23
4720 22
4721 23
4722 23
4723 23
4724 23
4725 23
4726 23
4727 23
4728 23
4729 23
4730 23
4731 23
4732 23
4733 23
4734 23
4735 23
4736 23
4737 23
4738 22
4739 23
4740 23
4741 23
4742 23
4743 23
4744 22
4745 23
4746 23
4747 23
4748 23
4749 23
4750 22
4751 23
4752 23
4753 23
4754 23
4755 23
4756 23
4757 23
4758 22
4759 24
4760 23
4761 22
4762 22
4763 22
4764 23
4765 22
4766 23
4767 23
4768 23
4769 23
4770 22
4771 23
4772 22
4773 23
4774 23
4775 23
4776 22
4777 23
4778 23
4779 22
4780 23
4781 23
4782 22
4783 23
4784 23
4785 23
4786 23
4787 22
4788 23
4789 23
4790 23
4791 22
4792 23
4793 23
4794 23
4795 23
4796 24
4797 23
4798 23
4799 23
4800 22
4801 23
4802 23
4803 22
4804 22
4805 23
4806 22
4807 23
4808 23
4809 23
4810 22
4811 23
4812 24
4813 23
4814 24
4815 23
4816 22
4817 23
4818 23
4819 23
4820 22
4821 23
4822 23
4823 22
4824 22
4825 23
4826 23
4827 23
4828 23
4829 23
4830 23
4831 23
4832 23
4833 23
4834 23
4835 23
4836 23
4837 23
4838 23
4839 23
4840 22
4841 22
4842 22
4843 23
4844 24
4845 23
4846 23
4847 23
4848 23
4849 23
4850 22
4851 22
4852 23
4853 23
4854 23
4855 23
4856 23
4857 23
4858 23
4859 23
4860 23
4861 23
4862 23
4863 22
4864 23
4865 23
4866 23
4867 23
4868 23
4869 23
4870 22
4871 23
4872 23
4873 23
4874 23
4875 23
4876 23
4877 23
4878 23
4879 23
4880 23
4881 23
4882 23
4883 23
4884 23
4885 23
4886 23
4887 23
4888 23
4889 23
4890 23
4891 23
4892 22
4893 23
4894 23
4895 23
4896 22
4897 23
4898 23
4899 23
4900 22
4901 22
4902 23
4903 23
4904 23
4905 23
4906 23
4907 23
4908 23
4909 23
4910 23
4911 23
4912 23
4913 23
4914 22
4915 22
4916 22
4917 22
4918 23
4919 23
4920 23
4921 23
4922 23
4923 23
4924 23
4925 22
4926 23
4927 23
4928 23
4929 23
4930 23
4931 22
4932 23
4933 22
4934 23
4935 23
4936 23
4937 23
4938 23
4939 23
4940 22
4941 23
4942 23
4943 23
4944 23
4945 22
4946 22
4947 24
4948 22
4949 23
4950 22
4951 23
4952 23
4953 23
4954 23
4955 23
4956 23
4957 23
4958 23
4959 23
4960 22
4961 22
4962 24
4963 23
4964 23
4965 23
4966 23
4967 23
4968 23
4969 23
4970 23
4971 22
4972 24
4973 23
4974 23
4975 24
4976 23
4977 23
4978 23
4979 22
4980 23
4981 23
4982 23
4983 23
4984 23
4985 23
4986 23
4987 23
4988 23
4989 23
4990 24
4991 23
4992 23
4993 24
4994 22
4995 23
4996 23
4997 23
4998 24
4999 23
5000 23
5001 23
5002 23
5003 22
5004 22
5005 23
5006 23
5007 23
5008 23
5009 23
5010 23
5011 23
5012 24
5013 23
5014 23
5015 23
5016 23
5017 23
5018 23
5019 22
5020 23
5021 23
5022 22
5023 23
5024 22
5025 23
5026 22
5027 23
5028 22
5029 22
5030 22
5031 22
5032 23
5033 22
5034 22
5035 23
5036 22
5037 23
5038 23
5039 23
5040 23
5041 23
5042 23
5043 24
5044 22
5045 24
5046 23
5047 23
5048 23
5049 22
5050 23
5051 23
5052 23
5053 23
5054 23
5055 23
5056 23
5057 23
5058 23
5059 23
5060 23
5061 23
5062 22
5063 22
5064 23
5065 23
5066 23
5067 23
5068 23
5069 22
5070 23
5071 23
5072 23
5073 23
5074 22
5075 23
5076 23
5077 23
5078 23
5079 23
5080 23
5081 23
5082 22
5083 23
5084 22
5085 23
5086 22
5087 22
5088 23
5089 23
5090 22
5091 23
5092 23
5093 23
5094 23
5095 22
5096 23
5097 23
5098 24
5099 23
5100 23
5101 23
5102 23
5103 23
5104 23
5105 23
5106 23
5107 23
5108 22
5109 23
5110 23
5111 23
5112 22
5113 23
5114 23
5115 23
5116 23
5117 24
5118 23
5119 23
5120 23
5121 23
5122 22
5123 23
5124 22
5125 23
5126 22
5127 23
5128 23
5129 23
5130 22
5131 22
5132 23
5133 23
5134 23
5135 22
5136 23
5137 22
5138 23
5139 23
5140 22
5141 22
5142 23
5143 23
5144 23
5145 23
5146 23
5147 23
5148 23
5149 22
5150 22
5151 23
5152 23
5153 23
5154 23
5155 23
5156 23
5157 22
5158 23
5159 23
5160 23
5161 23
5162 22
5163 23
5164 23
5165 23
5166 23
5167 23
5168 23
5169 22
5170 23
5171 23
5172 23
5173 23
5174 23
5175 23
5176 23
5177 23
5178 22
5179 21
5180 23
5181 23
5182 22
5183 23
5184 23
5185 23
5186 23
5187 24
5188 23
5189 23
5190 22
5191 23
5192 23
5193 22
5194 23
5195 23
5196 23
5197 22
5198 23
5199 23
5200 23
5201 24
5202 23
5203 23
5204 23
5205 23
5206 23
5207 23
5208 23
5209 23
5210 23
5211 23
5212 23
5213 23
5214 23
5215 22
5216 22
5217 23
5218 22
5219 24
5220 22
5221 23
5222 24
5223 23
5224 23
5225 23
5226 22
5227 23
5228 22
5229 23
5230 22
5231 23
5232 23
5233 23
5234 23
5235 23
5236 24
5237 23
5238 22
5239 23
5240 23
5241 22
5242 23
5243 22
5244 23
5245 23
5246 23
5247 23
5248 23
5249 22
5250 23
5251 23
5252 22
5253 23
5254 23
5255 23
5256 23
5257 23
5258 24
5259 22
5260 23
5261 23
5262 24
5263 23
5264 22
5265 23
5266 23
5267 23
5268 22
5269 23
5270 23
5271 22
5272 22
5273 23
5274 23
5275 22
5276 23
5277 23
5278 23
5279 23
5280 23
5281 23
5282 23
5283 23
5284 23
5285 23
5286 22
5287 23
5288 23
5289 23
5290 22
5291 22
5292 23
5293 23
5294 23
5295 23
5296 23
5297 23
5298 24
5299 23
5300 23
5301 23
5302 23
5303 23
5304 23
5305 22
5306 23
5307 22
5308 24
5309 23
5310 22
5311 23
5312 22
5313 22
5314 23
5315 23
5316 23
5317 23
5318 22
5319 23
5320 23
5321 23
5322 22
5323 23
5324 23
5325 23
5326 23
5327 23
5328 24
5329 22
5330 23
5331 24
5332 22
5333 23
5334 23
5335 23
5336 23
5337 23
5338 23
5339 23
5340 22
5341 24
5342 23
5343 23
5344 22
5345 23
5346 23
5347 23
5348 24
5349 22
5350 23
5351 23
5352 23
5353 23
5354 22
5355 23
5356 23
5357 23
5358 22
5359 24
5360 23
5361 23
5362 23
5363 23
5364 23
5365 23
5366 23
5367 23
5368 22
5369 22
5370 23
5371 23
5372 23
5373 24
5374 22
5375 23
5376 23
5377 23
5378 23
5379 23
5380 22
5381 23
5382 23
5383 22
5384 23
5385 23
5386 23
5387 23
5388 22
5389 23
5390 23
5391 23
5392 23
5393 23
5394 23
5395 23
5396 23
5397 24
5398 22
5399 23
5400 23
5401 23
5402 23
5403 23
5404 23
5405 23
5406 22
5407 23
5408 23
5409 23
5410 23
5411 24
5412 23
5413 23
5414 23
5415 23
5416 23
5417 23
5418 23
5419 23
5420 23
5421 23
5422 23
5423 22
5424 23
5425 22
5426 22
5427 23
5428 23
5429 23
5430 23
5431 23
5432 23
5433 23
5434 23
5435 23
5436 23
5437 23
5438 23
5439 23
5440 23
5441 23
5442 22
5443 21
5444 23
5445 23
5446 23
5447 23
5448 23
5449 23
5450 23
5451 24
5452 22
5453 23
5454 23
5455 23
5456 23
5457 23
5458 23
5459 24
5460 23
5461 23
5462 22
5463 22
5464 23
5465 22
5466 23
5467 23
5468 22
5469 22
5470 22
5471 22
5472 23
5473 22
5474 23
5475 23
5476 23
5477 23
5478 23
5479 23
5480 23
5481 23
5482 23
5483 23
5484 23
5485 23
5486 24
5487 23
5488 22
5489 23
5490 22
5491 23
5492 23
5493 23
5494 23
5495 23
5496 23
5497 22
5498 23
5499 23
5500 22
5501 23
5502 23
5503 22
5504 23
5505 23
5506 23
5507 23
5508 23
5509 23
5510 23
5511 22
5512 22
5513 23
5514 23
5515 22
5516 23
5517 23
5518 23
5519 22
5520 23
5521 23
5522 23
5523 23
5524 23
5525 23
5526 23
5527 22
5528 23
5529 24
5530 23
5531 23
5532 22
5533 23
5534 22
5535 22
5536 23
5537 24
5538 23
5539 24
5540 23
5541 22
5542 23
5543 23
5544 23
5545 23
5546 24
5547 23
5548 23
5549 23
5550 23
5551 23
5552 23
5553 23
5554 23
5555 22
5556 23
5557 22
5558 23
5559 23
5560 23
5561 23
5562 23
5563 23
5564 22
5565 23
5566 23
5567 24
5568 23
5569 23
5570 22
5571 23
5572 22
5573 23
5574 23
5575 22
5576 23
5577 22
5578 23
5579 23
5580 23
5581 23
5582 23
5583 23
5584 23
5585 23
5586 23
5587 23
5588 23
5589 23
5590 23
5591 23
5592 23
5593 23
5594 23
5595 23
5596 22
5597 23
5598 23
5599 22
5600 23
5601 22
5602 23
5603 23
5604 23
5605 23
5606 23
5607 23
5608 23
5609 22
5610 23
5611 22
5612 23
5613 23
5614 23
5615 23
5616 23
5617 23
5618 23
5619 22
5620 23
5621 23
5622 23
5623 23
5624 24
5625 23
5626 23
5627 22
5628 23
5629 23
5630 22
5631 23
5632 23
5633 24
5634 23
5635 23
5636 22
5637 23
5638 23
5639 23
5640 23
5641 23
5642 23
5643 22
5644 23
5645 23
5646 23
5647 23
5648 23
5649 23
5650 22
5651 22
5652 22
5653 23
5654 23
5655 23
5656 22
5657 23
5658 23
5659 23
5660 23
5661 23
5662 23
5663 22
5664 22
5665 24
5666 24
5667 23
5668 23
5669 23
5670 23
5671 23
5672 23
5673 23
5674 22
5675 22
5676 23
5677 23
5678 23
5679 23
5680 23
5681 23
5682 23
5683 23
5684 23
5685 23
5686 23
5687 23
5688 23
5689 23
5690 23
5691 23
5692 23
5693 23
5694 22
5695 23
5696 23
5697 23
5698 23
5699 23
5700 22
5701 23
5702 23
5703 23
5704 23
5705 24
5706 23
5707 23
5708 23
5709 23
5710 23
5711 22
5712 22
5713 23
5714 23
5715 23
5716 23
5717 23
5718 23
5719 22
5720 23
5721 23
5722 23
5723 23
5724 23
5725 23
5726 23
5727 23
5728 23
5729 23
5730 23
5731 23
5732 23
5733 23
5734 22
5735 23
5736 22
5737 23
5738 23
5739 23
5740 23
5741 23
5742 23
5743 23
5744 22
5745 23
5746 22
5747 23
5748 23
5749 23
5750 23
5751 23
5752 23
5753 23
5754 23
5755 23
5756 23
5757 23
5758 23
5759 22
5760 24
5761 22
5762 22
5763 22
5764 22
5765 23
5766 23
5767 22
5768 23
5769 23
5770 23
5771 23
5772 23
5773 23
5774 22
5775 22
5776 23
5777 23
5778 23
5779 23
5780 23
5781 22
5782 23
5783 23
5784 23
5785 23
5786 23
5787 22
5788 22
5789 23
5790 23
5791 23
5792 23
5793 23
5794 23
5795 23
5796 23
5797 23
5798 24
5799 23
5800 22
5801 22
5802 23
5803 23
5804 24
5805 23
5806 23
5807 23
5808 23
5809 23
5810 23
5811 23
5812 23
5813 23
5814 23
5815 23
5816 23
5817 23
5818 23
5819 23
5820 24
5821 22
5822 23
5823 23
5824 23
5825 22
5826 22
5827 23
5828 23
5829 22
5830 23
5831 24
5832 23
5833 23
5834 23
5835 23
5836 23
5837 23
5838 23
5839 23
5840 23
5841 23
5842 23
5843 23
5844 22
5845 24
5846 23
5847 22
5848 23
5849 23
5850 23
5851 23
5852 23
5853 23
5854 22
5855 23
5856 23
5857 23
5858 23
5859 22
5860 24
5861 23
5862 22
5863 23
5864 23
5865 22
5866 23
5867 23
5868 23
5869 23
5870 23
5871 23
5872 23
5873 23
5874 23
5875 24
5876 23
5877 23
5878 23
5879 23
5880 23
5881 23
5882 23
5883 23
5884 22
5885 23
5886 22
5887 22
5888 24
5889 22
5890 23
5891 23
5892 23
5893 23
5894 23
5895 23
5896 23
5897 23
5898 22
5899 23
5900 23
5901 23
5902 23
5903 23
5904 23
5905 23
5906 23
5907 23
5908 23
5909 23
5910 23
5911 23
5912 23
5913 23
5914 23
5915 23
5916 24
5917 24
5918 23
5919 22
5920 23
5921 22
5922 23
5923 23
5924 23
5925 23
5926 23
5927 23
5928 23
5929 24
5930 23
5931 23
5932 23
5933 23
5934 23
5935 24
5936 23
5937 23
5938 23
5939 23
5940 23
5941 23
5942 23
5943 22
5944 23
5945 23
5946 22
5947 23
5948 22
5949 23
5950 22
5951 22
5952 23
5953 23
5954 23
5955 23
5956 23
5957 22
5958 23
5959 22
5960 23
5961 22
5962 23
5963 22
5964 22
5965 23
5966 23
5967 23
5968 22
5969 22
5970 22
5971 22
5972 23
5973 22
5974 23
5975 23
5976 23
5977 23
5978 23
5979 22
5980 22
5981 23
5982 23
5983 22
5984 23
5985 23
5986 23
5987 23
5988 23
5989 23
5990 22
5991 22
5992 23
5993 24
5994 22
5995 24
5996 23
5997 23
5998 23
5999 23
6000 23
6001 22
6002 22
6003 23
6004 23
6005 23
6006 23
6007 22
6008 23
6009 22
6010 23
6011 23
6012 22
6013 23
6014 23
6015 22
6016 23
6017 22
6018 23
6019 24
6020 22
6021 23
6022 22
6023 23
6024 22
6025 23
6026 23
6027 23
6028 23
6029 23
6030 23
6031 22
6032 23
6033 23
6034 23
6035 23
6036 23
6037 23
6038 23
6039 22
6040 23
6041 22
6042 23
6043 23
6044 22
6045 23
6046 23
6047 22
6048 22
6049 23
6050 23
6051 23
6052 23
6053 23
6054 23
6055 23
6056 23
6057 23
6058 23
6059 23
6060 23
6061 23
6062 23
6063 22
6064 23
6065 23
6066 23
6067 23
6068 23
6069 23
6070 23
6071 22
6072 23
6073 22
6074 23
6075 23
6076 23
6077 23
6078 23
6079 23
6080 23
6081 22
6082 23
6083 23
6084 23
6085 23
6086 22
6087 23
6088 23
6089 23
6090 23
6091 23
6092 23
6093 22
6094 23
6095 23
6096 23
6097 22
6098 23
6099 24
6100 23
6101 22
6102 23
6103 23
6104 23
6105 24
6106 23
6107 23
6108 23
6109 23
6110 23
6111 23
6112 23
6113 23
6114 23
6115 23
6116 23
6117 23
6118 22
6119 22
6120 23
6121 22
6122 23
6123 23
6124 23
6125 22
6126 23
6127 23
6128 22
6129 23
6130 23
6131 22
6132 22
6133 23
6134 23
6135 23
6136 22
6137 23
6138 22
6139 23
6140 23
6141 23
6142 24
6143 23
6144 23
6145 23
6146 23
6147 23
6148 23
6149 23
6150 23
6151 23
6152 23
6153 23
6154 22
6155 23
6156 23
6157 23
6158 23
6159 23
6160 22
6161 22
6162 22
6163 22
6164 23
6165 23
6166 23
6167 22
6168 23
6169 23
6170 23
6171 23
6172 23
6173 23
6174 24
6175 23
6176 23
6177 23
6178 22
6179 22
6180 22
6181 23
6182 23
6183 23
6184 22
6185 23
6186 23
6187 23
6188 23
6189 23
6190 23
6191 23
6192 23
6193 23
6194 23
6195 23
6196 22
6197 23
6198 23
6199 23
6200 23
6201 23
6202 23
6203 24
6204 23
6205 23
6206 23
6207 22
6208 24
6209 23
6210 23
6211 23
6212 23
6213 22
6214 23
6215 23
6216 23
6217 23
6218 23
6219 23
6220 23
6221 23
6222 23
6223 22
6224 23
6225 23
6226 23
6227 23
6228 23
6229 22
6230 22
6231 23
6232 23
6233 23
6234 22
6235 23
6236 23
6237 22
6238 22
6239 23
6240 23
6241 23
6242 23
6243 23
6244 22
6245 23
6246 23
6247 23
6248 23
6249 24
6250 24
6251 23
6252 23
6253 23
6254 23
6255 22
6256 23
6257 23
6258 23
6259 23
6260 23
6261 23
6262 23
6263 23
6264 23
6265 23
6266 23
6267 23
6268 23
6269 23
6270 23
6271 23
6272 23
6273 23
6274 23
6275 23
6276 21
6277 23
6278 24
6279 22
6280 23
6281 23
6282 22
6283 23
6284 23
6285 23
6286 23
6287 23
6288 23
6289 23
6290 23
6291 23
6292 23
6293 22
6294 22
6295 23
6296 23
6297 22
6298 23
6299 23
6300 23
6301 23
6302 23
6303 22
6304 23
6305 23
6306 23
6307 23
6308 23
6309 24
6310 23
6311 23
6312 22
6313 23
6314 23
6315 23
6316 23
6317 23
6318 23
6319 23
6320 23
6321 22
6322 23
6323 23
6324 23
6325 23
6326 23
6327 24
6328 23
6329 23
6330 23
6331 23
6332 22
6333 23
6334 23
6335 23
6336 23
6337 22
6338 22
6339 22
6340 22
6341 23
6342 22
6343 23
6344 23
6345 22
6346 23
6347 23
6348 22
6349 23
6350 23
6351 23
6352 23
6353 23
6354 22
6355 23
6356 22
6357 22
6358 23
6359 23
6360 23
6361 23
6362 23
6363 23
6364 22
6365 23
6366 23
6367 23
6368 23
6369 23
6370 23
6371 24
6372 23
6373 23
6374 23
6375 23
6376 23
6377 23
6378 23
6379 23
6380 22
6381 22
6382 22
6383 23
6384 23
6385 23
6386 23
6387 22
6388 23
6389 23
6390 22
6391 23
6392 22
6393 23
6394 22
6395 23
6396 23
6397 23
6398 22
6399 23
6400 23
6401 23
6402 23
6403 22
6404 23
6405 23
6406 23
6407 22
6408 22
6409 22
6410 23
6411 23
6412 24
6413 23
6414 23
6415 23
6416 23
6417 23
6418 23
6419 23
6420 23
6421 22
6422 23
6423 23
6424 23
6425 23
6426 23
6427 23
6428 23
6429 23
6430 23
6431 23
6432 23
6433 22
6434 22
6435 22
6436 23
6437 22
6438 23
6439 23
6440 22
6441 23
6442 23
6443 23
6444 23
6445 23
6446 23
6447 23
6448 23
6449 23
6450 23
6451 22
6452 23
6453 23
6454 23
6455 23
6456 23
6457 23
6458 22
6459 23
6460 23
6461 23
6462 22
6463 23
6464 23
6465 22
6466 23
6467 23
6468 23
6469 23
6470 22
6471 23
6472 23
6473 22
6474 22
6475 23
6476 23
6477 23
6478 23
6479 22
6480 23
6481 23
6482 23
6483 23
6484 22
6485 23
6486 23
6487 24
6488 23
6489 23
6490 23
6491 23
6492 23
6493 23
6494 23
6495 23
6496 22
6497 23
6498 23
6499 23
6500 23
6501 22
6502 23
6503 23
6504 22
6505 22
6506 22
6507 23
6508 23
6509 23
6510 23
6511 22
6512 22
6513 23
6514 23
6515 23
6516 23
6517 23
6518 23
6519 23
6520 23
6521 23
6522 24
6523 23
6524 23
6525 23
6526 22
6527 22
6528 23
6529 23
6530 23
6531 22
6532 23
6533 22
6534 23
6535 23
6536 22
6537 23
6538 23
6539 23
6540 23
6541 22
6542 23
6543 22
6544 23
6545 23
6546 22
6547 23
6548 23
6549 23
6550 24
6551 23
6552 23
6553 23
6554 23
6555 23
6556 22
6557 23
6558 23
6559 22
6560 23
6561 23
6562 23
6563 24
6564 23
6565 23
6566 23
6567 23
6568 23
6569 23
6570 22
6571 23
6572 23
6573 23
6574 23
6575 23
6576 23
6577 22
6578 23
6579 23
6580 22
6581 23
6582 23
6583 22
6584 23
6585 23
6586 22
6587 23
6588 22
6589 23
6590 23
6591 23
6592 23
6593 24
6594 23
6595 22
6596 23
6597 22
6598 23
6599 23
6600 23
6601 23
6602 23
6603 23
6604 22
6605 22
6606 23
6607 23
6608 22
6609 23
6610 23
6611 23
6612 24
6613 23
6614 23
6615 23
6616 22
6617 23
6618 23
6619 23
6620 22
6621 23
6622 23
6623 23
6624 23
6625 23
6626 23
6627 23
6628 23
6629 23
6630 22
6631 23
6632 23
6633 23
6634 23
6635 23
6636 23
6637 23
6638 23
6639 23
6640 24
6641 23
6642 23
6643 22
6644 23
6645 23
6646 23
6647 23
6648 24
6649 23
6650 23
6651 23
6652 22
6653 23
6654 23
6655 23
6656 23
6657 23
6658 23
6659 23
6660 23
6661 22
6662 23
6663 23
6664 23
6665 24
6666 23
6667 22
6668 22
6669 23
6670 23
6671 22
6672 23
6673 23
6674 23
6675 23
6676 23
6677 23
6678 22
6679 23
6680 22
6681 23
6682 23
6683 23
6684 22
6685 23
6686 23
6687 23
6688 22
6689 23
6690 23
6691 23
6692 23
6693 23
6694 23
6695 23
6696 22
6697 23
6698 23
6699 23
6700 22
6701 23
6702 23
6703 23
6704 23
6705 23
6706 23
6707 23
6708 23
6709 23
6710 22
6711 24
6712 22
6713 23
6714 23
6715 22
6716 23
6717 23
6718 23
6719 23
6720 22
6721 23
6722 22
6723 23
6724 22
6725 23
6726 23
6727 22
6728 23
6729 23
6730 23
6731 23
6732 23
6733 23
6734 22
6735 23
6736 24
6737 23
6738 23
6739 23
6740 23
6741 23
6742 23
6743 23
6744 23
6745 23
6746 24
6747 23
6748 23
6749 23
6750 23
6751 23
6752 23
6753 23
6754 23
6755 23
6756 23
6757 22
6758 23
6759 23
6760 23
6761 23
6762 23
6763 23
6764 23
6765 22
6766 22
6767 23
6768 23
6769 23
6770 23
6771 23
6772 23
6773 23
6774 22
6775 23
6776 24
6777 22
6778 23
6779 23
6780 23
6781 23
6782 23
6783 23
6784 22
6785 22
6786 22
6787 23
6788 23
6789 23
6790 22
6791 23
6792 22
6793 22
6794 23
6795 22
6796 23
6797 23
6798 24
6799 23
6800 23
6801 23
6802 23
6803 23
6804 23
6805 23
6806 22
6807 23
6808 22
6809 22
6810 23
6811 23
6812 24
6813 22
6814 23
6815 23
6816 22
6817 23
6818 23
6819 23
6820 23
6821 23
6822 23
6823 23
6824 23
6825 23
6826 23
6827 23
6828 23
6829 22
6830 23
6831 23
6832 23
6833 23
6834 23
6835 23
6836 23
6837 23
6838 23
6839 22
6840 22
6841 22
6842 23
6843 23
6844 23
6845 23
6846 23
6847 23
6848 23
6849 23
6850 22
6851 23
6852 23
6853 24
6854 22
6855 23
6856 22
6857 23
6858 23
6859 23
6860 23
6861 23
6862 23
6863 23
6864 23
6865 23
6866 22
6867 23
6868 23
6869 23
6870 23
6871 23
6872 23
6873 23
6874 23
6875 23
6876 23
6877 23
6878 23
6879 23
6880 23
6881 23
6882 23
6883 23
6884 23
6885 22
6886 23
6887 23
6888 23
6889 23
6890 24
6891 24
6892 22
6893 23
6894 23
6895 23
6896 22
6897 23
6898 23
6899 23
6900 23
6901 23
6902 23
6903 22
6904 23
6905 23
6906 23
6907 23
6908 23
6909 23
6910 23
6911 23
6912 23
6913 22
6914 22
6915 23
6916 22
6917 22
6918 23
6919 23
6920 22
6921 23
6922 22
6923 22
6924 23
6925 23
6926 22
6927 22
6928 23
6929 23
6930 23
6931 23
6932 23
6933 23
6934 23
6935 23
6936 23
6937 22
6938 23
6939 22
6940 23
6941 23
6942 23
6943 23
6944 23
6945 22
6946 23
6947 23
6948 22
6949 23
6950 23
6951 23
6952 23
6953 24
6954 23
6955 23
6956 23
6957 23
6958 23
6959 23
6960 23
6961 23
6962 23
6963 23
6964 23
6965 22
6966 23
6967 23
6968 23
6969 23
6970 23
6971 23
6972 23
6973 23
6974 22
6975 23
6976 22
6977 23
6978 24
6979 23
6980 22
6981 23
6982 22
6983 23
6984 22
6985 23
6986 24
6987 23
6988 22
6989 23
6990 23
6991 24
6992 23
6993 23
6994 22
6995 23
6996 23
6997 23
6998 24
6999 22
7000 23
7001 23
7002 23
7003 22
7004 23
7005 22
7006 23
7007 23
7008 23
7009 23
7010 23
7011 22
7012 23
7013 23
7014 23
7015 22
7016 23
7017 23
7018 23
7019 23
7020 23
7021 23
7022 22
7023 24
7024 24
7025 22
7026 23
7027 23
7028 23
7029 22
7030 23
7031 23
7032 23
7033 23
7034 23
7035 23
7036 22
7037 23
7038 23
7039 22
7040 23
7041 22
7042 23
7043 22
7044 23
7045 23
7046 23
7047 23
7048 23
7049 23
7050 22
7051 23
7052 23
7053 23
7054 23
7055 23
7056 23
7057 23
7058 22
7059 24
7060 23
7061 22
7062 23
7063 23
7064 22
7065 22
7066 22
7067 23
7068 23
7069 23
7070 23
7071 23
7072 23
7073 23
7074 22
7075 23
7076 23
7077 23
7078 22
7079 22
7080 23
7081 23
7082 23
7083 23
7084 22
7085 23
7086 23
7087 22
7088 23
7089 24
7090 23
7091 23
7092 23
7093 23
7094 23
7095 23
7096 23
7097 23
7098 23
7099 23
7100 23
7101 23
7102 23
7103 23
7104 23
7105 22
7106 23
7107 22
7108 22
7109 23
7110 23
7111 23
7112 23
7113 24
7114 23
7115 23
7116 23
7117 22
7118 24
7119 23
7120 22
7121 23
7122 22
7123 23
7124 23
7125 23
7126 23
7127 23
7128 23
7129 23
7130 22
7131 23
7132 23
7133 23
7134 23
7135 24
7136 23
7137 23
7138 22
7139 22
7140 22
7141 23
7142 23
7143 22
7144 23
7145 23
7146 23
7147 23
7148 22
7149 22
7150 23
7151 23
7152 22
7153 23
7154 23
7155 23
7156 22
7157 23
7158 23
7159 23
7160 22
7161 23
7162 23
7163 23
7164 23
7165 23
7166 22
7167 23
7168 23
7169 23
7170 23
7171 23
7172 22
7173 23
7174 22
7175 23
7176 23
7177 24
7178 23
7179 23
7180 23
7181 23
7182 23
7183 23
7184 23
7185 23
7186 23
7187 23
7188 23
7189 23
7190 23
7191 23
7192 23
7193 22
7194 23
7195 24
7196 23
7197 22
7198 22
7199 23
7200 23
7201 22
7202 23
7203 22
7204 22
7205 23
7206 22
7207 23
7208 22
7209 23
7210 23
7211 23
7212 23
7213 23
7214 22
7215 23
7216 22
7217 23
7218 23
7219 23
7220 23
7221 23
7222 23
7223 23
7224 23
7225 23
7226 23
7227 22
7228 23
7229 24
7230 24
7231 22
7232 23
7233 23
7234 22
7235 23
7236 23
7237 23
7238 23
7239 23
7240 23
7241 22
7242 23
7243 23
7244 23
7245 24
7246 23
7247 23
7248 23
7249 23
7250 23
7251 23
7252 22
7253 22
7254 23
7255 22
7256 23
7257 23
7258 23
7259 23
7260 23
7261 23
7262 23
7263 23
7264 23
7265 23
7266 22
7267 23
7268 23
7269 23
7270 23
7271 23
7272 22
7273 23
7274 23
7275 22
7276 23
7277 23
7278 22
7279 23
7280 23
7281 23
7282 23
7283 23
7284 23
7285 23
7286 23
7287 23
7288 23
7289 23
7290 23
7291 23
7292 24
7293 23
7294 23
7295 23
7296 23
7297 23
7298 23
7299 23
7300 23
7301 22
7302 24
7303 23
7304 23
7305 22
7306 23
7307 23
7308 23
7309 22
7310 23
7311 23
7312 22
7313 23
7314 22
7315 23
7316 24
7317 23
7318 22
7319 23
7320 23
7321 23
7322 23
7323 23
7324 23
7325 23
7326 22
7327 23
7328 22
7329 23
7330 23
7331 23
7332 23
7333 24
7334 23
7335 23
7336 23
7337 23
7338 23
7339 23
7340 22
7341 23
7342 23
7343 23
7344 23
7345 23
7346 22
7347 23
7348 23
7349 22
7350 23
7351 23
7352 23
7353 22
7354 23
7355 23
7356 23
7357 23
7358 23
7359 23
7360 23
7361 23
7362 23
7363 23
7364 22
7365 23
7366 23
7367 23
7368 23
7369 22
7370 22
7371 23
7372 23
7373 23
7374 23
7375 23
7376 23
7377 24
7378 23
7379 23
7380 23
7381 23
7382 23
7383 23
7384 23
7385 23
7386 23
7387 23
7388 23
7389 23
7390 23
7391 23
7392 23
7393 23
7394 23
7395 22
7396 23
7397 23
7398 22
7399 23
7400 22
7401 23
7402 24
7403 23
7404 23
7405 23
7406 23
7407 23
7408 23
7409 24
7410 23
7411 23
7412 24
7413 23
7414 23
7415 23
7416 23
7417 23
7418 23
7419 22
7420 23
7421 22
7422 23
7423 23
7424 23
7425 22
7426 23
7427 22
7428 23
7429 23
7430 23
7431 22
