Polymer_Index N_1
0 25
1 26
2 25
3 25
4 26
5 25
6 26
7 25
8 26
9 26
10 25
11 25
12 26
13 26
14 25
15 26
16 26
17 25
18 26
19 26
20 26
21 26
22 26
23 26
24 26
25 26
26 26
27 25
28 25
29 26
30 25
31 25
32 25
33 26
34 25
35 25
36 26
37 26
38 26
39 25
40 26
41 25
42 25
43 25
44 25
45 26
46 26
47 25
48 26
49 25
50 26
51 26
52 26
53 25
54 26
55 26
56 25
57 24
58 26
59 25
60 25
61 26
62 25
63 26
64 25
65 25
66 26
67 25
68 25
69 26
70 25
71 26
72 25
73 26
74 25
75 26
76 26
77 25
78 26
79 26
80 25
81 25
82 26
83 26
84 26
85 26
86 25
87 26
88 26
89 25
90 26
91 26
92 26
93 25
94 26
95 25
96 25
97 26
98 26
99 26
100 25
101 25
102 25
103 26
104 26
105 25
106 25
107 26
108 26
109 26
110 26
111 26
112 26
113 26
114 25
115 26
116 26
117 26
118 25
119 26
120 25
121 26
122 26
123 25
124 26
125 26
126 26
127 26
128 26
129 26
130 25
131 26
132 26
133 26
134 26
135 26
136 25
137 25
138 25
139 25
140 25
141 26
142 26
143 25
144 26
145 26
146 25
147 26
148 25
149 24
150 26
151 25
152 25
153 26
154 26
155 26
156 25
157 26
158 25
159 26
160 26
161 26
162 26
163 26
164 25
165 26
166 26
167 26
168 26
169 25
170 25
171 26
172 25
173 26
174 26
175 26
176 26
177 25
178 25
179 25
180 25
181 26
182 26
183 26
184 26
185 26
186 26
187 26
188 26
189 24
190 25
191 26
192 26
193 26
194 26
195 25
196 26
197 26
198 26
199 25
200 26
201 26
202 26
203 25
204 26
205 26
206 26
207 25
208 26
209 26
210 25
211 25
212 26
213 25
214 26
215 26
216 27
217 26
218 25
219 25
220 26
221 26
222 25
223 25
224 26
225 26
226 26
227 26
228 25
229 25
230 25
231 26
232 26
233 26
234 25
235 26
236 25
237 26
238 25
239 26
240 25
241 25
242 26
243 26
244 26
245 26
246 26
247 26
248 26
249 26
250 26
251 25
252 25
253 26
254 25
255 26
256 26
257 25
258 26
259 26
260 26
261 26
262 25
263 25
264 26
265 26
266 26
267 25
268 25
269 25
270 26
271 25
272 26
273 26
274 25
275 25
276 26
277 26
278 26
279 25
280 25
281 25
282 26
283 26
284 26
285 25
286 26
287 25
288 25
289 26
290 26
291 25
292 26
293 26
294 25
295 26
296 25
297 25
298 25
299 26
300 26
301 26
302 26
303 26
304 26
305 25
306 25
307 25
308 25
309 25
310 24
311 26
312 25
313 26
314 25
315 25
316 26
317 26
318 25
319 25
320 26
321 26
322 25
323 26
324 26
325 26
326 25
327 26
328 26
329 26
330 26
331 26
332 25
333 25
334 26
335 26
336 25
337 25
338 26
339 25
340 26
341 25
342 25
343 26
344 26
345 25
346 25
347 26
348 26
349 26
350 25
351 25
352 25
353 26
354 26
355 26
356 24
357 25
358 25
359 25
360 26
361 26
362 24
363 26
364 26
365 26
366 26
367 25
368 25
369 25
370 25
371 26
372 26
373 26
374 25
375 26
376 26
377 25
378 25
379 26
380 26
381 26
382 26
383 26
384 25
385 24
386 26
387 26
388 26
389 26
390 26
391 26
392 25
393 26
394 25
395 26
396 26
397 26
398 26
399 26
400 25
401 25
402 25
403 26
404 26
405 26
406 26
407 27
408 26
409 26
410 26
411 26
412 26
413 26
414 25
415 26
416 25
417 26
418 26
419 25
420 25
421 25
422 26
423 26
424 26
425 26
426 26
427 26
428 26
429 25
430 26
431 25
432 26
433 26
434 26
435 26
436 26
437 26
438 26
439 26
440 24
441 25
442 26
443 25
444 26
445 26
446 25
447 26
448 26
449 26
450 25
451 26
452 26
453 26
454 25
455 26
456 26
457 25
458 26
459 25
460 26
461 26
462 26
463 25
464 25
465 25
466 26
467 26
468 25
469 25
470 26
471 26
472 26
473 25
474 25
475 25
476 26
477 25
478 26
479 25
480 26
481 26
482 26
483 25
484 25
485 25
486 26
487 25
488 26
489 25
490 25
491 26
492 26
493 25
494 26
495 25
496 26
497 26
498 25
499 25
500 25
501 25
502 25
503 25
504 26
505 25
506 25
507 26
508 26
509 26
510 26
511 26
512 26
513 25
514 25
515 26
516 25
517 25
518 25
519 25
520 26
521 26
522 26
523 26
524 26
525 26
526 26
527 26
528 25
529 26
530 26
531 26
532 26
533 25
534 26
535 25
536 26
537 26
538 26
539 25
540 25
541 26
542 26
543 25
544 26
545 25
546 25
547 26
548 25
549 26
550 25
551 25
552 25
553 26
554 26
555 26
556 26
557 26
558 25
559 25
560 26
561 25
562 26
563 25
564 26
565 26
566 25
567 26
568 26
569 25
570 25
571 26
572 25
573 25
574 26
575 26
576 26
577 27
578 26
579 25
580 26
581 26
582 26
583 26
584 26
585 25
586 26
587 26
588 26
589 25
590 26
591 25
592 25
593 26
594 25
595 25
596 26
597 26
598 26
599 26
600 26
601 26
602 26
603 26
604 26
605 25
606 25
607 26
608 26
609 26
610 25
611 26
612 26
613 26
614 26
615 25
616 26
617 25
618 25
619 25
620 26
621 26
622 25
623 26
624 26
625 26
626 26
627 25
628 26
629 26
630 25
631 26
632 26
633 26
634 25
635 25
636 25
637 26
638 25
639 26
640 25
641 25
642 26
643 25
644 26
645 25
646 26
647 25
648 26
649 25
650 26
651 25
652 26
653 26
654 26
655 25
656 26
657 26
658 26
659 25
660 25
661 25
662 26
663 26
664 26
665 26
666 26
667 26
668 25
669 26
670 26
671 26
672 26
673 25
674 26
675 26
676 26
677 26
678 25
679 26
680 25
681 26
682 26
683 25
684 25
685 26
686 26
687 25
688 25
689 25
690 25
691 26
692 26
693 26
694 26
695 25
696 25
697 25
698 24
699 25
700 26
701 26
702 25
703 26
704 25
705 26
706 26
707 26
708 26
709 26
710 25
711 26
712 25
713 25
714 25
715 26
716 26
717 26
718 25
719 26
720 26
721 26
722 25
723 26
724 26
725 25
726 25
727 25
728 26
729 26
730 26
731 26
732 26
733 26
734 26
735 26
736 26
737 26
738 26
739 26
740 25
741 25
742 25
743 26
744 26
745 26
746 26
747 26
748 26
749 25
750 26
751 25
752 26
753 25
754 25
755 26
756 26
757 26
758 25
759 26
760 26
761 26
762 26
763 25
764 25
765 26
766 26
767 25
768 26
769 26
770 25
771 25
772 26
773 25
774 26
775 26
776 26
777 25
778 25
779 25
780 26
781 26
782 25
783 26
784 26
785 26
786 25
787 25
788 26
789 25
790 25
791 26
792 25
793 25
794 26
795 26
796 26
797 26
798 26
799 26
800 25
801 25
802 26
803 26
804 25
805 25
806 26
807 25
808 26
809 26
810 25
811 26
812 26
813 26
814 25
815 25
816 26
817 26
818 26
819 25
820 26
821 25
822 25
823 25
824 25
825 25
826 25
827 25
828 26
829 26
830 26
831 25
832 26
833 26
834 26
835 26
836 25
837 26
838 25
839 26
840 25
841 26
842 25
843 25
844 25
845 26
846 26
847 24
848 26
849 26
850 25
851 26
852 26
853 26
854 25
855 25
856 26
857 26
858 25
859 26
860 26
861 25
862 25
863 26
864 26
865 26
866 26
867 26
868 26
869 26
870 26
871 26
872 26
873 26
874 25
875 26
876 25
877 26
878 26
879 25
880 26
881 25
882 26
883 25
884 26
885 25
886 26
887 26
888 26
889 25
890 25
891 26
892 25
893 26
894 26
895 26
896 25
897 26
898 25
899 26
900 25
901 25
902 26
903 25
904 26
905 26
906 26
907 25
908 25
909 26
910 26
911 26
912 26
913 26
914 26
915 26
916 26
917 25
918 26
919 26
920 27
921 26
922 26
923 25
924 26
925 26
926 26
927 26
928 26
929 26
930 25
931 25
932 25
933 26
934 25
935 26
936 25
937 25
938 26
939 26
940 25
941 25
942 25
943 25
944 26
945 25
946 25
947 25
948 25
949 25
950 25
951 25
952 26
953 26
954 26
955 25
956 26
957 26
958 25
959 25
960 26
961 25
962 25
963 25
964 26
965 25
966 25
967 26
968 25
969 26
970 25
971 25
972 26
973 26
974 26
975 26
976 25
977 26
978 26
979 26
980 26
981 26
982 25
983 26
984 25
985 26
986 26
987 26
988 26
989 26
990 26
991 26
992 26
993 25
994 26
995 26
996 26
997 26
998 25
999 26
1000 26
1001 26
1002 25
1003 26
1004 25
1005 26
1006 25
1007 26
1008 26
1009 26
1010 26
1011 26
1012 25
1013 26
1014 26
1015 26
1016 26
1017 26
1018 26
1019 25
1020 26
1021 25
1022 26
1023 26
1024 26
1025 26
1026 26
1027 25
1028 25
1029 26
1030 25
1031 25
1032 26
1033 26
1034 25
1035 25
1036 26
1037 26
1038 26
1039 25
1040 25
1041 26
1042 26
1043 25
1044 27
1045 26
1046 26
1047 26
1048 25
1049 26
1050 26
1051 26
1052 25
1053 26
1054 26
1055 26
1056 26
1057 26
1058 26
1059 26
1060 26
1061 26
1062 26
1063 26
1064 24
1065 26
1066 26
1067 26
1068 26
1069 26
1070 26
1071 25
1072 26
1073 26
1074 26
1075 26
1076 26
1077 26
1078 26
1079 25
1080 26
1081 26
1082 25
1083 24
1084 26
1085 25
1086 26
1087 25
1088 26
1089 25
1090 26
1091 26
1092 26
1093 26
1094 25
1095 26
1096 26
1097 26
1098 26
1099 26
1100 26
1101 26
1102 26
1103 25
1104 26
1105 26
1106 26
1107 25
1108 25
1109 26
1110 26
1111 26
1112 26
1113 26
1114 26
1115 26
1116 26
1117 26
1118 25
1119 26
1120 26
1121 26
1122 26
1123 26
1124 26
1125 25
1126 27
1127 26
1128 26
1129 26
1130 26
1131 25
1132 26
1133 25
1134 25
1135 25
1136 26
1137 25
1138 26
1139 25
1140 26
1141 26
1142 26
1143 26
1144 25
1145 25
1146 25
1147 25
1148 25
1149 26
1150 26
1151 26
1152 26
1153 26
1154 26
1155 25
1156 26
1157 26
1158 25
1159 26
1160 26
1161 26
1162 26
1163 26
1164 25
1165 26
1166 26
1167 26
1168 26
1169 25
1170 26
1171 25
1172 25
1173 25
1174 25
1175 26
1176 25
1177 25
1178 25
1179 26
1180 26
1181 25
1182 25
1183 26
1184 26
1185 25
1186 26
1187 25
1188 26
1189 26
1190 26
1191 26
1192 25
1193 25
1194 25
1195 27
1196 26
1197 26
1198 26
1199 25
1200 25
1201 26
1202 25
1203 26
1204 26
1205 25
1206 25
1207 26
1208 26
1209 26
1210 26
1211 26
1212 26
1213 26
1214 26
1215 26
1216 25
1217 26
1218 25
1219 25
1220 26
1221 25
1222 25
1223 26
1224 25
1225 27
1226 26
1227 25
1228 25
1229 25
1230 26
1231 26
1232 26
1233 26
1234 25
1235 26
1236 25
1237 26
1238 26
1239 25
1240 25
1241 25
1242 26
1243 26
1244 26
1245 26
1246 26
1247 26
1248 26
1249 26
1250 25
1251 26
1252 26
1253 25
1254 26
1255 25
1256 26
1257 25
1258 25
1259 26
1260 26
1261 26
1262 26
1263 26
1264 25
1265 25
1266 26
1267 26
1268 26
1269 26
1270 26
1271 25
1272 25
1273 25
1274 26
1275 26
1276 25
1277 26
1278 25
1279 26
1280 25
1281 26
1282 25
1283 26
1284 26
1285 26
1286 25
1287 26
1288 25
1289 25
1290 26
1291 26
1292 26
1293 26
1294 26
1295 26
1296 25
1297 27
1298 26
1299 26
1300 26
1301 25
1302 25
1303 26
1304 26
1305 26
1306 26
1307 26
1308 26
1309 25
1310 26
1311 26
1312 25
1313 26
1314 26
1315 26
1316 25
1317 25
1318 26
1319 25
1320 26
1321 26
1322 26
1323 25
1324 26
1325 25
1326 26
1327 26
1328 26
1329 26
1330 25
1331 26
1332 26
1333 25
1334 25
1335 25
1336 25
1337 25
1338 25
1339 25
1340 26
1341 26
1342 26
1343 26
1344 25
1345 25
1346 26
1347 25
1348 25
1349 26
1350 26
1351 25
1352 26
1353 26
1354 25
1355 26
1356 26
1357 26
1358 26
1359 25
1360 25
1361 26
1362 26
1363 25
1364 26
1365 26
1366 25
1367 25
1368 25
1369 26
1370 26
1371 26
1372 26
1373 25
1374 26
1375 26
1376 26
1377 26
1378 26
1379 26
1380 26
1381 26
1382 26
1383 26
1384 26
1385 26
1386 25
1387 25
1388 26
1389 25
1390 25
1391 26
1392 25
1393 25
1394 26
1395 25
1396 25
1397 26
1398 26
1399 25
1400 25
1401 26
1402 25
1403 26
1404 26
1405 26
1406 25
1407 26
1408 25
1409 25
1410 26
1411 26
1412 26
1413 25
1414 26
1415 26
1416 26
1417 26
1418 25
1419 25
1420 26
1421 26
1422 25
1423 25
1424 25
1425 26
1426 26
1427 25
1428 25
1429 25
1430 26
1431 26
1432 25
1433 25
1434 26
1435 26
1436 25
1437 26
1438 26
1439 25
1440 25
1441 25
1442 26
1443 26
1444 26
1445 26
1446 26
1447 26
1448 26
1449 26
1450 26
1451 26
1452 25
1453 26
1454 26
1455 25
1456 26
1457 26
1458 25
1459 26
1460 26
1461 26
1462 25
1463 25
1464 26
1465 26
1466 25
1467 26
1468 26
1469 26
1470 25
1471 26
1472 25
1473 26
1474 26
1475 26
1476 26
1477 25
1478 25
1479 26
1480 25
1481 26
1482 26
1483 26
1484 26
1485 26
1486 26
1487 26
1488 25
1489 26
1490 26
1491 25
1492 26
1493 26
1494 26
1495 25
1496 26
1497 25
1498 26
1499 26
1500 26
1501 25
1502 26
1503 26
1504 26
1505 26
1506 26
1507 25
1508 26
1509 25
1510 26
1511 26
1512 26
1513 25
1514 26
1515 26
1516 26
1517 26
1518 26
1519 25
1520 25
1521 26
1522 26
1523 24
1524 25
1525 25
1526 26
1527 26
1528 26
1529 26
1530 26
1531 26
1532 26
1533 26
1534 26
1535 26
1536 25
1537 26
1538 25
1539 26
1540 25
1541 26
1542 25
1543 26
1544 26
1545 26
1546 25
1547 26
1548 26
1549 26
1550 26
1551 25
1552 26
1553 26
1554 25
1555 25
1556 25
1557 25
1558 25
1559 26
1560 26
1561 25
1562 26
1563 25
1564 25
1565 25
1566 26
1567 25
1568 25
1569 26
1570 25
1571 25
1572 25
1573 26
1574 26
1575 26
1576 25
1577 26
1578 26
1579 26
1580 26
1581 26
1582 26
1583 25
1584 26
1585 26
1586 26
1587 26
1588 25
1589 26
1590 25
1591 26
1592 26
1593 26
1594 26
1595 25
1596 25
1597 26
1598 26
1599 26
1600 26
1601 25
1602 26
1603 26
1604 26
1605 26
1606 26
1607 25
1608 26
1609 26
1610 26
1611 26
1612 25
1613 26
1614 25
1615 25
1616 25
1617 26
1618 25
1619 26
1620 25
1621 26
1622 26
1623 26
1624 26
1625 25
1626 25
1627 26
1628 26
1629 25
1630 26
1631 25
1632 25
1633 26
1634 25
1635 27
1636 26
1637 25
1638 26
1639 26
1640 26
1641 25
1642 25
1643 26
1644 25
1645 26
1646 25
1647 25
1648 26
1649 26
1650 25
1651 25
1652 25
1653 25
1654 26
1655 26
1656 25
1657 25
1658 26
1659 25
1660 26
1661 26
1662 26
1663 25
1664 26
1665 26
1666 26
1667 25
1668 25
1669 26
1670 26
1671 26
1672 26
1673 25
1674 25
1675 26
1676 25
1677 26
1678 25
1679 26
1680 26
1681 26
1682 26
1683 26
1684 25
1685 26
1686 25
1687 26
1688 25
1689 26
1690 25
1691 25
1692 26
1693 26
1694 26
1695 25
1696 25
1697 25
1698 26
1699 25
1700 26
1701 25
1702 26
1703 26
1704 26
1705 26
1706 25
1707 26
1708 25
1709 25
1710 26
1711 25
1712 26
1713 26
1714 25
1715 26
1716 25
1717 26
1718 25
1719 25
1720 26
1721 26
1722 26
1723 25
1724 26
1725 25
1726 26
1727 26
1728 25
1729 26
1730 26
1731 25
1732 25
1733 26
1734 26
1735 25
1736 25
1737 26
1738 26
1739 26
1740 26
1741 26
1742 25
1743 25
1744 26
1745 25
1746 25
1747 26
1748 26
1749 26
1750 26
1751 25
1752 26
1753 26
1754 26
1755 25
1756 26
1757 26
1758 25
1759 26
1760 26
1761 26
1762 26
1763 26
1764 25
1765 25
1766 26
1767 26
1768 26
1769 26
1770 25
1771 26
1772 26
1773 26
1774 25
1775 25
1776 25
1777 25
1778 25
1779 26
1780 26
1781 25
1782 26
1783 26
1784 26
1785 26
1786 26
1787 26
1788 26
1789 26
1790 25
1791 26
1792 26
1793 26
1794 26
1795 26
1796 26
1797 25
1798 26
1799 26
1800 26
1801 25
1802 26
1803 26
1804 25
1805 25
1806 26
1807 25
1808 26
1809 26
1810 26
1811 25
1812 26
1813 26
1814 25
1815 26
1816 25
1817 25
1818 25
1819 25
1820 26
1821 26
1822 26
1823 26
1824 26
1825 24
1826 25
1827 26
1828 26
1829 25
1830 26
1831 26
1832 25
1833 25
1834 26
1835 25
1836 26
1837 26
1838 26
1839 26
1840 26
1841 26
1842 25
1843 26
1844 26
1845 26
1846 26
1847 25
1848 25
1849 26
1850 25
1851 26
1852 26
1853 26
1854 26
1855 26
1856 26
1857 26
1858 26
1859 25
1860 25
1861 26
1862 25
1863 26
1864 26
1865 26
1866 25
1867 25
1868 26
1869 26
1870 25
1871 26
1872 25
1873 26
1874 26
1875 26
1876 26
1877 25
1878 26
1879 25
1880 25
1881 26
1882 25
1883 26
1884 26
1885 25
1886 25
1887 25
1888 26
1889 25
1890 26
1891 26
1892 26
1893 26
1894 25
1895 26
1896 25
1897 25
1898 26
1899 26
1900 26
1901 26
1902 25
1903 26
1904 26
1905 26
1906 26
1907 25
1908 26
1909 26
1910 25
1911 26
1912 25
1913 26
1914 25
1915 25
1916 26
1917 26
1918 26
1919 26
1920 25
1921 25
1922 25
1923 26
1924 26
1925 25
1926 26
1927 26
1928 25
1929 25
1930 26
1931 25
1932 26
1933 25
1934 26
1935 25
1936 25
1937 26
1938 26
1939 26
1940 25
1941 26
1942 26
1943 25
1944 26
1945 26
1946 25
1947 26
1948 25
1949 25
1950 26
1951 26
1952 25
1953 25
1954 26
1955 26
1956 26
1957 26
1958 25
1959 25
1960 26
1961 25
1962 25
1963 26
1964 26
1965 26
1966 26
1967 25
1968 26
1969 26
1970 26
1971 25
1972 26
1973 26
1974 25
1975 26
1976 26
1977 26
1978 26
1979 26
1980 25
1981 25
1982 26
1983 26
1984 26
1985 25
1986 25
1987 26
1988 25
1989 26
1990 26
1991 26
1992 25
1993 25
1994 25
1995 26
1996 26
1997 26
1998 26
1999 26
2000 25
2001 26
2002 26
2003 26
2004 26
2005 25
2006 26
2007 25
2008 25
2009 25
2010 25
2011 26
2012 26
2013 26
2014 26
2015 26
2016 26
2017 25
2018 26
2019 26
2020 25
2021 25
2022 26
2023 26
2024 26
2025 26
2026 25
2027 25
2028 25
2029 25
2030 26
2031 25
2032 26
2033 26
2034 26
2035 25
2036 25
2037 25
2038 26
2039 26
2040 26
2041 25
2042 26
2043 26
2044 26
2045 26
2046 26
2047 26
2048 26
2049 26
2050 25
2051 26
2052 26
2053 26
2054 26
2055 26
2056 25
2057 25
2058 26
2059 25
2060 26
2061 25
2062 26
2063 26
2064 25
2065 26
2066 26
2067 26
2068 25
2069 25
2070 25
2071 26
2072 26
2073 25
2074 25
2075 25
2076 26
2077 25
2078 26
2079 26
2080 26
2081 26
2082 25
2083 26
2084 25
2085 26
2086 26
2087 25
2088 25
2089 25
2090 26
2091 26
2092 25
2093 26
2094 25
2095 26
2096 25
2097 25
2098 25
2099 26
2100 25
2101 26
2102 26
2103 26
2104 26
2105 26
2106 25
2107 26
2108 26
2109 26
2110 25
2111 25
2112 26
2113 25
2114 26
2115 26
2116 26
2117 25
2118 26
2119 26
2120 26
2121 26
2122 26
2123 25
2124 26
2125 26
2126 25
2127 26
2128 25
2129 26
2130 26
2131 25
2132 26
2133 26
2134 26
2135 26
2136 26
2137 26
2138 26
2139 26
2140 26
2141 26
2142 26
2143 26
2144 25
2145 26
2146 26
2147 25
2148 26
2149 26
2150 26
2151 25
2152 26
2153 26
2154 26
2155 26
2156 26
2157 26
2158 25
2159 25
2160 26
2161 25
2162 26
2163 25
2164 26
2165 26
2166 26
2167 26
2168 26
2169 26
2170 26
2171 26
2172 25
2173 25
2174 26
2175 25
2176 25
2177 26
2178 25
2179 25
2180 26
2181 26
2182 26
2183 25
2184 25
2185 26
2186 25
2187 26
2188 25
2189 26
2190 25
2191 26
2192 25
2193 26
2194 26
2195 26
2196 26
2197 25
2198 26
2199 25
2200 26
2201 26
2202 25
2203 26
2204 25
2205 26
2206 25
2207 26
2208 26
2209 25
2210 26
2211 26
2212 26
2213 26
2214 26
2215 26
2216 25
2217 25
2218 26
2219 26
2220 26
2221 26
2222 25
2223 25
2224 26
2225 25
2226 25
2227 26
2228 25
2229 26
2230 25
2231 26
2232 26
2233 25
2234 25
2235 26
2236 26
2237 25
2238 26
2239 25
2240 25
2241 26
2242 26
2243 26
2244 26
2245 26
2246 26
2247 26
2248 26
2249 26
2250 26
2251 26
2252 25
2253 26
2254 26
2255 26
2256 25
2257 26
2258 26
2259 26
2260 25
2261 26
2262 25
2263 26
2264 26
2265 26
2266 25
2267 25
2268 25
2269 26
2270 26
2271 25
2272 25
2273 26
2274 26
2275 26
2276 25
2277 25
2278 26
2279 25
2280 26
2281 25
2282 26
2283 26
2284 25
2285 26
2286 25
2287 25
2288 26
2289 26
2290 26
2291 25
2292 26
2293 25
2294 26
2295 26
2296 26
2297 25
2298 26
2299 26
2300 26
2301 25
2302 26
2303 25
2304 26
2305 25
2306 26
2307 26
2308 25
2309 25
2310 26
2311 26
2312 26
2313 25
2314 26
2315 25
2316 26
2317 26
2318 26
2319 26
2320 25
2321 25
2322 26
2323 25
2324 26
2325 25
2326 26
2327 26
2328 26
2329 26
2330 26
2331 25
2332 27
2333 26
2334 26
2335 26
2336 25
2337 26
2338 26
2339 26
2340 25
2341 26
2342 26
2343 26
2344 26
2345 26
2346 26
2347 26
2348 26
2349 26
2350 25
2351 26
2352 26
2353 25
2354 25
2355 25
2356 26
2357 26
2358 26
2359 26
2360 26
2361 26
2362 25
2363 26
2364 25
2365 26
2366 25
2367 25
2368 26
2369 25
2370 26
2371 25
2372 25
2373 26
2374 25
2375 26
2376 26
2377 26
2378 25
2379 25
2380 25
2381 25
2382 26
2383 25
2384 26
2385 26
2386 26
2387 26
2388 26
2389 25
2390 26
2391 26
2392 27
2393 25
2394 26
2395 26
2396 26
2397 25
2398 25
2399 26
2400 26
2401 26
2402 25
2403 26
2404 25
2405 26
2406 25
2407 25
2408 26
2409 25
2410 26
2411 26
2412 26
2413 26
2414 26
2415 26
2416 26
2417 26
2418 26
2419 26
2420 26
2421 25
2422 26
2423 25
2424 26
2425 25
2426 25
2427 26
2428 25
2429 25
2430 26
2431 26
2432 25
2433 25
2434 25
2435 26
2436 25
2437 26
2438 25
2439 26
2440 26
2441 25
2442 25
2443 26
2444 26
2445 26
2446 25
2447 25
2448 26
2449 26
2450 26
2451 25
2452 25
2453 26
2454 26
2455 26
2456 26
2457 25
2458 25
2459 26
2460 26
2461 25
2462 26
2463 26
2464 26
2465 26
2466 26
2467 26
2468 25
2469 26
2470 26
2471 26
2472 25
2473 26
2474 25
2475 26
2476 25
2477 25
2478 26
2479 26
2480 25
2481 26
2482 26
2483 26
2484 25
2485 26
2486 26
2487 26
2488 26
2489 25
2490 26
2491 25
2492 26
2493 25
2494 26
2495 25
2496 26
2497 25
2498 26
2499 26
2500 25
2501 26
2502 26
2503 26
2504 26
2505 26
2506 26
2507 26
2508 26
2509 26
2510 26
2511 25
2512 26
2513 26
2514 26
2515 26
2516 25
2517 26
2518 26
2519 26
2520 25
2521 26
2522 26
2523 26
2524 25
2525 25
2526 26
2527 25
2528 25
2529 25
2530 25
2531 25
2532 25
2533 26
2534 26
2535 25
2536 26
2537 26
2538 25
2539 25
2540 26
2541 26
2542 25
2543 26
2544 26
2545 25
2546 26
2547 26
2548 26
2549 25
2550 26
2551 26
2552 26
2553 26
2554 25
2555 26
2556 26
2557 25
2558 26
2559 26
2560 26
2561 26
2562 26
2563 26
2564 26
2565 26
2566 26
2567 26
2568 25
2569 25
2570 25
2571 26
2572 26
2573 25
2574 25
2575 26
2576 25
2577 25
2578 26
2579 25
2580 26
2581 25
2582 25
2583 26
2584 25
2585 26
2586 26
2587 25
2588 26
2589 26
2590 26
2591 25
2592 25
2593 25
2594 26
2595 26
2596 26
2597 25
2598 26
2599 26
2600 26
2601 25
2602 25
2603 26
2604 26
2605 26
2606 26
2607 25
2608 26
2609 25
2610 26
2611 26
2612 25
2613 26
2614 26
2615 25
2616 25
2617 26
2618 26
2619 25
2620 25
2621 26
2622 26
2623 26
2624 26
2625 26
2626 26
2627 25
2628 26
2629 26
2630 26
2631 26
2632 26
2633 26
2634 25
2635 26
2636 26
2637 26
2638 25
2639 25
2640 25
2641 26
2642 25
2643 26
2644 25
2645 26
2646 25
2647 25
2648 25
2649 26
2650 25
2651 26
2652 26
2653 25
2654 25
2655 25
2656 26
2657 25
2658 26
2659 26
2660 25
2661 26
2662 26
2663 26
2664 26
2665 26
2666 26
2667 26
2668 25
2669 26
2670 26
2671 26
2672 26
2673 26
2674 25
2675 26
2676 26
2677 26
2678 25
2679 25
2680 26
2681 26
2682 26
2683 26
2684 26
2685 26
2686 26
2687 26
2688 25
2689 26
2690 26
2691 26
2692 25
2693 26
2694 26
2695 26
2696 25
2697 26
2698 26
2699 26
2700 25
2701 26
2702 26
2703 25
2704 26
2705 25
2706 26
2707 26
2708 26
2709 26
2710 25
2711 25
2712 26
2713 26
2714 26
2715 26
2716 25
2717 25
2718 26
2719 26
2720 25
2721 25
2722 25
2723 26
2724 24
2725 26
2726 25
2727 26
2728 26
2729 26
2730 26
2731 26
2732 26
2733 26
2734 25
2735 25
2736 26
2737 26
2738 26
2739 25
2740 26
2741 25
2742 26
2743 25
2744 25
2745 26
2746 25
2747 26
2748 25
2749 26
2750 26
2751 26
2752 26
2753 26
2754 26
2755 25
2756 26
2757 26
2758 26
2759 26
2760 26
2761 26
2762 26
2763 26
2764 26
2765 25
2766 25
2767 26
2768 25
2769 26
2770 26
2771 26
2772 26
2773 26
2774 26
2775 26
2776 26
2777 26
2778 25
2779 26
2780 26
2781 26
2782 26
2783 26
2784 25
2785 25
2786 26
2787 26
2788 26
2789 26
2790 26
2791 25
2792 25
2793 26
2794 26
2795 26
2796 26
2797 25
2798 25
2799 25
2800 25
2801 26
2802 25
2803 26
2804 26
2805 25
2806 26
2807 26
2808 26
2809 26
2810 26
2811 26
2812 26
2813 25
2814 25
2815 26
2816 26
2817 26
2818 26
2819 26
2820 25
2821 26
2822 26
2823 25
2824 25
2825 25
2826 26
2827 25
2828 26
2829 26
2830 25
2831 25
2832 26
2833 25
2834 26
2835 25
2836 25
2837 26
2838 25
2839 26
2840 26
2841 25
2842 26
2843 26
2844 24
2845 26
2846 26
2847 26
2848 26
2849 26
2850 26
2851 26
2852 25
2853 26
2854 26
2855 24
2856 26
2857 25
2858 26
2859 26
2860 26
2861 26
2862 25
2863 26
2864 26
2865 25
2866 26
2867 26
2868 26
2869 25
2870 26
2871 26
2872 25
2873 25
2874 26
2875 26
2876 26
2877 25
2878 25
2879 26
2880 25
2881 25
2882 25
2883 25
2884 26
2885 26
2886 26
2887 26
2888 26
2889 25
2890 26
2891 25
2892 26
2893 26
2894 26
2895 26
2896 26
2897 25
2898 25
2899 26
2900 26
2901 26
2902 26
2903 26
2904 25
2905 25
2906 26
2907 26
2908 25
2909 26
2910 26
2911 25
2912 25
2913 26
2914 26
2915 26
2916 25
2917 25
2918 26
2919 26
2920 26
2921 26
2922 25
2923 26
2924 26
2925 25
2926 26
2927 25
2928 26
2929 26
2930 25
2931 26
2932 26
2933 26
2934 26
2935 25
2936 25
2937 25
2938 25
2939 25
2940 25
2941 25
2942 26
2943 25
2944 25
2945 25
2946 25
2947 25
2948 25
2949 25
2950 25
2951 25
2952 26
2953 26
2954 25
2955 25
2956 26
2957 26
2958 26
2959 25
2960 25
2961 25
2962 25
2963 25
2964 25
2965 26
2966 26
2967 26
2968 26
2969 26
2970 26
2971 26
2972 26
2973 26
2974 26
2975 25
2976 26
2977 26
2978 26
2979 26
2980 26
2981 26
2982 25
2983 25
2984 25
2985 25
2986 26
2987 26
2988 26
2989 25
2990 25
2991 26
2992 25
2993 26
2994 26
2995 26
2996 25
2997 25
2998 26
2999 25
3000 26
3001 26
3002 26
3003 26
3004 26
3005 26
3006 26
3007 25
3008 25
3009 25
3010 26
3011 26
3012 26
3013 25
3014 25
3015 26
3016 26
3017 26
3018 25
3019 25
3020 25
3021 26
3022 26
3023 25
3024 26
3025 25
3026 25
3027 25
3028 26
3029 26
3030 26
3031 25
3032 25
3033 25
3034 26
3035 26
3036 25
3037 26
3038 26
3039 25
3040 26
3041 26
3042 26
3043 26
3044 25
3045 25
3046 25
3047 26
3048 26
3049 25
3050 25
3051 25
3052 25
3053 25
3054 26
3055 26
3056 26
3057 25
3058 26
3059 26
3060 26
3061 25
3062 25
3063 26
3064 26
3065 25
3066 25
3067 25
3068 26
3069 26
3070 26
3071 25
3072 25
3073 26
3074 26
3075 26
3076 25
3077 25
3078 26
3079 26
3080 26
3081 26
3082 26
3083 25
3084 25
3085 26
3086 26
3087 26
3088 26
3089 26
3090 26
3091 26
3092 26
3093 26
3094 25
3095 25
3096 26
3097 26
3098 26
3099 26
3100 26
3101 25
3102 25
3103 26
3104 26
3105 26
3106 26
3107 26
3108 26
3109 26
3110 26
3111 26
3112 26
3113 25
3114 26
3115 26
3116 25
3117 25
3118 26
3119 26
3120 26
3121 26
3122 26
3123 26
3124 26
3125 26
3126 25
3127 26
3128 26
3129 26
3130 25
3131 26
3132 26
3133 26
3134 26
3135 26
3136 26
3137 26
3138 26
3139 26
3140 26
3141 26
3142 26
3143 26
3144 26
3145 26
3146 25
3147 26
3148 25
3149 26
3150 25
3151 25
3152 25
3153 25
3154 26
3155 25
3156 25
3157 26
3158 26
3159 26
3160 26
3161 25
3162 26
3163 25
3164 25
3165 25
3166 25
3167 26
3168 26
3169 26
3170 26
3171 26
3172 26
3173 26
3174 25
3175 26
3176 26
3177 26
3178 26
3179 26
3180 26
3181 26
3182 26
3183 26
3184 26
3185 26
3186 25
3187 26
3188 26
3189 26
3190 26
3191 26
3192 26
3193 25
3194 26
3195 26
3196 25
3197 25
3198 26
3199 25
3200 26
3201 27
3202 25
3203 26
3204 26
3205 26
3206 25
3207 26
3208 25
3209 26
3210 25
3211 26
3212 26
3213 26
3214 26
3215 25
3216 26
3217 26
3218 26
3219 25
3220 25
3221 25
3222 25
3223 26
3224 26
3225 25
3226 26
3227 25
3228 26
3229 25
3230 26
3231 26
3232 26
3233 25
3234 25
3235 25
3236 26
3237 25
3238 25
3239 26
3240 25
3241 26
3242 25
3243 25
3244 26
3245 25
3246 25
3247 26
3248 26
3249 25
3250 26
3251 26
3252 25
3253 25
3254 26
3255 25
3256 26
3257 26
3258 25
3259 25
3260 26
3261 25
3262 25
3263 26
3264 25
3265 26
3266 26
3267 26
3268 26
3269 25
3270 26
3271 26
3272 25
3273 26
3274 26
3275 26
3276 25
3277 26
3278 26
3279 26
3280 26
3281 26
3282 25
3283 26
3284 25
3285 25
3286 26
3287 26
3288 26
3289 25
3290 26
3291 26
3292 26
3293 26
3294 26
3295 26
3296 25
3297 26
3298 25
3299 26
3300 26
3301 26
3302 25
3303 25
3304 26
3305 25
3306 25
3307 26
3308 26
3309 26
3310 26
3311 26
3312 26
3313 26
3314 26
3315 26
3316 25
3317 26
3318 25
3319 25
3320 26
3321 25
3322 26
3323 25
3324 26
3325 26
3326 26
3327 26
3328 26
3329 26
3330 26
3331 25
3332 26
3333 26
3334 26
3335 26
3336 26
3337 26
3338 25
3339 25
3340 26
3341 25
3342 25
3343 25
3344 26
3345 25
3346 26
3347 26
3348 26
3349 26
3350 26
3351 26
3352 26
3353 26
3354 26
3355 26
3356 26
3357 26
3358 26
3359 26
3360 25
3361 26
3362 26
3363 26
3364 26
3365 25
3366 25
3367 25
3368 26
3369 25
3370 26
3371 26
3372 26
3373 26
3374 26
3375 25
3376 26
3377 25
3378 26
3379 26
3380 26
3381 26
3382 26
3383 25
3384 26
3385 25
3386 25
3387 26
3388 25
3389 26
3390 25
3391 24
3392 25
3393 26
3394 26
3395 25
3396 26
3397 26
3398 25
3399 26
3400 26
3401 26
3402 26
3403 26
3404 26
3405 26
3406 25
3407 26
3408 25
3409 26
3410 26
3411 26
3412 25
3413 26
3414 26
3415 26
3416 25
3417 26
3418 26
3419 25
3420 26
3421 25
3422 26
3423 25
3424 26
3425 26
3426 26
3427 26
3428 25
3429 26
3430 25
3431 25
3432 26
3433 26
3434 25
3435 26
3436 26
3437 26
3438 25
3439 25
3440 25
3441 26
3442 26
3443 26
3444 26
3445 26
3446 25
3447 26
3448 26
3449 26
3450 25
3451 25
3452 26
3453 26
3454 26
3455 26
3456 25
3457 25
3458 26
3459 26
3460 26
3461 26
3462 25
3463 26
3464 26
3465 26
3466 26
3467 26
3468 26
3469 26
3470 25
3471 26
3472 26
3473 25
3474 26
3475 25
3476 26
3477 25
3478 26
3479 25
3480 26
3481 26
3482 26
3483 26
3484 25
3485 25
3486 26
3487 25
3488 26
3489 26
3490 25
3491 26
3492 26
3493 25
3494 25
3495 26
3496 25
3497 25
3498 26
3499 25
3500 26
3501 25
3502 26
3503 25
3504 26
3505 26
3506 26
3507 25
3508 26
3509 26
3510 26
3511 26
3512 26
3513 26
3514 26
3515 25
3516 26
3517 25
3518 25
3519 25
3520 25
3521 25
3522 25
3523 26
3524 25
3525 25
3526 26
3527 26
3528 26
3529 26
3530 26
3531 25
3532 26
3533 26
3534 26
3535 26
3536 26
3537 26
3538 26
3539 26
3540 26
3541 26
3542 25
3543 26
3544 26
3545 26
3546 25
3547 26
3548 25
3549 26
3550 26
3551 26
3552 26
3553 26
3554 26
3555 26
3556 26
3557 26
3558 26
3559 26
3560 26
3561 26
3562 25
3563 26
3564 26
3565 26
3566 25
3567 25
3568 26
3569 26
3570 26
3571 26
3572 25
3573 26
3574 26
3575 26
3576 26
3577 26
3578 25
3579 26
3580 25
3581 26
3582 25
3583 26
3584 26
3585 25
3586 24
3587 26
3588 25
3589 26
3590 26
3591 25
3592 26
3593 25
3594 25
3595 26
3596 26
3597 26
3598 26
3599 26
3600 26
3601 26
3602 25
3603 26
3604 26
3605 26
3606 25
3607 26
3608 25
3609 26
3610 26
3611 25
3612 26
3613 26
3614 26
3615 25
3616 26
3617 26
3618 25
3619 26
3620 25
3621 26
3622 26
3623 26
3624 26
3625 25
3626 25
3627 25
3628 25
3629 26
3630 26
3631 25
3632 25
3633 26
3634 26
3635 25
3636 26
3637 26
3638 26
3639 26
3640 26
3641 26
3642 26
3643 25
3644 25
3645 26
3646 26
3647 26
3648 25
3649 26
3650 25
3651 26
3652 25
3653 26
3654 25
3655 25
3656 26
3657 25
3658 26
3659 26
3660 25
3661 25
3662 25
3663 25
3664 25
3665 25
3666 26
3667 26
3668 25
3669 25
3670 26
3671 25
3672 25
3673 26
3674 25
3675 26
3676 26
3677 26
3678 25
3679 25
3680 25
3681 26
3682 25
3683 26
3684 26
3685 26
3686 25
3687 25
3688 26
3689 25
3690 26
3691 25
3692 26
3693 26
3694 25
3695 26
3696 26
3697 26
3698 26
3699 25
3700 26
3701 25
3702 26
3703 26
3704 26
3705 25
3706 25
3707 26
3708 25
3709 26
3710 26
3711 26
3712 26
3713 26
3714 24
3715 25
3716 26
3717 26
3718 25
3719 25
3720 25
3721 26
3722 26
3723 26
3724 26
3725 25
3726 26
3727 26
3728 26
3729 25
3730 26
3731 25
3732 26
3733 25
3734 26
3735 26
3736 26
3737 25
3738 25
3739 25
3740 26
3741 25
3742 26
3743 25
3744 25
3745 26
3746 25
3747 25
3748 26
3749 26
3750 26
3751 26
3752 26
3753 25
3754 26
3755 25
3756 26
3757 26
3758 26
3759 26
3760 26
3761 25
3762 26
3763 26
3764 26
3765 25
3766 26
3767 26
3768 25
3769 26
3770 25
3771 27
3772 26
3773 26
3774 25
3775 26
3776 25
3777 26
3778 26
3779 26
3780 26
3781 26
3782 25
3783 26
3784 26
3785 26
3786 26
3787 26
3788 26
3789 26
3790 25
3791 26
3792 26
3793 25
3794 25
3795 26
3796 25
3797 26
3798 26
3799 26
3800 26
3801 26
3802 26
3803 26
3804 25
3805 25
3806 26
3807 26
3808 25
3809 26
3810 26
3811 26
3812 26
3813 26
3814 26
3815 25
3816 26
3817 26
3818 26
3819 26
3820 26
3821 26
3822 26
3823 25
3824 26
3825 26
3826 25
3827 26
3828 25
3829 26
3830 26
3831 26
3832 25
3833 26
3834 25
3835 26
3836 26
3837 26
3838 26
3839 26
3840 25
3841 25
3842 26
3843 26
3844 25
3845 26
3846 26
3847 25
3848 26
3849 26
3850 25
3851 26
3852 25
3853 25
3854 26
3855 26
3856 25
3857 26
3858 26
3859 26
3860 26
3861 26
3862 26
3863 26
3864 26
3865 26
3866 25
3867 26
3868 25
3869 27
3870 25
3871 26
3872 26
3873 26
3874 26
3875 26
3876 25
3877 25
3878 26
3879 25
3880 26
3881 25
3882 26
3883 26
3884 26
3885 26
3886 25
3887 26
3888 26
3889 26
3890 24
3891 25
3892 26
3893 26
3894 26
3895 26
3896 26
3897 26
3898 26
3899 26
3900 25
3901 26
3902 26
3903 25
3904 26
3905 26
3906 26
3907 26
3908 25
3909 25
3910 25
3911 26
3912 26
3913 25
3914 25
3915 26
3916 26
3917 26
3918 26
3919 26
3920 25
3921 26
3922 26
3923 26
3924 25
3925 25
3926 26
3927 26
3928 26
3929 26
3930 25
3931 26
3932 26
3933 26
3934 26
3935 26
3936 26
3937 25
3938 26
3939 25
3940 25
3941 26
3942 26
3943 26
3944 25
3945 26
3946 25
3947 26
3948 26
3949 25
3950 26
3951 25
3952 26
3953 26
3954 26
3955 26
3956 26
3957 26
3958 26
3959 24
3960 25
3961 26
3962 26
3963 26
3964 26
3965 25
3966 26
3967 26
3968 26
3969 25
3970 26
3971 26
3972 25
3973 26
3974 25
3975 26
3976 25
3977 26
3978 26
3979 26
3980 26
3981 26
3982 26
3983 26
3984 26
3985 26
3986 26
3987 26
3988 26
3989 26
3990 25
3991 26
3992 26
3993 26
3994 26
3995 26
3996 25
3997 26
3998 26
3999 26
4000 26
4001 26
4002 26
4003 25
4004 26
4005 25
4006 25
4007 25
4008 26
4009 25
4010 25
4011 24
4012 26
4013 25
4014 26
4015 26
4016 26
4017 25
4018 26
4019 25
4020 26
4021 25
4022 26
4023 25
4024 26
4025 26
4026 26
4027 26
4028 26
4029 26
4030 25
4031 26
4032 26
4033 26
4034 26
4035 26
4036 25
4037 26
4038 26
4039 26
4040 25
4041 26
4042 26
4043 26
4044 25
4045 25
4046 25
4047 25
4048 26
4049 26
4050 26
4051 26
4052 26
4053 26
4054 26
4055 25
4056 26
4057 26
4058 26
4059 26
4060 26
4061 26
4062 26
4063 25
4064 24
4065 26
4066 26
4067 26
4068 26
4069 26
4070 26
4071 25
4072 26
4073 26
4074 26
4075 26
4076 26
4077 25
4078 26
4079 24
4080 25
4081 26
4082 26
4083 26
4084 26
4085 26
4086 26
4087 25
4088 26
4089 26
4090 26
4091 25
4092 25
4093 25
4094 25
4095 25
4096 26
4097 25
4098 25
4099 25
4100 25
4101 26
4102 25
4103 26
4104 26
4105 26
4106 26
4107 25
4108 25
4109 25
4110 25
4111 26
4112 26
4113 26
4114 25
4115 26
4116 26
4117 25
4118 26
4119 25
4120 26
4121 26
4122 25
4123 26
4124 26
4125 25
4126 26
4127 25
4128 26
4129 25
4130 26
4131 26
4132 26
4133 25
4134 26
4135 26
4136 26
4137 25
4138 25
4139 26
4140 25
4141 26
4142 26
4143 26
4144 25
4145 26
4146 26
4147 26
4148 26
4149 25
4150 26
4151 25
4152 26
4153 25
4154 25
4155 26
4156 26
4157 26
4158 26
4159 26
4160 25
4161 25
4162 25
4163 25
4164 26
4165 26
4166 25
4167 25
4168 26
4169 25
4170 26
4171 26
4172 26
4173 25
4174 26
4175 26
4176 26
4177 26
4178 26
4179 26
4180 25
4181 26
4182 26
4183 26
4184 26
4185 26
4186 25
4187 24
4188 25
4189 26
4190 25
4191 26
4192 25
4193 26
4194 25
4195 26
4196 25
4197 26
4198 26
4199 25
4200 25
4201 25
4202 25
4203 25
4204 25
4205 26
4206 25
4207 26
4208 26
4209 25
4210 26
4211 26
4212 26
4213 26
4214 25
4215 26
4216 26
4217 26
4218 25
4219 25
4220 25
4221 25
4222 25
4223 25
4224 25
4225 25
4226 26
4227 26
4228 25
4229 26
4230 26
4231 26
4232 27
4233 25
4234 26
4235 25
4236 25
4237 26
4238 26
4239 26
4240 26
4241 26
4242 26
4243 26
4244 26
4245 26
4246 25
4247 26
4248 25
4249 25
4250 26
4251 26
4252 26
4253 25
4254 25
4255 26
4256 26
4257 25
4258 25
4259 25
4260 26
4261 26
4262 27
4263 26
4264 25
4265 26
4266 26
4267 25
4268 25
4269 26
4270 25
4271 26
4272 25
4273 26
4274 25
4275 26
4276 25
4277 26
4278 26
4279 26
4280 26
4281 25
4282 26
4283 25
4284 25
4285 25
4286 26
4287 26
4288 25
4289 26
4290 25
4291 25
4292 25
4293 26
4294 26
4295 26
4296 26
4297 26
4298 26
4299 26
4300 25
4301 25
4302 25
4303 26
4304 25
4305 25
4306 26
4307 26
4308 25
4309 26
4310 26
4311 25
4312 25
4313 26
4314 26
4315 26
4316 26
4317 26
4318 26
4319 26
4320 26
4321 26
4322 26
4323 26
4324 25
4325 24
4326 25
4327 26
4328 26
4329 26
4330 26
4331 26
4332 25
4333 26
4334 26
4335 26
4336 26
4337 26
4338 26
4339 25
4340 24
4341 26
4342 26
4343 26
4344 26
4345 25
4346 25
4347 26
4348 25
4349 25
4350 26
4351 26
4352 26
4353 25
4354 25
4355 25
4356 25
4357 26
4358 25
4359 26
4360 26
4361 25
4362 26
4363 26
4364 25
4365 26
4366 26
4367 25
4368 25
4369 26
4370 25
4371 26
4372 25
4373 26
4374 25
4375 25
4376 25
4377 26
4378 26
4379 26
4380 25
4381 25
4382 26
4383 26
4384 26
4385 25
4386 25
4387 25
4388 26
4389 25
4390 25
4391 26
4392 26
4393 26
4394 26
4395 27
4396 25
4397 26
4398 26
4399 26
4400 26
4401 26
4402 26
4403 26
4404 26
4405 26
4406 26
4407 25
4408 26
4409 26
4410 26
4411 26
4412 25
4413 25
4414 26
4415 25
4416 26
4417 25
4418 26
4419 25
4420 26
4421 25
4422 26
4423 26
4424 26
4425 25
4426 25
4427 25
4428 25
4429 26
4430 26
4431 26
4432 26
4433 26
4434 26
4435 25
4436 26
4437 26
4438 26
4439 26
4440 26
4441 26
4442 26
4443 25
4444 25
4445 26
4446 26
4447 26
4448 25
4449 26
4450 26
4451 26
4452 26
4453 26
4454 26
4455 26
4456 26
4457 26
4458 26
4459 26
4460 26
4461 25
4462 26
4463 26
4464 26
4465 25
4466 26
4467 26
4468 26
4469 27
4470 25
4471 26
4472 26
4473 26
4474 26
4475 25
4476 26
4477 25
4478 26
4479 25
4480 25
4481 26
4482 26
4483 26
4484 26
4485 26
4486 26
4487 26
4488 25
4489 25
4490 26
4491 26
4492 26
4493 25
4494 26
4495 26
4496 25
4497 26
4498 26
4499 26
4500 26
4501 26
4502 26
4503 26
4504 26
4505 25
4506 26
4507 26
4508 25
4509 25
4510 26
4511 26
4512 25
4513 26
4514 25
4515 25
4516 25
4517 25
4518 25
4519 25
4520 25
4521 25
4522 26
4523 26
4524 26
4525 26
4526 25
4527 25
4528 26
4529 25
4530 26
4531 26
4532 26
4533 26
4534 26
4535 25
4536 26
4537 26
4538 26
4539 25
4540 26
4541 26
4542 25
4543 26
4544 24
4545 26
4546 25
4547 26
4548 26
4549 26
4550 26
4551 25
4552 26
4553 25
4554 25
4555 26
4556 25
4557 26
4558 26
4559 25
4560 26
4561 25
4562 26
4563 25
4564 26
4565 25
4566 25
4567 25
4568 26
4569 26
4570 26
4571 25
4572 25
4573 25
4574 26
4575 25
4576 25
4577 26
4578 25
4579 25
4580 26
4581 25
4582 25
4583 26
4584 25
4585 26
4586 25
4587 26
4588 26
4589 26
4590 25
4591 25
4592 26
4593 26
4594 26
4595 25
4596 26
4597 25
4598 26
4599 26
4600 26
4601 25
4602 26
4603 25
4604 26
4605 25
4606 26
4607 26
4608 25
4609 26
4610 26
4611 26
4612 25
4613 26
4614 26
4615 26
4616 25
4617 26
4618 26
4619 26
4620 25
4621 26
4622 25
4623 26
4624 25
4625 25
4626 26
4627 26
4628 25
4629 26
4630 25
4631 25
4632 25
4633 26
4634 25
4635 26
4636 26
4637 26
4638 26
4639 25
4640 26
4641 26
4642 25
4643 26
4644 25
4645 26
4646 25
4647 26
4648 26
4649 26
4650 26
4651 26
4652 26
4653 25
4654 25
4655 25
4656 25
4657 26
4658 25
4659 25
4660 25
4661 25
4662 26
4663 26
4664 26
4665 26
4666 25
4667 25
4668 26
4669 25
4670 25
4671 25
4672 26
4673 25
4674 26
4675 27
4676 25
4677 26
4678 26
4679 26
4680 25
4681 26
4682 25
4683 26
4684 26
4685 26
4686 26
4687 25
4688 25
4689 26
4690 26
4691 26
4692 26
4693 26
4694 26
4695 25
4696 25
4697 26
4698 25
4699 26
4700 26
4701 25
4702 25
4703 26
4704 26
4705 26
4706 26
4707 26
4708 26
4709 26
4710 25
4711 25
4712 25
4713 25
4714 26
4715 26
4716 26
4717 25
4718 25
4719 26
4720 25
4721 26
4722 26
4723 25
4724 25
4725 25
4726 25
4727 26
4728 26
4729 25
4730 26
4731 26
4732 26
4733 26
4734 26
4735 26
4736 25
4737 25
4738 26
4739 26
4740 25
4741 26
4742 26
4743 25
4744 25
4745 25
4746 26
4747 26
4748 26
4749 26
4750 26
4751 26
4752 25
4753 26
4754 25
4755 25
4756 26
4757 26
4758 26
4759 26
4760 26
4761 26
4762 25
4763 26
4764 26
4765 25
4766 26
4767 25
4768 25
4769 26
4770 26
4771 26
4772 25
4773 26
4774 26
4775 26
4776 25
4777 26
4778 26
4779 25
4780 26
4781 26
4782 26
4783 26
4784 26
4785 25
4786 26
4787 26
4788 25
4789 26
4790 26
4791 25
4792 26
4793 26
4794 25
4795 26
4796 26
4797 25
4798 25
4799 26
4800 26
4801 26
4802 26
4803 26
4804 26
4805 26
4806 25
4807 26
4808 25
4809 26
4810 26
4811 26
4812 25
4813 26
4814 25
4815 25
4816 25
4817 25
4818 25
4819 26
4820 25
4821 26
4822 26
4823 26
4824 26
4825 25
4826 26
4827 26
4828 26
4829 25
4830 26
4831 26
4832 26
4833 26
4834 26
4835 25
4836 25
4837 26
4838 26
4839 26
4840 25
4841 26
4842 25
4843 26
4844 25
4845 26
4846 25
4847 26
4848 26
4849 26
4850 25
4851 26
4852 25
4853 25
4854 26
4855 26
4856 26
4857 26
4858 26
4859 25
4860 26
4861 25
4862 24
4863 25
4864 26
4865 25
4866 26
4867 26
4868 26
4869 26
4870 25
4871 25
4872 26
4873 26
4874 26
4875 26
4876 26
4877 26
4878 26
4879 26
4880 26
4881 26
4882 25
4883 25
4884 26
4885 26
4886 26
4887 26
4888 25
4889 25
4890 26
4891 26
4892 26
4893 26
4894 25
4895 26
4896 25
4897 26
4898 26
4899 26
4900 25
4901 26
4902 26
4903 26
4904 25
4905 26
4906 25
4907 26
4908 26
4909 26
4910 26
4911 26
4912 26
4913 25
4914 25
4915 26
4916 26
4917 25
4918 26
4919 25
4920 25
4921 25
4922 26
4923 26
4924 26
4925 25
4926 26
4927 26
4928 26
4929 26
4930 25
4931 25
4932 26
4933 25
4934 26
4935 25
4936 26
4937 26
4938 26
4939 25
4940 26
4941 25
4942 26
4943 26
4944 25
4945 25
4946 26
4947 26
4948 25
4949 26
4950 25
4951 26
4952 26
4953 26
4954 25
4955 25
4956 25
4957 26
4958 26
4959 26
4960 26
4961 26
4962 25
4963 26
4964 26
4965 26
4966 25
4967 26
4968 26
4969 25
4970 26
4971 26
4972 26
4973 25
4974 26
4975 25
4976 26
4977 25
4978 25
4979 26
4980 26
4981 26
4982 26
4983 26
4984 26
4985 26
4986 26
4987 26
4988 26
4989 26
4990 26
4991 26
4992 26
4993 26
4994 26
4995 26
4996 26
4997 25
4998 26
4999 26
5000 26
5001 26
5002 26
5003 25
5004 26
5005 26
5006 26
5007 26
5008 26
5009 26
5010 26
5011 26
5012 25
5013 26
5014 26
5015 26
5016 26
5017 26
5018 25
5019 26
5020 25
5021 25
5022 26
5023 26
5024 25
5025 25
5026 25
5027 26
5028 26
5029 26
5030 26
5031 25
5032 25
5033 25
5034 25
5035 26
5036 26
5037 26
5038 26
5039 25
5040 25
5041 26
5042 25
5043 26
5044 26
5045 26
5046 25
5047 25
5048 26
5049 26
5050 25
5051 26
5052 25
5053 26
5054 25
5055 25
5056 26
5057 25
5058 26
5059 26
5060 26
5061 25
5062 26
5063 26
5064 26
5065 26
5066 25
5067 26
5068 26
5069 25
5070 26
5071 26
5072 26
5073 26
5074 26
5075 25
5076 26
5077 25
5078 26
5079 26
5080 25
5081 25
5082 26
5083 26
5084 25
5085 26
5086 25
5087 26
5088 26
5089 26
5090 25
5091 26
5092 25
5093 26
5094 26
5095 25
5096 26
5097 26
5098 26
5099 25
5100 26
5101 26
5102 26
5103 26
5104 25
5105 26
5106 26
5107 25
5108 25
5109 25
5110 26
5111 25
5112 26
5113 26
5114 26
5115 26
5116 26
5117 26
5118 26
5119 25
5120 26
5121 25
5122 25
5123 26
5124 25
5125 25
5126 25
5127 26
5128 26
5129 26
5130 25
5131 26
5132 25
5133 26
5134 25
5135 26
5136 26
5137 26
5138 26
5139 26
5140 25
5141 25
5142 26
5143 25
5144 25
5145 26
5146 26
5147 26
5148 25
5149 26
5150 26
5151 26
5152 26
5153 25
5154 26
5155 25
5156 26
5157 26
5158 25
5159 26
5160 26
5161 26
5162 26
5163 25
5164 26
5165 26
5166 25
5167 26
5168 26
5169 26
5170 26
5171 26
5172 26
5173 25
5174 25
5175 26
5176 26
5177 26
5178 25
5179 26
5180 26
5181 26
5182 26
5183 26
5184 26
5185 26
5186 25
5187 25
5188 26
5189 25
5190 25
5191 26
5192 26
5193 25
5194 26
5195 25
5196 25
5197 26
5198 25
5199 26
5200 25
5201 26
5202 26
5203 26
5204 26
5205 25
5206 26
5207 26
5208 26
5209 26
5210 26
5211 26
5212 25
5213 25
5214 25
5215 25
5216 26
5217 26
5218 26
5219 26
5220 26
5221 26
5222 26
5223 26
5224 26
5225 26
5226 26
5227 27
5228 26
5229 26
5230 26
5231 25
5232 25
5233 26
5234 26
5235 26
5236 26
5237 25
5238 26
5239 26
5240 25
5241 25
5242 25
5243 26
5244 25
5245 25
5246 26
5247 25
5248 26
5249 25
5250 25
5251 26
5252 25
5253 25
5254 26
5255 25
5256 26
5257 25
5258 25
5259 26
5260 26
5261 26
5262 25
5263 26
5264 26
5265 26
5266 26
5267 25
5268 24
5269 25
5270 26
5271 26
5272 25
5273 26
5274 25
5275 25
5276 26
5277 26
5278 26
5279 26
5280 25
5281 26
5282 25
5283 25
5284 25
5285 26
5286 25
5287 25
5288 26
5289 26
5290 26
5291 26
5292 26
5293 26
5294 24
5295 26
5296 25
5297 25
5298 26
5299 26
5300 25
5301 25
5302 26
5303 25
5304 25
5305 25
5306 25
5307 25
5308 26
5309 25
5310 25
5311 26
5312 25
5313 26
5314 25
5315 25
5316 26
5317 26
5318 25
5319 25
5320 26
5321 26
5322 25
5323 26
5324 26
5325 26
5326 26
5327 25
5328 26
5329 25
5330 25
5331 25
5332 26
5333 26
5334 26
5335 26
5336 26
5337 26
5338 26
5339 26
5340 26
5341 25
5342 26
5343 25
5344 26
5345 26
5346 25
5347 25
5348 26
5349 26
5350 25
5351 25
5352 26
5353 26
5354 25
5355 26
5356 26
5357 26
5358 25
5359 26
5360 26
5361 25
5362 26
5363 26
5364 26
5365 26
5366 26
5367 26
5368 26
5369 26
5370 26
5371 26
5372 26
5373 26
5374 26
5375 26
5376 25
5377 25
5378 25
5379 25
5380 25
5381 25
5382 25
5383 25
5384 25
5385 26
5386 26
5387 25
5388 26
5389 25
5390 25
5391 25
5392 26
5393 25
5394 26
5395 25
5396 25
5397 25
5398 26
5399 25
5400 26
5401 27
5402 25
5403 26
5404 25
5405 26
5406 26
5407 25
5408 25
5409 26
5410 25
5411 26
5412 25
5413 25
5414 26
5415 25
5416 26
5417 26
5418 26
5419 26
5420 25
5421 26
5422 26
5423 26
5424 25
5425 26
5426 25
5427 25
5428 25
5429 26
5430 26
5431 26
5432 26
5433 26
5434 26
5435 25
5436 26
5437 26
5438 26
5439 25
5440 26
5441 26
5442 25
5443 25
5444 26
5445 26
5446 25
5447 25
5448 26
5449 26
5450 26
5451 26
5452 25
5453 26
5454 26
5455 26
5456 25
5457 26
5458 25
5459 25
5460 26
5461 26
5462 26
5463 25
5464 26
5465 26
5466 25
5467 26
5468 27
5469 25
5470 26
5471 26
5472 25
5473 26
5474 25
5475 25
5476 25
5477 26
5478 26
5479 25
5480 25
5481 26
5482 25
5483 26
5484 26
5485 26
5486 26
5487 25
5488 26
5489 26
5490 25
5491 25
5492 25
5493 25
5494 26
5495 26
5496 26
5497 26
5498 26
5499 26
5500 26
5501 26
5502 26
5503 25
5504 25
5505 26
5506 25
5507 26
5508 25
5509 26
5510 26
5511 26
5512 26
5513 25
5514 26
5515 26
5516 26
5517 25
5518 26
5519 26
5520 26
5521 26
5522 25
5523 26
5524 25
5525 26
5526 25
5527 25
5528 26
5529 25
5530 26
5531 26
5532 26
5533 25
5534 26
5535 26
5536 25
5537 26
5538 25
5539 26
5540 26
5541 26
5542 26
5543 26
5544 25
5545 25
5546 26
5547 25
5548 26
5549 26
5550 25
5551 26
5552 25
5553 26
5554 25
5555 25
5556 26
5557 26
5558 26
5559 26
5560 26
5561 24
5562 26
5563 25
5564 26
5565 26
5566 26
5567 25
5568 26
5569 26
5570 25
5571 25
5572 26
5573 26
5574 25
5575 26
5576 26
5577 26
5578 26
5579 26
5580 26
5581 26
5582 26
5583 26
5584 26
5585 25
5586 26
5587 26
5588 25
5589 26
5590 26
5591 26
5592 26
5593 25
5594 26
5595 25
5596 25
5597 25
5598 25
5599 25
5600 26
5601 26
5602 26
5603 26
5604 26
5605 25
5606 25
5607 26
5608 25
5609 25
5610 26
5611 25
5612 26
5613 26
5614 25
5615 25
5616 26
5617 26
5618 25
5619 26
5620 25
5621 25
5622 26
5623 26
5624 26
5625 25
5626 25
5627 26
5628 26
5629 25
5630 25
5631 26
5632 25
5633 26
5634 26
5635 25
5636 25
5637 26
5638 26
5639 26
5640 26
5641 26
5642 26
5643 25
5644 26
5645 25
5646 26
5647 25
5648 26
5649 26
5650 26
5651 25
5652 26
5653 26
5654 26
5655 25
5656 26
5657 26
5658 26
5659 25
5660 25
5661 25
5662 26
5663 26
5664 26
5665 26
5666 26
5667 26
5668 25
5669 25
5670 26
5671 26
5672 25
5673 25
5674 26
5675 26
5676 25
5677 26
5678 25
5679 26
5680 26
5681 25
5682 26
5683 25
5684 25
5685 26
5686 26
5687 25
5688 25
5689 26
5690 25
5691 26
5692 26
5693 26
5694 26
5695 25
5696 26
5697 26
5698 26
5699 26
5700 26
5701 26
5702 25
5703 26
5704 26
5705 25
5706 26
5707 26
5708 25
5709 26
5710 25
5711 26
5712 25
5713 26
5714 26
5715 26
5716 26
5717 25
5718 26
5719 26
5720 26
5721 27
5722 26
5723 25
5724 26
5725 26
5726 26
5727 25
5728 26
5729 25
5730 26
5731 26
5732 25
5733 26
5734 26
5735 26
5736 26
5737 25
5738 26
5739 26
5740 26
5741 25
5742 25
5743 26
5744 25
5745 25
5746 26
5747 26
5748 26
5749 26
5750 26
5751 25
5752 26
5753 25
5754 25
5755 25
5756 26
5757 25
5758 26
5759 26
5760 25
5761 26
5762 25
5763 25
5764 26
5765 26
5766 25
5767 26
5768 26
5769 26
5770 26
5771 25
5772 26
5773 26
5774 25
5775 25
5776 25
5777 26
5778 25
5779 26
5780 25
5781 26
5782 25
5783 26
5784 26
5785 26
5786 26
5787 25
5788 26
5789 26
5790 26
5791 25
5792 26
5793 26
5794 26
5795 26
5796 25
5797 25
5798 26
5799 26
5800 26
5801 25
5802 25
5803 26
5804 26
5805 26
5806 25
5807 25
5808 26
5809 26
5810 25
5811 26
5812 26
5813 26
5814 26
5815 26
5816 26
5817 26
5818 26
5819 25
5820 26
5821 26
5822 26
5823 25
5824 26
5825 26
5826 26
5827 26
5828 26
5829 26
5830 25
5831 25
5832 25
5833 26
5834 26
5835 26
5836 26
5837 25
5838 26
5839 26
5840 26
5841 25
5842 25
5843 26
5844 25
5845 25
5846 26
5847 26
5848 26
5849 26
5850 25
5851 26
5852 26
5853 26
5854 25
5855 26
5856 26
5857 25
5858 25
5859 26
5860 25
5861 25
5862 25
5863 25
5864 26
5865 26
5866 26
5867 26
5868 26
5869 26
5870 26
5871 26
5872 26
5873 26
5874 25
5875 26
5876 25
5877 26
5878 25
5879 26
5880 25
5881 26
5882 26
5883 26
5884 26
5885 25
5886 25
5887 26
5888 26
5889 26
5890 26
5891 25
5892 25
5893 26
5894 25
5895 25
5896 25
5897 26
5898 26
5899 26
5900 26
5901 26
5902 26
5903 26
5904 25
5905 25
5906 26
5907 25
5908 26
5909 26
5910 26
5911 26
5912 26
5913 26
5914 26
5915 26
5916 26
5917 26
5918 26
5919 25
5920 26
5921 26
5922 26
5923 26
5924 26
5925 26
5926 24
5927 26
5928 26
5929 25
5930 25
5931 26
5932 25
5933 25
5934 26
5935 25
5936 26
5937 26
5938 26
5939 25
5940 25
5941 26
5942 25
5943 26
5944 25
5945 26
5946 25
5947 26
5948 26
5949 26
5950 25
5951 25
5952 26
5953 25
5954 25
5955 26
5956 25
5957 26
5958 27
5959 26
5960 26
5961 26
5962 26
5963 25
5964 26
5965 25
5966 26
5967 27
5968 25
5969 26
5970 26
5971 26
5972 26
5973 26
5974 26
5975 25
5976 26
5977 26
5978 25
5979 25
5980 26
5981 26
5982 26
5983 25
5984 26
5985 26
5986 25
5987 26
5988 26
5989 26
5990 26
5991 26
5992 26
5993 26
5994 25
5995 25
5996 25
5997 25
5998 26
5999 25
6000 26
6001 26
6002 25
6003 25
6004 26
6005 25
6006 26
6007 25
6008 26
6009 25
6010 25
6011 25
6012 25
6013 25
6014 25
6015 26
6016 26
6017 26
6018 26
6019 26
6020 25
6021 25
6022 26
6023 26
6024 25
6025 26
6026 26
6027 25
6028 25
6029 26
6030 25
6031 26
6032 25
6033 25
6034 26
6035 25
6036 25
6037 26
6038 25
6039 25
6040 25
6041 25
6042 25
6043 26
6044 26
6045 26
6046 26
6047 26
6048 25
6049 26
6050 26
6051 26
6052 25
6053 26
6054 26
6055 26
6056 26
6057 25
6058 26
6059 26
6060 26
6061 25
6062 25
6063 26
6064 26
6065 25
6066 25
6067 26
6068 25
6069 26
6070 25
6071 26
6072 26
6073 26
6074 25
6075 26
6076 26
6077 25
6078 25
6079 25
6080 25
6081 25
6082 26
6083 26
6084 25
6085 26
6086 25
6087 25
6088 26
6089 25
6090 24
6091 25
6092 26
6093 25
6094 25
6095 26
6096 25
6097 25
6098 26
6099 26
6100 26
6101 25
6102 26
6103 26
6104 26
6105 26
6106 26
6107 26
6108 27
6109 26
6110 26
6111 26
6112 25
6113 25
6114 26
6115 26
6116 26
6117 25
6118 26
6119 24
6120 26
6121 26
6122 26
6123 25
6124 25
6125 26
6126 26
6127 25
6128 26
6129 25
6130 26
6131 26
6132 26
6133 26
6134 25
6135 26
6136 26
6137 26
6138 26
6139 26
6140 25
6141 25
6142 26
6143 25
6144 25
6145 25
6146 26
6147 26
6148 26
6149 26
6150 25
6151 25
6152 26
6153 25
6154 26
6155 26
6156 25
6157 25
6158 26
6159 26
6160 26
6161 25
6162 25
6163 25
6164 26
6165 26
6166 25
6167 26
6168 26
6169 26
6170 26
6171 26
6172 25
6173 26
6174 25
6175 26
6176 26
6177 26
6178 25
6179 26
6180 26
6181 26
6182 25
6183 26
6184 26
6185 26
6186 25
6187 26
6188 25
6189 26
6190 25
6191 26
6192 26
6193 25
6194 26
6195 26
6196 26
6197 26
6198 26
6199 26
6200 26
6201 26
6202 25
6203 26
6204 26
6205 26
6206 26
6207 26
6208 25
6209 26
6210 25
6211 26
6212 25
6213 25
6214 26
6215 25
6216 25
6217 26
6218 26
6219 26
6220 25
6221 26
6222 25
6223 25
6224 26
6225 26
6226 26
6227 25
6228 26
6229 26
6230 25
6231 26
6232 25
6233 26
6234 26
6235 26
6236 26
6237 26
6238 25
6239 26
6240 26
6241 25
6242 25
6243 25
6244 25
6245 25
6246 26
6247 26
6248 25
6249 25
6250 25
6251 25
6252 26
6253 25
6254 25
6255 25
6256 26
6257 26
6258 25
6259 26
6260 26
6261 26
6262 26
6263 25
6264 26
6265 25
6266 26
6267 25
6268 26
6269 26
6270 26
6271 26
6272 26
6273 26
6274 25
6275 26
6276 25
6277 25
6278 25
6279 25
6280 25
6281 25
6282 26
6283 26
6284 25
6285 25
6286 25
6287 26
6288 26
6289 26
6290 25
6291 26
6292 25
6293 26
6294 24
6295 25
6296 26
6297 26
6298 25
6299 25
6300 26
6301 26
6302 26
6303 25
6304 26
6305 26
6306 26
6307 26
6308 26
6309 26
6310 26
6311 25
6312 26
6313 25
6314 25
6315 25
6316 26
6317 26
6318 26
6319 26
6320 26
6321 26
6322 26
6323 26
6324 26
6325 26
6326 26
6327 26
6328 25
6329 25
6330 25
6331 25
6332 26
6333 25
6334 25
6335 26
6336 26
6337 26
6338 26
6339 26
6340 26
6341 25
6342 25
6343 25
6344 26
6345 25
6346 25
6347 26
6348 26
6349 26
6350 26
6351 25
6352 25
6353 25
6354 25
6355 25
6356 26
6357 26
6358 26
6359 25
6360 26
6361 26
6362 26
6363 26
6364 25
6365 25
6366 25
6367 26
6368 26
6369 25
6370 25
6371 26
6372 25
6373 25
6374 25
6375 25
6376 26
6377 26
6378 26
6379 26
6380 25
6381 26
6382 26
6383 26
6384 26
6385 26
6386 25
6387 25
6388 26
6389 26
6390 25
6391 26
6392 25
6393 25
6394 25
6395 26
6396 26
6397 25
6398 26
6399 26
6400 26
6401 25
6402 25
6403 25
6404 26
6405 26
6406 26
6407 25
6408 25
6409 26
6410 26
6411 24
6412 26
6413 26
6414 25
6415 26
6416 26
6417 26
6418 26
6419 26
6420 26
6421 26
6422 25
6423 25
6424 26
6425 26
6426 26
6427 26
6428 26
6429 25
6430 26
6431 26
6432 26
6433 26
6434 26
6435 25
6436 26
6437 26
6438 25
6439 26
6440 26
6441 25
6442 25
6443 25
6444 26
6445 26
6446 25
6447 25
6448 26
6449 25
6450 26
6451 25
6452 26
6453 25
6454 26
6455 25
6456 26
6457 26
6458 26
6459 26
6460 26
6461 26
6462 25
6463 25
6464 25
6465 25
6466 26
6467 25
6468 26
6469 26
6470 25
6471 26
6472 26
6473 26
6474 26
6475 26
6476 26
6477 25
6478 26
6479 25
6480 26
6481 26
6482 26
6483 26
6484 25
6485 25
6486 26
6487 26
6488 26
6489 25
6490 26
6491 25
6492 25
6493 26
6494 26
6495 25
6496 26
6497 25
6498 25
6499 25
6500 26
6501 26
6502 25
6503 26
6504 25
6505 24
6506 26
6507 26
6508 26
6509 26
6510 25
6511 25
6512 26
6513 26
6514 25
6515 26
6516 25
6517 25
6518 26
6519 26
6520 26
6521 26
6522 26
6523 26
6524 26
6525 25
6526 26
6527 25
6528 26
6529 26
6530 25
6531 26
6532 25
6533 26
6534 26
6535 26
6536 25
6537 25
6538 25
6539 26
6540 25
6541 25
6542 26
6543 26
6544 26
6545 25
6546 26
6547 26
6548 26
6549 25
6550 24
6551 25
6552 26
6553 26
6554 25
6555 25
6556 26
6557 26
6558 26
6559 25
6560 26
6561 26
6562 26
6563 25
6564 26
6565 26
6566 26
6567 25
6568 26
6569 26
6570 25
6571 25
6572 25
6573 24
6574 25
6575 25
6576 26
6577 26
6578 25
6579 26
6580 25
6581 26
6582 26
6583 26
6584 25
6585 26
6586 25
6587 26
6588 25
6589 26
6590 26
6591 26
6592 26
6593 26
6594 25
6595 26
6596 26
6597 25
6598 25
6599 25
6600 25
6601 25
6602 26
6603 25
6604 26
6605 25
6606 25
6607 26
6608 25
6609 26
6610 26
6611 26
6612 25
6613 26
6614 26
6615 26
6616 26
6617 26
6618 25
6619 25
6620 26
6621 25
6622 26
6623 25
6624 26
6625 26
6626 26
6627 26
6628 25
6629 26
6630 26
6631 25
6632 26
6633 25
6634 25
6635 26
6636 25
6637 26
6638 26
6639 25
6640 26
6641 26
6642 26
6643 25
6644 25
6645 26
6646 26
6647 25
6648 25
6649 26
6650 25
6651 25
6652 25
6653 26
6654 26
6655 25
6656 26
6657 26
6658 25
6659 25
6660 26
6661 26
6662 26
6663 25
6664 26
6665 26
6666 25
6667 26
6668 26
6669 26
6670 26
6671 25
6672 26
6673 25
6674 26
6675 25
6676 26
6677 26
6678 26
6679 26
6680 25
6681 26
6682 26
6683 26
6684 26
6685 25
6686 25
6687 25
6688 26
6689 26
6690 25
6691 25
6692 25
6693 26
6694 26
6695 26
6696 26
6697 25
6698 25
6699 26
6700 25
6701 26
6702 26
6703 26
6704 26
6705 25
6706 26
6707 26
6708 26
6709 26
6710 25
6711 25
6712 26
6713 26
6714 26
6715 26
6716 26
6717 26
6718 26
6719 25
6720 26
6721 26
6722 26
6723 25
6724 26
6725 26
6726 25
6727 26
6728 26
6729 25
6730 25
6731 26
6732 25
6733 26
6734 26
6735 25
6736 26
6737 26
6738 26
6739 25
6740 25
6741 26
6742 25
6743 26
6744 26
6745 26
6746 26
6747 26
6748 25
6749 26
6750 25
6751 26
6752 26
6753 26
6754 25
6755 26
6756 26
6757 26
6758 26
6759 26
6760 26
6761 26
6762 25
6763 26
6764 25
6765 26
6766 25
6767 25
6768 26
6769 26
6770 25
6771 25
6772 25
6773 26
6774 26
6775 26
6776 25
6777 26
6778 26
6779 25
6780 26
6781 25
6782 26
6783 25
6784 25
6785 26
6786 25
6787 25
6788 26
6789 26
6790 26
6791 26
6792 26
6793 25
6794 26
6795 25
6796 25
6797 26
6798 26
6799 26
6800 26
6801 26
6802 26
6803 26
6804 25
6805 26
6806 26
6807 26
6808 26
6809 26
6810 25
6811 26
6812 26
6813 25
6814 26
6815 25
6816 25
6817 26
6818 26
6819 26
6820 25
6821 25
6822 25
6823 25
6824 25
6825 26
6826 26
6827 26
6828 26
6829 26
6830 26
6831 26
6832 26
6833 25
6834 26
6835 25
6836 26
6837 26
6838 26
6839 26
6840 25
6841 25
6842 25
6843 26
6844 26
6845 26
6846 24
6847 25
6848 25
6849 26
6850 26
6851 26
6852 26
6853 26
6854 25
6855 25
6856 25
6857 26
6858 25
6859 26
6860 26
6861 25
6862 26
6863 26
6864 25
6865 25
6866 26
6867 24
6868 25
6869 26
6870 26
6871 26
6872 25
6873 26
6874 26
6875 26
6876 26
6877 26
6878 25
6879 26
6880 26
6881 26
6882 25
6883 26
6884 26
6885 26
6886 27
6887 26
6888 25
6889 26
6890 25
6891 25
6892 26
6893 26
6894 26
6895 26
6896 25
6897 26
6898 26
6899 26
6900 25
6901 25
6902 25
6903 25
6904 26
6905 26
6906 26
6907 26
6908 26
6909 26
6910 26
6911 26
6912 26
6913 25
6914 25
6915 26
6916 26
6917 25
6918 25
6919 25
6920 26
6921 26
6922 25
6923 26
6924 26
6925 26
6926 26
6927 25
6928 26
6929 25
6930 26
6931 26
6932 26
6933 26
6934 25
6935 26
6936 26
6937 26
6938 25
6939 25
6940 25
6941 26
6942 26
6943 26
6944 25
6945 26
6946 25
6947 26
6948 25
6949 26
6950 26
6951 26
6952 25
6953 26
6954 25
6955 26
6956 26
6957 26
6958 26
6959 26
6960 25
6961 25
6962 26
6963 25
6964 26
6965 26
6966 26
6967 26
6968 26
6969 26
6970 26
6971 25
6972 26
6973 26
6974 26
6975 25
6976 26
6977 26
6978 25
6979 26
6980 25
6981 26
6982 26
6983 26
6984 26
6985 26
6986 25
6987 25
6988 25
6989 26
6990 26
6991 26
6992 26
6993 26
6994 26
6995 26
6996 26
6997 26
6998 26
6999 26
7000 26
7001 25
7002 25
7003 26
7004 26
7005 26
7006 26
7007 26
7008 26
7009 25
7010 25
7011 25
7012 26
7013 25
7014 26
7015 25
7016 26
7017 26
7018 25
7019 25
7020 25
7021 26
7022 26
7023 25
7024 26
7025 25
7026 26
7027 26
7028 26
7029 26
7030 25
7031 26
7032 26
7033 26
7034 26
