Polymer_Index N_1
0 30
1 29
2 30
3 30
4 30
5 30
6 28
7 29
8 29
9 29
10 30
11 29
12 30
13 29
14 30
15 29
16 30
17 29
18 28
19 30
20 30
21 30
22 29
23 30
24 30
25 30
26 30
27 29
28 30
29 30
30 30
31 29
32 29
33 29
34 29
35 29
36 29
37 30
38 30
39 29
40 29
41 30
42 30
43 30
44 30
45 29
46 29
47 29
48 30
49 30
50 30
51 29
52 30
53 29
54 29
55 30
56 29
57 29
58 30
59 30
60 30
61 29
62 29
63 30
64 30
65 29
66 29
67 30
68 29
69 30
70 29
71 29
72 29
73 29
74 29
75 30
76 29
77 29
78 29
79 29
80 30
81 29
82 29
83 29
84 30
85 30
86 29
87 30
88 29
89 30
90 29
91 29
92 29
93 29
94 29
95 30
96 29
97 30
98 30
99 29
100 30
101 30
102 30
103 29
104 29
105 30
106 29
107 29
108 30
109 30
110 29
111 29
112 29
113 29
114 30
115 29
116 29
117 29
118 29
119 29
120 29
121 29
122 30
123 30
124 29
125 29
126 29
127 29
128 29
129 30
130 30
131 29
132 30
133 30
134 29
135 30
136 30
137 30
138 29
139 30
140 29
141 30
142 30
143 30
144 29
145 30
146 30
147 30
148 29
149 29
150 30
151 30
152 30
153 30
154 29
155 28
156 29
157 29
158 30
159 30
160 30
161 29
162 30
163 30
164 30
165 30
166 28
167 30
168 30
169 30
170 30
171 29
172 29
173 29
174 28
175 30
176 30
177 29
178 29
179 29
180 29
181 29
182 30
183 30
184 29
185 29
186 29
187 30
188 29
189 30
190 29
191 30
192 30
193 30
194 30
195 30
196 29
197 30
198 29
199 29
200 30
201 29
202 29
203 29
204 29
205 30
206 30
207 30
208 29
209 29
210 29
211 30
212 29
213 29
214 30
215 30
216 30
217 29
218 29
219 30
220 29
221 30
222 30
223 30
224 29
225 29
226 29
227 30
228 29
229 29
230 28
231 29
232 29
233 29
234 29
235 29
236 29
237 29
238 30
239 29
240 30
241 29
242 30
243 29
244 30
245 29
246 30
247 30
248 29
249 29
250 30
251 29
252 29
253 30
254 29
255 30
256 29
257 30
258 29
259 30
260 29
261 29
262 29
263 29
264 30
265 30
266 30
267 30
268 29
269 29
270 30
271 30
272 29
273 30
274 29
275 30
276 29
277 29
278 29
279 30
280 30
281 30
282 29
283 29
284 30
285 29
286 29
287 29
288 30
289 29
290 30
291 29
292 29
293 30
294 29
295 29
296 29
297 29
298 29
299 29
300 29
301 30
302 30
303 30
304 29
305 29
306 30
307 29
308 28
309 30
310 29
311 30
312 30
313 30
314 30
315 30
316 30
317 29
318 29
319 29
320 29
321 29
322 28
323 29
324 29
325 30
326 29
327 30
328 30
329 30
330 29
331 30
332 30
333 30
334 29
335 30
336 29
337 30
338 29
339 30
340 29
341 30
342 29
343 29
344 29
345 30
346 30
347 29
348 29
349 30
350 30
351 30
352 30
353 29
354 30
355 29
356 29
357 30
358 29
359 29
360 29
361 30
362 29
363 30
364 30
365 29
366 30
367 29
368 29
369 29
370 28
371 30
372 30
373 29
374 30
375 30
376 29
377 29
378 29
379 29
380 29
381 29
382 30
383 30
384 30
385 29
386 29
387 29
388 30
389 29
390 29
391 29
392 29
393 29
394 29
395 30
396 30
397 30
398 29
399 30
400 29
401 29
402 29
403 30
404 29
405 29
406 29
407 29
408 30
409 29
410 30
411 29
412 30
413 30
414 29
415 29
416 29
417 29
418 29
419 30
420 30
421 30
422 30
423 30
424 29
425 30
426 30
427 30
428 29
429 30
430 29
431 29
432 29
433 29
434 29
435 30
436 29
437 29
438 30
439 29
440 29
441 29
442 29
443 30
444 29
445 29
446 29
447 29
448 29
449 29
450 29
451 29
452 29
453 30
454 30
455 30
456 29
457 29
458 30
459 30
460 30
461 30
462 29
463 29
464 30
465 29
466 29
467 29
468 30
469 30
470 29
471 29
472 30
473 30
474 29
475 29
476 29
477 29
478 29
479 29
480 30
481 29
482 29
483 29
484 30
485 30
486 29
487 29
488 29
489 30
490 30
491 30
492 29
493 30
494 30
495 30
496 30
497 29
498 29
499 30
500 30
501 30
502 29
503 29
504 29
505 29
506 30
507 30
508 30
509 30
510 30
511 29
512 30
513 30
514 29
515 29
516 30
517 29
518 29
519 29
520 30
521 30
522 29
523 29
524 30
525 29
526 30
527 30
528 30
529 29
530 29
531 29
532 29
533 29
534 30
535 29
536 30
537 30
538 30
539 29
540 30
541 29
542 30
543 29
544 29
545 29
546 30
547 30
548 30
549 29
550 29
551 29
552 29
553 30
554 29
555 30
556 29
557 30
558 30
559 28
560 29
561 30
562 29
563 28
564 30
565 29
566 30
567 28
568 30
569 30
570 29
571 29
572 30
573 28
574 30
575 29
576 30
577 29
578 29
579 30
580 30
581 29
582 30
583 30
584 29
585 29
586 29
587 30
588 30
589 30
590 29
591 30
592 30
593 30
594 29
595 29
596 29
597 30
598 30
599 29
600 30
601 29
602 30
603 29
604 30
605 29
606 30
607 30
608 30
609 30
610 30
611 29
612 30
613 29
614 29
615 29
616 29
617 30
618 29
619 29
620 29
621 30
622 29
623 29
624 28
625 29
626 29
627 30
628 29
629 30
630 29
631 29
632 30
633 28
634 29
635 30
636 29
637 29
638 29
639 28
640 29
641 28
642 29
643 29
644 30
645 29
646 29
647 30
648 29
649 29
650 29
651 30
652 29
653 28
654 30
655 29
656 30
657 30
658 29
659 30
660 29
661 29
662 29
663 30
664 29
665 29
666 29
667 29
668 30
669 29
670 29
671 28
672 30
673 30
674 29
675 29
676 30
677 29
678 30
679 29
680 29
681 30
682 30
683 29
684 29
685 30
686 29
687 29
688 29
689 30
690 29
691 30
692 30
693 30
694 30
695 29
696 29
697 30
698 29
699 29
700 29
701 30
702 30
703 29
704 29
705 29
706 29
707 30
708 29
709 29
710 29
711 29
712 29
713 29
714 29
715 30
716 29
717 30
718 30
719 30
720 30
721 29
722 29
723 29
724 29
725 29
726 29
727 29
728 30
729 29
730 29
731 30
732 29
733 29
734 30
735 30
736 29
737 29
738 29
739 30
740 29
741 29
742 29
743 30
744 30
745 30
746 29
747 30
748 29
749 29
750 29
751 30
752 28
753 29
754 29
755 30
756 29
757 29
758 30
759 29
760 29
761 30
762 29
763 29
764 29
765 29
766 30
767 30
768 30
769 29
770 29
771 30
772 29
773 30
774 29
775 29
776 29
777 29
778 29
779 30
780 29
781 30
782 29
783 30
784 29
785 29
786 30
787 30
788 30
789 30
790 29
791 29
792 29
793 29
794 29
795 29
796 30
797 30
798 29
799 29
800 30
801 30
802 30
803 30
804 30
805 29
806 29
807 30
808 30
809 29
810 29
811 29
812 30
813 30
814 30
815 29
816 28
817 29
818 30
819 29
820 29
821 29
822 29
823 30
824 29
825 30
826 29
827 30
828 28
829 29
830 29
831 30
832 29
833 29
834 29
835 30
836 30
837 29
838 29
839 29
840 29
841 30
842 30
843 28
844 30
845 29
846 29
847 30
848 29
849 30
850 29
851 29
852 29
853 29
854 30
855 29
856 29
857 30
858 29
859 30
860 29
861 29
862 29
863 29
864 30
865 29
866 30
867 30
868 29
869 29
870 30
871 30
872 30
873 29
874 30
875 29
876 29
877 29
878 29
879 29
880 30
881 30
882 30
883 30
884 30
885 29
886 29
887 30
888 30
889 30
890 30
891 30
892 30
893 29
894 30
895 30
896 30
897 30
898 29
899 29
900 29
901 29
902 30
903 29
904 29
905 29
906 30
907 29
908 29
909 30
910 30
911 30
912 30
913 30
914 29
915 30
916 29
917 30
918 29
919 29
920 30
921 29
922 30
923 29
924 29
925 29
926 30
927 29
928 28
929 29
930 29
931 30
932 29
933 30
934 29
935 29
936 30
937 29
938 30
939 29
940 30
941 30
942 30
943 29
944 30
945 29
946 30
947 30
948 30
949 29
950 29
951 29
952 29
953 29
954 29
955 30
956 29
957 30
958 29
959 30
960 30
961 29
962 29
963 29
964 29
965 29
966 30
967 29
968 29
969 30
970 30
971 29
972 30
973 29
974 30
975 29
976 29
977 29
978 30
979 29
980 29
981 29
982 29
983 29
984 30
985 28
986 30
987 30
988 30
989 30
990 29
991 29
992 30
993 29
994 29
995 29
996 28
997 29
998 29
999 30
1000 29
1001 29
1002 29
1003 29
1004 30
1005 30
1006 29
1007 30
1008 29
1009 30
1010 29
1011 30
1012 30
1013 29
1014 30
1015 29
1016 29
1017 30
1018 29
1019 29
1020 29
1021 29
1022 29
1023 29
1024 29
1025 29
1026 29
1027 29
1028 30
1029 30
1030 29
1031 29
1032 30
1033 28
1034 30
1035 30
1036 29
1037 30
1038 28
1039 29
1040 29
1041 29
1042 29
1043 30
1044 30
1045 29
1046 29
1047 30
1048 30
1049 30
1050 29
1051 30
1052 30
1053 29
1054 30
1055 29
1056 30
1057 29
1058 30
1059 29
1060 30
1061 29
1062 29
1063 30
1064 30
1065 29
1066 29
1067 29
1068 29
1069 30
1070 30
1071 30
1072 28
1073 29
1074 30
1075 28
1076 30
1077 29
1078 30
1079 30
1080 30
1081 28
1082 30
1083 30
1084 29
1085 28
1086 29
1087 29
1088 30
1089 29
1090 29
1091 30
1092 30
1093 30
1094 30
1095 29
1096 29
1097 30
1098 30
1099 29
1100 29
1101 29
1102 29
1103 29
1104 30
1105 29
1106 29
1107 29
1108 30
1109 29
1110 30
1111 28
1112 30
1113 29
1114 29
1115 29
1116 29
1117 30
1118 29
1119 30
1120 29
1121 30
1122 29
1123 30
1124 29
1125 29
1126 29
1127 29
1128 29
1129 29
1130 29
1131 30
1132 29
1133 29
1134 29
1135 28
1136 29
1137 29
1138 29
1139 29
1140 28
1141 30
1142 29
1143 29
1144 29
1145 29
1146 29
1147 29
1148 29
1149 30
1150 29
1151 30
1152 29
1153 30
1154 29
1155 29
1156 30
1157 29
1158 29
1159 29
1160 30
1161 29
1162 30
1163 30
1164 29
1165 29
1166 29
1167 29
1168 30
1169 30
1170 30
1171 29
1172 30
1173 29
1174 29
1175 30
1176 30
1177 30
1178 30
1179 29
1180 29
1181 29
1182 30
1183 29
1184 30
1185 29
1186 30
1187 30
1188 29
1189 29
1190 29
1191 30
1192 30
1193 29
1194 29
1195 29
1196 30
1197 29
1198 29
1199 29
1200 30
1201 30
1202 30
1203 29
1204 29
1205 30
1206 30
1207 30
1208 30
1209 29
1210 30
1211 29
1212 30
1213 30
1214 30
1215 30
1216 30
1217 30
1218 29
1219 30
1220 30
1221 29
1222 29
1223 29
1224 28
1225 29
1226 30
1227 29
1228 30
1229 29
1230 29
1231 29
1232 28
1233 30
1234 29
1235 30
1236 30
1237 30
1238 30
1239 30
1240 29
1241 29
1242 30
1243 29
1244 29
1245 29
1246 29
1247 30
1248 29
1249 29
1250 29
1251 30
1252 29
1253 29
1254 29
1255 30
1256 29
1257 30
1258 29
1259 30
1260 29
1261 29
1262 30
1263 30
1264 30
1265 30
1266 29
1267 29
1268 29
1269 30
1270 28
1271 29
1272 30
1273 29
1274 30
1275 29
1276 29
1277 30
1278 30
1279 30
1280 29
1281 28
1282 30
1283 29
1284 28
1285 29
1286 30
1287 29
1288 29
1289 29
1290 29
1291 29
1292 29
1293 29
1294 30
1295 30
1296 29
1297 29
1298 29
1299 29
1300 29
1301 30
1302 30
1303 30
1304 29
1305 30
1306 29
1307 30
1308 30
1309 30
1310 29
1311 29
1312 29
1313 30
1314 29
1315 30
1316 29
1317 28
1318 29
1319 29
1320 29
1321 29
1322 29
1323 29
1324 30
1325 30
1326 30
1327 29
1328 30
1329 29
1330 29
1331 30
1332 30
1333 30
1334 30
1335 29
1336 30
1337 29
1338 30
1339 30
1340 29
1341 30
1342 29
1343 30
1344 29
1345 29
1346 29
1347 30
1348 30
1349 29
1350 29
1351 29
1352 29
1353 29
1354 30
1355 30
1356 29
1357 29
1358 30
1359 29
1360 30
1361 29
1362 30
1363 30
1364 30
1365 29
1366 29
1367 29
1368 30
1369 29
1370 29
1371 29
1372 30
1373 29
1374 30
1375 30
1376 30
1377 30
1378 30
1379 29
1380 29
1381 30
1382 29
1383 28
1384 29
1385 29
1386 30
1387 30
1388 29
1389 30
1390 29
1391 30
1392 30
1393 29
1394 29
1395 29
1396 30
1397 28
1398 29
1399 30
1400 29
1401 29
1402 30
1403 30
1404 29
1405 28
1406 29
1407 29
1408 30
1409 28
1410 30
1411 29
1412 30
1413 30
1414 30
1415 29
1416 29
1417 29
1418 29
1419 30
1420 29
1421 30
1422 29
1423 29
1424 29
1425 29
1426 30
1427 30
1428 29
1429 29
1430 29
1431 29
1432 29
1433 30
1434 30
1435 30
1436 29
1437 30
1438 29
1439 29
1440 29
1441 30
1442 29
1443 29
1444 30
1445 30
1446 30
1447 30
1448 30
1449 29
1450 30
1451 30
1452 30
1453 30
1454 29
1455 30
1456 29
1457 29
1458 29
1459 30
1460 29
1461 30
1462 29
1463 29
1464 29
1465 29
1466 29
1467 30
1468 29
1469 29
1470 29
1471 30
1472 29
1473 30
1474 30
1475 29
1476 29
1477 29
1478 30
1479 30
1480 29
1481 29
1482 28
1483 29
1484 30
1485 29
1486 30
1487 29
1488 29
1489 30
1490 30
1491 30
1492 30
1493 30
1494 29
1495 30
1496 29
1497 30
1498 29
1499 30
1500 29
1501 29
1502 30
1503 28
1504 30
1505 29
1506 29
1507 30
1508 30
1509 30
1510 29
1511 29
1512 30
1513 29
1514 29
1515 30
1516 30
1517 30
1518 29
1519 30
1520 29
1521 30
1522 30
1523 30
1524 29
1525 30
1526 30
1527 30
1528 30
1529 29
1530 30
1531 29
1532 29
1533 29
1534 29
1535 29
1536 29
1537 29
1538 30
1539 30
1540 30
1541 29
1542 29
1543 30
1544 30
1545 30
1546 29
1547 30
1548 29
1549 29
1550 29
1551 30
1552 30
1553 30
1554 29
1555 29
1556 30
1557 29
1558 30
1559 29
1560 29
1561 28
1562 28
1563 29
1564 30
1565 29
1566 29
1567 29
1568 29
1569 29
1570 29
1571 29
1572 30
1573 30
1574 30
1575 29
1576 30
1577 29
1578 30
1579 29
1580 29
1581 30
1582 30
1583 29
1584 29
1585 29
1586 30
1587 29
1588 29
1589 30
1590 29
1591 30
1592 29
1593 29
1594 30
1595 28
1596 29
1597 29
1598 29
1599 29
1600 29
1601 29
1602 29
1603 29
1604 29
1605 29
1606 30
1607 29
1608 30
1609 30
1610 29
1611 30
1612 29
1613 30
1614 30
1615 30
1616 29
1617 30
1618 29
1619 30
1620 29
1621 30
1622 28
1623 29
1624 30
1625 30
1626 29
1627 30
1628 30
1629 30
1630 29
1631 30
1632 30
1633 28
1634 30
1635 30
1636 29
1637 28
1638 29
1639 30
1640 29
1641 29
1642 29
1643 30
1644 29
1645 30
1646 29
1647 29
1648 29
1649 30
1650 29
1651 29
1652 30
1653 30
1654 29
1655 30
1656 30
1657 29
1658 29
1659 29
1660 30
1661 30
1662 29
1663 29
1664 30
1665 30
1666 30
1667 29
1668 30
1669 30
1670 30
1671 30
1672 29
1673 30
1674 29
1675 29
1676 29
1677 29
1678 30
1679 29
1680 30
1681 30
1682 29
1683 29
1684 30
1685 29
1686 29
1687 29
1688 29
1689 30
1690 29
1691 30
1692 30
1693 30
1694 29
1695 30
1696 30
1697 30
1698 29
1699 30
1700 29
1701 29
1702 30
1703 30
1704 30
1705 29
1706 29
1707 29
1708 30
1709 30
1710 30
1711 29
1712 29
1713 30
1714 30
1715 29
1716 29
1717 29
1718 28
1719 28
1720 29
1721 29
1722 29
1723 30
1724 29
1725 30
1726 29
1727 29
1728 29
1729 29
1730 29
1731 30
1732 29
1733 30
1734 30
1735 29
1736 30
1737 29
1738 29
1739 29
1740 29
1741 29
1742 30
1743 29
1744 29
1745 29
1746 29
1747 30
1748 29
1749 28
1750 28
1751 29
1752 30
1753 29
1754 29
1755 30
1756 29
1757 29
1758 29
1759 29
1760 30
1761 30
1762 29
1763 30
1764 30
1765 30
1766 29
1767 30
1768 29
1769 30
1770 29
1771 30
1772 29
1773 30
1774 29
1775 30
1776 29
1777 29
1778 29
1779 30
1780 30
1781 29
1782 30
1783 29
1784 29
1785 29
1786 30
1787 29
1788 28
1789 28
1790 30
1791 29
1792 30
1793 29
1794 29
1795 29
1796 29
1797 30
1798 29
1799 30
1800 29
1801 29
1802 29
1803 29
1804 29
1805 30
1806 30
1807 29
1808 30
1809 29
1810 30
1811 29
1812 29
1813 29
1814 30
1815 29
1816 30
1817 29
1818 30
1819 29
1820 30
1821 29
1822 29
1823 29
1824 30
1825 30
1826 29
1827 29
1828 30
1829 30
1830 29
1831 29
1832 29
1833 30
1834 30
1835 30
1836 30
1837 29
1838 29
1839 30
1840 30
1841 29
1842 29
1843 29
1844 29
1845 29
1846 29
1847 30
1848 29
1849 30
1850 30
1851 30
1852 29
1853 30
1854 30
1855 29
1856 29
1857 29
1858 30
1859 30
1860 30
1861 30
1862 29
1863 29
1864 30
1865 30
1866 29
1867 30
1868 29
1869 30
1870 30
1871 28
1872 29
1873 30
1874 29
1875 29
1876 29
1877 29
1878 30
1879 30
1880 29
1881 29
1882 30
1883 29
1884 30
1885 29
1886 28
1887 30
1888 30
1889 30
1890 29
1891 29
1892 29
1893 30
1894 29
1895 30
1896 30
1897 30
1898 29
1899 30
1900 30
1901 30
1902 30
1903 30
1904 30
1905 29
1906 29
1907 30
1908 30
1909 29
1910 30
1911 29
1912 29
1913 30
1914 29
1915 29
1916 29
1917 30
1918 29
1919 29
1920 30
1921 29
1922 29
1923 29
1924 29
1925 30
1926 30
1927 30
1928 30
1929 30
1930 30
1931 30
1932 29
1933 30
1934 30
1935 29
1936 30
1937 29
1938 30
1939 29
1940 30
1941 29
1942 30
1943 29
1944 30
1945 30
1946 29
1947 29
1948 30
1949 29
1950 29
1951 29
1952 29
1953 30
1954 30
1955 30
1956 30
1957 30
1958 29
1959 30
1960 29
1961 29
1962 29
1963 28
1964 29
1965 30
1966 29
1967 29
1968 30
1969 30
1970 30
1971 29
1972 30
1973 29
1974 28
1975 29
1976 29
1977 30
1978 29
1979 30
1980 30
1981 30
1982 30
1983 29
1984 30
1985 29
1986 29
1987 29
1988 29
1989 29
1990 30
1991 29
1992 30
1993 29
1994 29
1995 29
1996 30
1997 28
1998 29
1999 29
2000 29
2001 30
2002 29
2003 30
2004 30
2005 29
2006 30
2007 29
2008 29
2009 29
2010 29
2011 29
2012 30
2013 30
2014 29
2015 30
2016 28
2017 30
2018 30
2019 28
2020 28
2021 30
2022 30
2023 30
2024 29
2025 29
2026 29
2027 30
2028 29
2029 29
2030 30
2031 30
2032 29
2033 28
2034 29
2035 30
2036 30
2037 30
2038 29
2039 30
2040 30
2041 30
2042 29
2043 30
2044 30
2045 29
2046 30
2047 30
2048 29
2049 29
2050 30
2051 29
2052 29
2053 30
2054 29
2055 30
2056 30
2057 30
2058 29
2059 30
2060 29
2061 29
2062 30
2063 29
2064 30
2065 29
2066 30
2067 29
2068 30
2069 28
2070 30
2071 30
2072 30
2073 29
2074 29
2075 30
2076 30
2077 29
2078 29
2079 30
2080 30
2081 30
2082 30
2083 30
2084 30
2085 29
2086 30
2087 29
2088 28
2089 29
2090 30
2091 30
2092 30
2093 29
2094 30
2095 30
2096 30
2097 29
2098 29
2099 30
2100 29
2101 29
2102 30
2103 30
2104 28
2105 30
2106 29
2107 30
2108 30
2109 30
2110 29
2111 30
2112 29
2113 30
2114 30
2115 29
2116 28
2117 29
2118 29
2119 29
2120 29
2121 29
2122 29
2123 29
2124 29
2125 29
2126 30
2127 29
2128 29
2129 29
2130 29
2131 30
2132 29
2133 29
2134 29
2135 30
2136 29
2137 29
2138 30
2139 29
2140 29
2141 30
2142 29
2143 30
2144 30
2145 30
2146 30
2147 30
2148 29
2149 29
2150 30
2151 30
2152 30
2153 30
2154 29
2155 29
2156 29
2157 30
2158 30
2159 30
2160 29
2161 30
2162 30
2163 29
2164 28
2165 30
2166 29
2167 29
2168 29
2169 30
2170 29
2171 29
2172 28
2173 29
2174 29
2175 29
2176 29
2177 29
2178 30
2179 29
2180 28
2181 30
2182 29
2183 29
2184 30
2185 29
2186 29
2187 29
2188 30
2189 30
2190 28
2191 30
2192 29
2193 30
2194 29
2195 30
2196 29
2197 30
2198 30
2199 29
2200 29
2201 30
2202 29
2203 29
2204 30
2205 30
2206 30
2207 30
2208 29
2209 30
2210 28
2211 30
2212 29
2213 29
2214 30
2215 29
2216 30
2217 29
2218 30
2219 29
2220 29
2221 29
2222 29
2223 30
2224 29
2225 29
2226 30
2227 30
2228 29
2229 29
2230 29
2231 30
2232 29
2233 30
2234 29
2235 29
2236 30
2237 30
2238 29
2239 29
2240 29
2241 30
2242 30
2243 30
2244 29
2245 29
2246 30
2247 29
2248 29
2249 29
2250 30
2251 30
2252 29
2253 30
2254 29
2255 30
2256 30
2257 30
2258 29
2259 29
2260 29
2261 30
2262 30
2263 30
2264 30
2265 29
2266 30
2267 30
2268 29
2269 29
2270 30
2271 30
2272 29
2273 30
2274 30
2275 29
2276 30
2277 30
2278 29
2279 30
2280 29
2281 29
2282 30
2283 29
2284 30
2285 30
2286 30
2287 29
2288 30
2289 30
2290 29
2291 29
2292 29
2293 29
2294 30
2295 30
2296 29
2297 30
2298 29
2299 30
2300 29
2301 30
2302 30
2303 30
2304 30
2305 30
2306 28
2307 30
2308 30
2309 30
2310 29
2311 29
2312 29
2313 29
2314 29
2315 29
2316 29
2317 29
2318 30
2319 29
2320 30
2321 29
2322 29
2323 29
2324 29
2325 29
2326 30
2327 30
2328 29
2329 29
2330 30
2331 29
2332 29
2333 29
2334 29
2335 29
2336 29
2337 28
2338 29
2339 29
2340 30
2341 30
2342 29
2343 29
2344 29
2345 29
2346 30
2347 29
2348 29
2349 29
2350 29
2351 30
2352 29
2353 29
2354 30
2355 29
2356 30
2357 29
2358 30
2359 30
2360 30
2361 30
2362 30
2363 29
2364 29
2365 30
2366 30
2367 30
2368 29
2369 29
2370 30
2371 30
2372 30
2373 29
2374 30
2375 29
2376 29
2377 30
2378 30
2379 29
2380 29
2381 30
2382 29
2383 29
2384 29
2385 29
2386 30
2387 29
2388 30
2389 29
2390 30
2391 29
2392 30
2393 29
2394 29
2395 29
2396 29
2397 29
2398 29
2399 30
2400 29
2401 30
2402 30
2403 30
2404 30
2405 30
2406 29
2407 29
2408 29
2409 30
2410 30
2411 30
2412 29
2413 29
2414 29
2415 29
2416 30
2417 29
2418 29
2419 30
2420 30
2421 29
2422 29
2423 30
2424 30
2425 29
2426 30
2427 29
2428 30
2429 29
2430 30
2431 29
2432 30
2433 30
2434 29
2435 30
2436 28
2437 29
2438 30
2439 29
2440 29
2441 30
2442 30
2443 29
2444 30
2445 29
2446 29
2447 29
2448 29
2449 30
2450 29
2451 28
2452 29
2453 29
2454 30
2455 29
2456 29
2457 29
2458 30
2459 29
2460 29
2461 29
2462 30
2463 29
2464 29
2465 29
2466 30
2467 29
2468 29
2469 30
2470 29
2471 30
2472 30
2473 30
2474 29
2475 30
2476 30
2477 30
2478 30
2479 30
2480 29
2481 29
2482 29
2483 29
2484 30
2485 30
2486 29
2487 30
2488 29
2489 29
2490 29
2491 30
2492 29
2493 30
2494 29
2495 28
2496 30
2497 29
2498 29
2499 30
2500 29
2501 30
2502 29
2503 29
2504 30
2505 29
2506 30
2507 28
2508 29
2509 30
2510 30
2511 30
2512 30
2513 29
2514 29
2515 28
2516 30
2517 29
2518 29
2519 29
2520 30
2521 30
2522 30
2523 30
2524 29
2525 29
2526 30
2527 29
2528 29
2529 29
2530 29
2531 29
2532 29
2533 30
2534 29
2535 29
2536 29
2537 29
2538 29
2539 30
2540 30
2541 29
2542 29
2543 29
2544 29
2545 30
2546 29
2547 29
2548 29
2549 30
2550 29
2551 29
2552 30
2553 29
2554 29
2555 30
2556 29
2557 29
2558 29
2559 29
2560 30
2561 30
2562 30
2563 29
2564 30
2565 29
2566 29
2567 30
2568 30
2569 30
2570 30
2571 29
2572 30
2573 30
2574 30
2575 29
2576 29
2577 30
2578 29
2579 29
2580 30
2581 29
2582 29
2583 29
2584 30
2585 30
2586 30
2587 29
2588 29
2589 29
2590 29
2591 30
2592 29
2593 30
2594 30
2595 30
2596 29
2597 29
2598 29
2599 30
2600 29
2601 30
2602 30
2603 29
2604 29
2605 29
2606 29
2607 29
2608 29
2609 28
2610 29
2611 30
2612 28
2613 29
2614 28
2615 29
2616 29
2617 30
2618 29
2619 29
2620 29
2621 30
2622 29
2623 29
2624 30
2625 29
2626 30
2627 30
2628 29
2629 30
2630 30
2631 29
2632 30
2633 29
2634 30
2635 29
2636 30
2637 29
2638 30
2639 29
2640 29
2641 29
2642 28
2643 30
2644 29
2645 29
2646 30
2647 29
2648 29
2649 29
2650 29
2651 29
2652 28
2653 29
2654 30
2655 30
2656 30
2657 29
2658 30
2659 29
2660 29
2661 29
2662 29
2663 30
2664 29
2665 30
2666 29
2667 29
2668 29
2669 30
2670 30
2671 30
2672 30
2673 29
2674 29
2675 29
2676 30
2677 29
2678 30
2679 30
2680 29
2681 29
2682 30
2683 30
2684 29
2685 29
2686 30
2687 29
2688 30
2689 30
2690 30
2691 30
2692 30
2693 30
2694 29
2695 30
2696 29
2697 30
2698 29
2699 30
2700 29
2701 29
2702 30
2703 29
2704 28
2705 29
2706 30
2707 30
2708 28
2709 30
2710 29
2711 29
2712 29
2713 30
2714 29
2715 29
2716 30
2717 29
2718 29
2719 28
2720 29
2721 29
2722 30
2723 30
2724 30
2725 29
2726 30
2727 30
2728 30
2729 29
2730 30
2731 30
2732 28
2733 29
2734 29
2735 29
2736 30
2737 29
2738 30
2739 30
2740 29
2741 29
2742 29
2743 30
2744 29
2745 30
2746 29
2747 29
2748 29
2749 30
2750 29
2751 30
2752 30
2753 29
2754 28
2755 29
2756 29
2757 28
2758 29
2759 29
2760 30
2761 30
2762 30
2763 30
2764 29
2765 29
2766 30
2767 29
2768 30
2769 30
2770 30
2771 28
2772 29
2773 30
2774 29
2775 29
2776 28
2777 29
2778 29
2779 30
2780 30
2781 29
2782 28
2783 30
2784 30
2785 30
2786 29
2787 29
2788 29
2789 30
2790 29
2791 29
2792 29
2793 29
2794 30
2795 29
2796 28
2797 29
2798 30
2799 30
2800 29
2801 30
2802 29
2803 29
2804 29
2805 29
2806 29
2807 30
2808 28
2809 30
2810 29
2811 29
2812 30
2813 30
2814 30
2815 29
2816 30
2817 30
2818 29
2819 29
2820 29
2821 29
2822 29
2823 29
2824 30
2825 29
2826 30
2827 29
2828 29
2829 29
2830 29
2831 30
2832 29
2833 30
2834 30
2835 29
2836 29
2837 29
2838 29
2839 29
2840 29
2841 29
2842 30
2843 30
2844 30
2845 30
2846 29
2847 29
2848 29
2849 29
2850 29
2851 30
2852 29
2853 29
2854 29
2855 30
2856 29
2857 29
2858 30
2859 29
2860 29
2861 30
2862 30
2863 29
2864 30
2865 29
2866 29
2867 29
2868 29
2869 28
2870 30
2871 30
2872 30
2873 28
2874 29
2875 30
2876 30
2877 30
2878 29
2879 29
2880 30
2881 29
2882 30
2883 29
2884 29
2885 30
2886 30
2887 29
2888 30
2889 29
2890 29
2891 30
2892 29
2893 29
2894 29
2895 30
2896 29
2897 30
2898 28
2899 29
2900 30
2901 30
2902 29
2903 29
2904 29
2905 29
2906 29
2907 29
2908 29
2909 30
2910 30
2911 30
2912 29
2913 30
2914 30
2915 29
2916 29
2917 29
2918 29
2919 30
2920 29
2921 30
2922 29
2923 30
2924 30
2925 30
2926 30
2927 29
2928 30
2929 30
2930 30
2931 29
2932 29
2933 29
2934 30
2935 30
2936 30
2937 30
2938 30
2939 29
2940 29
2941 30
2942 30
2943 30
2944 29
2945 29
2946 30
2947 29
2948 30
2949 29
2950 30
2951 29
2952 30
2953 29
2954 30
2955 29
2956 30
2957 29
2958 29
2959 30
2960 30
2961 30
2962 30
2963 29
2964 30
2965 30
2966 29
2967 29
2968 29
2969 29
2970 30
2971 30
2972 29
2973 29
2974 29
2975 29
2976 29
2977 29
2978 30
2979 28
2980 29
2981 30
2982 29
2983 29
2984 29
2985 30
2986 29
2987 30
2988 29
2989 29
2990 29
2991 29
2992 30
2993 30
2994 30
2995 30
2996 30
2997 29
2998 29
2999 30
3000 30
3001 29
3002 29
3003 30
3004 29
3005 29
3006 30
3007 30
3008 29
3009 29
3010 29
3011 29
3012 30
3013 29
3014 29
3015 29
3016 30
3017 30
3018 29
3019 29
3020 30
3021 29
3022 29
3023 30
3024 29
3025 29
3026 29
3027 29
3028 30
3029 30
3030 29
3031 30
3032 30
3033 29
3034 29
3035 29
3036 30
3037 30
3038 29
3039 28
3040 30
3041 29
3042 29
3043 30
3044 29
3045 29
3046 30
3047 29
3048 29
3049 29
3050 29
3051 28
3052 30
3053 30
3054 29
3055 30
3056 30
3057 29
3058 29
3059 29
3060 29
3061 29
3062 29
3063 29
3064 29
3065 30
3066 28
3067 29
3068 30
3069 30
3070 29
3071 30
3072 29
3073 29
3074 30
3075 29
3076 30
3077 30
3078 29
3079 29
3080 30
3081 30
3082 29
3083 29
3084 29
3085 29
3086 30
3087 29
3088 29
3089 30
3090 29
3091 29
3092 29
3093 29
3094 30
3095 30
3096 30
3097 29
3098 30
3099 30
3100 29
3101 29
3102 29
3103 29
3104 30
3105 29
3106 30
3107 29
3108 30
3109 29
3110 29
3111 30
3112 30
3113 29
3114 30
3115 29
3116 30
3117 30
3118 30
3119 29
3120 30
3121 30
3122 29
3123 30
3124 30
3125 30
3126 30
3127 29
3128 30
3129 29
3130 29
3131 30
3132 29
3133 29
3134 30
3135 30
3136 29
3137 29
3138 30
3139 30
3140 29
3141 29
3142 30
3143 30
3144 30
3145 29
3146 29
3147 29
3148 29
3149 29
3150 30
3151 30
3152 30
3153 30
3154 30
3155 30
3156 30
3157 29
3158 30
3159 30
3160 29
3161 29
3162 29
3163 30
3164 30
3165 30
3166 29
3167 29
3168 29
3169 30
3170 30
3171 29
3172 30
3173 30
3174 29
3175 30
3176 30
3177 30
3178 29
3179 29
3180 30
3181 29
3182 29
3183 30
3184 29
3185 30
3186 30
3187 29
3188 30
3189 29
3190 29
3191 30
3192 30
3193 30
3194 29
3195 30
3196 30
3197 29
3198 29
3199 30
3200 29
3201 30
3202 29
3203 29
3204 30
3205 30
3206 30
3207 30
3208 29
3209 29
3210 29
3211 29
3212 29
3213 29
3214 29
3215 29
3216 29
3217 29
3218 29
3219 30
3220 29
3221 30
3222 29
3223 30
3224 30
3225 29
3226 29
3227 29
3228 30
3229 29
3230 29
3231 29
3232 28
3233 29
3234 30
3235 29
3236 28
3237 29
3238 29
3239 30
3240 29
3241 29
3242 30
3243 30
3244 30
3245 30
3246 30
3247 29
3248 30
3249 30
3250 30
3251 29
3252 30
3253 29
3254 29
3255 29
3256 30
3257 30
3258 29
3259 30
3260 28
3261 29
3262 30
3263 30
3264 29
3265 29
3266 29
3267 30
3268 30
3269 30
3270 30
3271 30
3272 30
3273 30
3274 29
3275 29
3276 30
3277 29
3278 29
3279 29
3280 30
3281 29
3282 30
3283 29
3284 30
3285 29
3286 29
3287 28
3288 30
3289 29
3290 30
3291 29
3292 30
3293 29
3294 30
3295 30
3296 30
3297 30
3298 30
3299 28
3300 30
3301 29
3302 29
3303 29
3304 29
3305 29
3306 29
3307 29
3308 29
3309 30
3310 29
3311 29
3312 28
3313 30
3314 29
3315 30
3316 29
3317 29
3318 29
3319 29
3320 29
3321 30
3322 29
3323 29
3324 30
3325 28
3326 29
3327 29
3328 30
3329 28
3330 29
3331 29
3332 29
3333 30
3334 29
3335 30
3336 30
3337 30
3338 28
3339 30
3340 29
3341 29
3342 30
3343 29
3344 30
3345 29
3346 29
3347 29
3348 30
3349 29
3350 30
3351 29
3352 29
3353 29
3354 30
3355 29
3356 30
3357 29
3358 29
3359 29
3360 29
3361 30
3362 29
3363 29
3364 30
3365 30
3366 30
3367 30
3368 30
3369 30
3370 29
3371 29
3372 30
3373 29
3374 29
3375 29
3376 30
3377 29
3378 30
3379 30
3380 30
3381 30
3382 30
3383 29
3384 29
3385 30
3386 30
3387 29
3388 30
3389 29
3390 28
3391 30
3392 29
3393 30
3394 30
3395 30
3396 29
3397 29
3398 29
3399 29
3400 29
3401 30
3402 29
3403 29
3404 30
3405 29
3406 30
3407 30
3408 30
3409 30
3410 30
3411 29
3412 29
3413 29
3414 28
3415 30
3416 30
3417 29
3418 29
3419 30
3420 30
3421 28
3422 29
3423 29
3424 29
3425 29
3426 29
3427 29
3428 29
3429 29
3430 29
3431 29
3432 30
3433 29
3434 30
3435 29
3436 30
3437 29
3438 29
3439 29
3440 29
3441 29
3442 30
3443 30
3444 29
3445 30
3446 30
3447 30
3448 30
3449 29
3450 30
3451 29
3452 30
3453 29
3454 29
3455 30
3456 30
3457 30
3458 29
3459 29
3460 29
3461 29
3462 30
3463 29
3464 29
3465 29
3466 29
3467 30
3468 30
3469 29
3470 29
3471 29
3472 29
3473 30
3474 29
3475 29
3476 29
3477 29
3478 30
3479 29
3480 30
3481 30
3482 30
3483 30
3484 29
3485 30
3486 29
3487 29
3488 30
3489 30
3490 29
3491 29
3492 29
3493 29
3494 30
3495 29
3496 30
3497 30
3498 29
3499 30
3500 28
3501 29
3502 30
3503 30
3504 30
3505 30
3506 29
3507 29
3508 30
3509 29
3510 30
3511 30
3512 29
3513 29
3514 29
3515 29
3516 30
3517 29
3518 30
3519 30
3520 30
3521 29
3522 30
3523 30
3524 29
3525 29
3526 30
3527 29
3528 29
3529 29
3530 30
3531 30
3532 30
3533 29
3534 29
3535 30
3536 29
3537 29
3538 30
3539 30
3540 29
3541 29
3542 29
3543 29
3544 30
3545 30
3546 29
3547 30
3548 29
3549 29
3550 30
3551 29
3552 30
3553 30
3554 29
3555 29
3556 30
3557 30
3558 30
3559 30
3560 29
3561 29
3562 29
3563 30
3564 30
3565 29
3566 30
3567 30
3568 30
3569 29
3570 30
3571 29
3572 30
3573 30
3574 30
3575 29
3576 29
3577 29
3578 29
3579 30
3580 30
3581 29
3582 29
3583 28
3584 30
3585 29
3586 30
3587 29
3588 30
3589 29
3590 29
3591 29
3592 29
3593 29
3594 30
3595 30
3596 30
3597 30
3598 29
3599 30
3600 29
3601 30
3602 29
3603 29
3604 30
3605 29
3606 30
3607 29
3608 29
3609 29
3610 30
3611 29
3612 30
3613 30
3614 29
3615 29
3616 29
3617 28
3618 30
3619 28
3620 29
3621 29
3622 29
3623 29
3624 30
3625 29
3626 30
3627 29
3628 29
3629 30
3630 30
3631 29
3632 29
3633 30
3634 29
3635 28
3636 29
3637 30
3638 30
3639 30
3640 30
3641 29
3642 29
3643 30
3644 29
3645 29
3646 30
3647 29
3648 28
3649 30
3650 29
3651 28
3652 29
3653 30
3654 30
3655 29
3656 30
3657 29
3658 29
3659 28
3660 29
3661 30
3662 29
3663 30
3664 29
3665 30
3666 29
3667 30
3668 30
3669 28
3670 29
3671 29
3672 29
3673 30
3674 29
3675 29
3676 30
3677 29
3678 29
3679 29
3680 29
3681 29
3682 29
3683 29
3684 30
3685 28
3686 30
3687 30
3688 29
3689 30
3690 29
3691 30
3692 30
3693 29
3694 30
3695 29
3696 29
3697 29
3698 29
3699 30
3700 29
3701 30
3702 30
3703 29
3704 30
3705 30
3706 30
3707 29
3708 29
3709 29
3710 28
3711 29
3712 29
3713 30
3714 30
3715 29
3716 29
3717 29
3718 29
3719 30
3720 30
3721 30
3722 30
3723 29
3724 29
3725 29
3726 29
3727 28
3728 29
3729 29
3730 29
3731 29
3732 30
3733 29
3734 28
3735 29
3736 30
3737 29
3738 30
3739 29
3740 29
3741 29
3742 29
3743 29
3744 30
3745 30
3746 29
3747 30
3748 30
3749 29
3750 30
3751 30
3752 29
3753 30
3754 29
3755 29
3756 29
3757 28
3758 30
3759 29
3760 30
3761 30
3762 29
3763 29
3764 29
3765 29
3766 30
3767 28
3768 30
3769 30
3770 30
3771 29
3772 29
3773 30
3774 29
3775 29
3776 28
3777 30
3778 29
3779 29
3780 29
3781 29
3782 30
3783 30
3784 30
3785 29
3786 29
3787 29
3788 30
3789 30
3790 29
3791 29
3792 30
3793 30
3794 29
3795 30
3796 30
3797 30
3798 30
3799 29
3800 29
3801 30
3802 29
3803 29
3804 29
3805 30
3806 29
3807 30
3808 29
3809 30
3810 30
3811 29
3812 30
3813 29
3814 29
3815 28
3816 29
3817 30
3818 29
3819 30
3820 29
3821 29
3822 29
3823 30
3824 29
3825 30
3826 30
3827 29
3828 30
3829 29
3830 29
3831 30
3832 29
3833 30
3834 29
3835 30
3836 30
3837 28
3838 29
3839 29
3840 30
3841 29
3842 30
3843 30
3844 29
3845 29
3846 29
3847 29
3848 30
3849 29
3850 29
3851 30
3852 29
3853 28
3854 29
3855 30
3856 29
3857 29
3858 30
3859 29
3860 30
3861 29
3862 30
3863 30
3864 30
3865 29
3866 29
3867 30
3868 29
3869 30
3870 29
3871 29
3872 30
3873 30
3874 30
3875 29
3876 30
3877 29
3878 29
3879 29
3880 30
3881 30
3882 30
3883 29
3884 28
3885 30
3886 30
3887 29
3888 30
3889 29
3890 30
3891 30
3892 30
3893 28
3894 29
3895 29
3896 30
3897 30
3898 29
3899 29
3900 29
3901 30
3902 29
3903 29
3904 30
3905 29
3906 29
3907 30
3908 30
3909 29
3910 30
3911 29
3912 29
3913 30
3914 29
3915 30
3916 29
3917 28
3918 30
3919 29
3920 30
3921 30
3922 29
3923 29
3924 30
3925 29
3926 29
3927 29
3928 30
3929 27
3930 30
3931 30
3932 30
3933 30
3934 29
3935 29
3936 30
3937 30
3938 30
3939 29
3940 29
3941 29
3942 30
3943 29
3944 30
3945 28
3946 30
3947 29
3948 29
3949 30
3950 29
3951 30
3952 29
3953 30
3954 30
3955 30
3956 29
3957 29
3958 30
3959 29
3960 30
3961 29
3962 30
3963 30
3964 30
3965 29
3966 28
3967 29
3968 30
3969 29
3970 30
3971 30
3972 30
3973 29
3974 30
3975 29
3976 29
3977 29
3978 29
3979 29
3980 29
3981 29
3982 30
3983 29
3984 29
3985 29
3986 29
3987 30
3988 30
3989 29
3990 30
3991 30
3992 30
3993 29
3994 29
3995 30
3996 29
3997 30
3998 29
3999 29
4000 29
4001 29
4002 30
4003 29
4004 29
4005 30
4006 29
4007 30
4008 29
4009 30
4010 29
4011 29
4012 29
4013 29
4014 29
4015 30
4016 29
4017 29
4018 29
4019 30
4020 29
4021 29
4022 30
4023 29
4024 30
4025 30
4026 30
4027 30
4028 30
4029 29
4030 29
4031 29
4032 29
4033 30
4034 30
4035 29
4036 30
4037 29
4038 29
4039 29
4040 29
4041 29
4042 30
4043 30
4044 29
4045 29
4046 29
4047 29
4048 29
4049 29
4050 30
4051 30
4052 30
4053 30
4054 29
4055 30
4056 29
4057 29
4058 29
4059 29
4060 29
4061 29
4062 29
4063 30
4064 29
4065 29
4066 29
4067 29
4068 29
4069 29
4070 29
4071 29
4072 30
4073 29
4074 30
4075 30
4076 29
4077 29
4078 30
4079 29
4080 30
4081 29
4082 29
4083 30
4084 30
4085 30
4086 30
4087 29
4088 30
4089 29
4090 30
4091 29
4092 30
4093 30
4094 29
4095 29
4096 30
4097 29
4098 30
4099 30
4100 30
4101 29
4102 29
4103 29
4104 29
4105 30
4106 29
4107 29
4108 30
4109 30
4110 30
4111 29
4112 28
4113 30
4114 28
4115 30
4116 29
4117 30
4118 30
4119 29
4120 29
4121 29
4122 30
4123 29
4124 30
4125 30
4126 29
4127 29
4128 30
4129 29
4130 30
4131 29
4132 30
4133 30
4134 28
4135 30
4136 29
4137 29
4138 30
4139 29
4140 30
4141 30
4142 30
4143 30
4144 29
4145 30
4146 29
4147 29
4148 29
4149 30
4150 30
4151 29
4152 29
4153 29
4154 30
4155 29
4156 30
4157 30
4158 29
4159 30
4160 30
4161 29
4162 29
4163 29
4164 30
4165 29
4166 30
4167 29
4168 30
4169 28
4170 30
4171 30
4172 28
4173 29
4174 29
4175 29
4176 30
4177 30
4178 30
4179 29
4180 30
4181 29
4182 30
4183 29
4184 30
4185 30
4186 29
4187 30
4188 29
4189 28
4190 29
4191 30
4192 30
4193 29
4194 30
4195 29
4196 29
4197 29
4198 28
4199 29
4200 29
4201 30
4202 30
4203 30
4204 30
4205 29
4206 29
4207 30
4208 28
4209 30
4210 29
4211 29
4212 30
4213 30
4214 29
4215 30
4216 30
4217 30
4218 29
4219 30
4220 30
4221 29
4222 30
4223 30
4224 29
4225 30
4226 30
4227 30
4228 29
4229 30
4230 29
4231 29
4232 29
4233 30
4234 28
4235 30
4236 29
4237 30
4238 29
4239 30
4240 29
4241 29
4242 29
4243 29
4244 28
4245 28
4246 30
4247 29
4248 30
4249 29
4250 29
4251 30
4252 30
4253 28
4254 30
4255 30
4256 30
4257 30
4258 30
4259 30
4260 29
4261 30
4262 30
4263 29
4264 30
4265 29
4266 28
4267 29
4268 29
4269 28
4270 29
4271 30
4272 30
4273 30
4274 30
4275 29
4276 30
4277 30
4278 30
4279 30
4280 30
4281 29
4282 29
4283 30
4284 29
4285 30
4286 29
4287 29
4288 30
4289 29
4290 30
4291 29
4292 29
4293 29
4294 28
4295 30
4296 29
4297 29
4298 30
4299 30
4300 29
4301 29
4302 29
4303 29
4304 29
4305 29
4306 29
4307 28
4308 29
4309 29
4310 29
4311 29
4312 29
4313 30
4314 29
4315 29
4316 30
4317 29
4318 29
4319 30
4320 29
4321 29
4322 29
4323 29
4324 29
4325 30
4326 30
4327 30
4328 30
4329 30
4330 30
4331 29
4332 30
4333 29
4334 30
4335 28
4336 29
4337 30
4338 29
4339 29
4340 29
4341 29
4342 29
4343 29
4344 29
4345 30
4346 29
4347 29
4348 29
4349 29
4350 30
4351 30
4352 29
4353 29
4354 30
4355 29
4356 29
4357 30
4358 30
4359 29
4360 30
4361 30
4362 29
4363 28
4364 30
4365 29
4366 29
4367 29
4368 30
4369 29
4370 30
4371 30
4372 30
4373 29
4374 30
4375 29
4376 28
4377 30
4378 29
4379 28
4380 29
4381 29
4382 28
4383 28
4384 30
4385 29
4386 29
4387 30
4388 29
4389 30
4390 28
4391 30
4392 29
4393 30
4394 29
4395 29
4396 29
4397 30
4398 30
4399 29
4400 30
4401 30
4402 30
4403 28
4404 29
4405 29
4406 29
4407 29
4408 29
4409 30
4410 29
4411 30
4412 29
4413 30
4414 29
4415 30
4416 29
4417 29
4418 30
4419 29
4420 30
4421 29
4422 29
4423 29
4424 29
4425 30
4426 29
4427 30
4428 29
4429 30
4430 30
4431 29
4432 29
4433 29
4434 28
4435 29
4436 30
4437 30
4438 28
4439 29
4440 30
4441 29
4442 29
4443 29
4444 29
4445 29
4446 28
4447 29
4448 30
4449 29
4450 29
4451 30
4452 29
4453 29
4454 30
4455 29
4456 29
4457 29
4458 29
4459 30
4460 29
4461 30
4462 29
4463 30
4464 29
4465 29
4466 29
4467 29
4468 30
4469 29
4470 29
4471 29
4472 29
4473 29
4474 29
4475 30
4476 29
4477 30
4478 29
4479 29
4480 29
4481 30
4482 29
4483 29
4484 29
4485 30
4486 29
4487 30
4488 29
4489 29
4490 29
4491 29
4492 29
4493 30
4494 29
4495 30
4496 29
4497 29
4498 30
4499 29
4500 29
4501 30
4502 30
4503 28
4504 30
4505 29
4506 29
4507 30
4508 30
4509 29
4510 30
4511 30
4512 29
4513 29
4514 29
4515 30
4516 29
4517 30
4518 29
4519 29
4520 30
4521 30
4522 30
4523 30
4524 29
4525 29
4526 30
4527 30
4528 29
4529 29
4530 30
4531 30
4532 29
4533 30
4534 30
4535 29
4536 29
4537 29
4538 30
4539 30
4540 30
4541 29
4542 29
4543 30
4544 30
4545 29
4546 30
4547 30
4548 29
4549 30
4550 29
4551 29
4552 28
4553 30
4554 30
4555 30
4556 30
4557 30
4558 29
4559 30
4560 28
4561 29
4562 29
4563 30
4564 30
4565 29
4566 30
4567 30
4568 29
4569 30
4570 29
4571 29
4572 29
4573 29
4574 28
4575 29
4576 30
4577 30
4578 30
4579 29
4580 30
4581 30
4582 29
4583 30
4584 29
4585 29
4586 29
4587 29
4588 30
4589 29
4590 29
4591 29
4592 30
4593 30
4594 30
4595 30
4596 29
4597 29
4598 29
4599 29
4600 29
4601 29
4602 30
4603 29
4604 30
4605 30
4606 29
4607 30
4608 29
4609 29
4610 30
4611 29
4612 30
4613 29
4614 30
4615 29
4616 30
4617 29
4618 29
4619 30
4620 29
4621 29
4622 30
4623 29
4624 30
4625 30
4626 30
4627 30
4628 29
4629 29
4630 30
4631 28
4632 30
4633 30
4634 30
4635 29
4636 30
4637 29
4638 29
4639 30
4640 30
4641 30
4642 29
4643 30
4644 29
4645 30
4646 30
4647 29
4648 30
4649 30
4650 29
4651 29
4652 30
4653 30
4654 28
4655 30
4656 30
4657 30
4658 30
4659 29
4660 29
4661 29
4662 30
4663 29
4664 30
4665 29
4666 29
4667 28
4668 30
4669 30
4670 29
4671 30
4672 28
4673 29
4674 29
4675 30
4676 29
4677 30
4678 29
4679 30
4680 30
4681 30
4682 30
4683 30
4684 30
4685 30
4686 30
4687 30
4688 29
4689 29
4690 29
4691 29
4692 29
4693 29
4694 30
4695 30
4696 29
4697 30
4698 29
4699 29
4700 29
4701 29
4702 29
4703 29
4704 29
4705 29
4706 29
4707 29
4708 29
4709 29
4710 29
4711 29
4712 29
4713 29
4714 30
4715 30
4716 29
4717 29
4718 30
4719 29
4720 29
4721 29
4722 29
4723 29
4724 29
4725 30
4726 30
4727 30
4728 29
4729 29
4730 29
4731 29
4732 30
4733 28
4734 29
4735 29
4736 30
4737 29
4738 30
4739 28
4740 29
4741 30
4742 30
4743 30
4744 30
4745 29
4746 30
4747 30
4748 30
4749 29
4750 29
4751 29
4752 29
4753 30
4754 29
4755 29
4756 29
4757 29
4758 29
4759 29
4760 30
4761 29
4762 29
4763 29
4764 30
4765 30
4766 29
4767 29
4768 29
4769 28
4770 29
4771 29
4772 29
4773 29
4774 30
4775 29
4776 30
4777 29
4778 29
4779 30
4780 30
4781 30
4782 29
4783 29
4784 28
4785 29
4786 30
4787 29
4788 30
4789 29
4790 30
4791 30
4792 29
4793 30
4794 30
4795 29
4796 29
4797 30
4798 29
4799 29
4800 28
4801 29
4802 30
4803 30
4804 30
4805 29
4806 29
4807 29
4808 30
4809 30
4810 30
4811 29
4812 30
4813 29
4814 30
4815 29
4816 30
4817 30
4818 29
4819 30
4820 30
4821 29
4822 29
4823 29
4824 30
4825 29
4826 29
4827 29
4828 30
4829 30
4830 29
4831 30
4832 30
4833 30
4834 29
4835 30
4836 29
4837 30
4838 29
4839 29
4840 29
4841 30
4842 29
4843 30
4844 29
4845 28
4846 29
4847 28
4848 30
4849 29
4850 30
4851 30
4852 29
4853 29
4854 29
4855 30
4856 30
4857 29
4858 30
4859 29
4860 30
4861 30
4862 30
4863 29
4864 29
4865 30
4866 29
4867 30
4868 29
4869 28
4870 29
4871 30
4872 29
4873 30
4874 30
4875 29
4876 30
4877 29
4878 29
4879 29
4880 29
4881 29
4882 30
4883 30
4884 30
4885 29
4886 30
4887 30
4888 29
4889 29
4890 29
4891 28
4892 30
4893 29
4894 29
4895 29
4896 30
4897 29
4898 30
4899 29
4900 29
4901 29
4902 30
4903 30
4904 30
4905 30
4906 30
4907 29
4908 29
4909 30
4910 29
4911 29
4912 29
4913 29
4914 29
4915 29
4916 30
4917 30
4918 29
4919 30
4920 29
4921 28
4922 30
4923 30
4924 30
4925 29
4926 29
4927 29
4928 28
4929 29
4930 30
4931 28
4932 29
4933 30
4934 30
4935 30
4936 29
4937 30
4938 29
4939 29
4940 29
4941 29
4942 29
4943 29
4944 29
4945 29
4946 30
4947 29
4948 29
4949 29
4950 30
4951 29
4952 29
4953 29
4954 29
4955 29
4956 29
4957 29
4958 30
4959 29
4960 30
4961 30
4962 29
4963 30
4964 28
4965 29
4966 29
4967 30
4968 29
4969 30
4970 30
4971 29
4972 28
4973 29
4974 30
4975 30
4976 29
4977 30
4978 29
4979 30
4980 29
4981 30
4982 29
4983 28
4984 30
4985 29
4986 30
4987 29
4988 29
4989 29
4990 30
4991 29
4992 29
4993 29
4994 29
4995 29
4996 30
4997 30
4998 30
4999 30
5000 29
5001 30
5002 30
5003 29
5004 29
5005 29
5006 29
5007 29
5008 29
5009 29
5010 29
5011 29
5012 30
5013 28
5014 30
5015 29
5016 29
5017 30
5018 30
5019 29
5020 28
5021 29
5022 30
5023 30
5024 29
5025 29
5026 30
5027 28
5028 29
5029 29
5030 29
5031 29
5032 29
5033 30
5034 29
5035 29
5036 29
5037 29
5038 29
5039 29
5040 29
5041 30
5042 29
5043 30
5044 30
5045 29
5046 30
5047 30
5048 29
5049 28
5050 29
5051 29
5052 29
5053 29
5054 30
5055 29
5056 30
5057 30
5058 30
5059 30
5060 30
5061 29
5062 29
5063 29
5064 29
5065 29
5066 29
5067 30
5068 28
5069 29
5070 30
5071 30
5072 29
5073 30
5074 29
5075 29
5076 30
5077 29
5078 30
5079 29
5080 30
5081 30
5082 29
5083 29
5084 29
5085 29
5086 30
5087 30
5088 29
5089 30
5090 29
5091 30
5092 29
5093 29
5094 29
5095 30
5096 29
5097 30
5098 30
5099 30
5100 29
5101 30
5102 30
5103 30
5104 28
5105 30
5106 29
5107 30
5108 29
5109 29
5110 29
5111 29
5112 29
5113 29
5114 28
5115 30
5116 29
5117 29
5118 30
5119 29
5120 29
5121 29
5122 30
5123 29
5124 30
5125 29
5126 30
5127 30
5128 29
5129 30
5130 29
5131 30
5132 29
5133 30
5134 29
5135 29
5136 29
5137 30
5138 30
5139 30
5140 30
5141 29
5142 29
5143 29
5144 30
5145 30
5146 29
5147 29
5148 29
5149 29
5150 29
5151 30
5152 30
5153 30
5154 29
5155 29
5156 29
5157 29
5158 30
5159 29
5160 30
5161 30
5162 30
5163 30
5164 30
5165 30
5166 29
5167 30
5168 29
5169 29
5170 30
5171 29
5172 29
5173 29
5174 28
5175 29
5176 30
5177 30
5178 28
5179 30
5180 29
5181 30
5182 29
5183 30
5184 29
5185 29
5186 29
5187 29
5188 28
5189 29
5190 29
5191 29
5192 29
5193 29
5194 29
5195 29
5196 30
5197 29
5198 29
5199 29
5200 30
5201 30
5202 30
5203 29
5204 30
5205 30
5206 29
5207 30
5208 29
5209 30
5210 28
5211 28
5212 29
5213 29
5214 30
5215 30
5216 29
5217 30
5218 30
5219 29
5220 29
5221 30
5222 30
5223 28
5224 30
5225 29
5226 29
5227 30
5228 29
5229 30
5230 29
5231 29
5232 29
5233 29
5234 30
5235 29
5236 30
5237 29
5238 29
5239 30
5240 29
5241 30
5242 29
5243 30
5244 29
5245 29
5246 29
5247 29
5248 29
5249 30
5250 30
5251 30
5252 29
5253 30
5254 30
5255 29
5256 28
5257 30
5258 29
5259 30
5260 30
5261 30
5262 29
5263 30
5264 29
5265 29
5266 30
5267 29
5268 30
5269 28
5270 29
5271 29
5272 29
5273 30
5274 28
5275 29
5276 29
5277 29
5278 30
5279 30
5280 30
5281 29
5282 28
5283 29
5284 30
5285 30
5286 30
5287 29
5288 29
5289 29
5290 29
5291 30
5292 29
5293 30
5294 29
5295 30
5296 30
5297 29
5298 29
5299 29
5300 29
5301 30
5302 29
5303 29
5304 29
5305 30
5306 30
5307 30
5308 29
5309 30
5310 28
5311 29
5312 29
5313 29
5314 29
5315 30
5316 30
5317 29
5318 29
5319 29
5320 29
5321 30
5322 29
5323 30
5324 29
5325 29
5326 29
5327 29
5328 30
5329 29
5330 30
5331 28
5332 29
5333 29
5334 29
5335 29
5336 29
5337 29
5338 29
5339 29
5340 29
5341 30
5342 29
5343 29
5344 30
5345 30
5346 30
5347 29
5348 30
5349 29
5350 29
5351 30
5352 30
5353 29
5354 29
5355 30
5356 30
5357 30
5358 30
5359 30
5360 30
5361 29
5362 29
5363 30
5364 28
5365 30
5366 29
5367 29
5368 29
5369 29
5370 30
5371 30
5372 29
5373 30
5374 29
5375 30
5376 29
5377 29
5378 30
5379 29
5380 30
5381 29
5382 30
5383 30
5384 29
5385 30
5386 29
5387 29
5388 29
5389 29
5390 29
5391 30
5392 28
5393 30
5394 30
5395 29
5396 29
5397 30
5398 29
5399 29
5400 29
5401 29
5402 30
5403 29
5404 29
5405 30
5406 29
5407 30
5408 30
5409 30
5410 30
5411 30
5412 30
5413 29
5414 29
5415 30
5416 30
5417 30
5418 30
5419 30
5420 29
5421 30
5422 29
5423 30
5424 29
5425 29
5426 30
5427 29
5428 29
5429 30
5430 29
5431 29
5432 30
5433 30
5434 30
5435 30
5436 30
5437 29
5438 30
5439 29
5440 29
5441 30
5442 29
5443 29
5444 29
5445 28
5446 30
5447 29
5448 29
5449 29
5450 29
5451 30
5452 29
5453 29
5454 29
5455 30
5456 29
5457 30
5458 29
5459 30
5460 30
5461 29
5462 30
5463 29
5464 30
5465 29
5466 30
5467 29
5468 30
5469 30
5470 30
5471 29
5472 29
5473 29
5474 29
5475 29
5476 29
5477 29
5478 29
5479 30
5480 29
5481 29
5482 29
5483 30
5484 29
5485 29
5486 29
5487 29
5488 29
5489 30
5490 28
5491 29
5492 30
5493 29
5494 29
5495 29
5496 30
5497 29
5498 30
5499 29
5500 29
5501 29
5502 30
5503 29
5504 29
5505 29
5506 29
5507 29
5508 29
5509 30
5510 30
5511 29
5512 29
5513 29
5514 28
5515 29
5516 29
5517 29
5518 29
5519 29
5520 29
5521 30
5522 30
5523 29
5524 29
5525 30
5526 30
5527 28
5528 30
5529 30
5530 29
5531 29
5532 30
5533 28
5534 30
5535 30
5536 30
5537 29
5538 30
5539 29
5540 29
5541 30
5542 30
5543 30
5544 30
5545 29
5546 28
5547 29
5548 29
5549 30
5550 30
5551 30
5552 29
5553 29
5554 29
5555 29
5556 28
5557 29
5558 28
5559 29
5560 29
5561 29
5562 30
5563 29
5564 29
5565 29
5566 29
5567 30
5568 30
5569 29
5570 29
5571 30
5572 30
5573 30
5574 29
5575 29
5576 30
5577 30
5578 29
5579 29
5580 29
5581 28
5582 30
5583 30
5584 29
5585 30
5586 29
5587 29
5588 29
5589 30
5590 29
5591 29
5592 29
5593 29
5594 30
5595 28
5596 29
5597 29
5598 30
5599 29
5600 29
5601 29
5602 30
5603 30
5604 29
5605 30
5606 29
5607 30
5608 29
5609 30
5610 30
5611 30
5612 30
5613 29
5614 30
5615 30
5616 29
5617 30
5618 29
5619 30
5620 30
5621 29
5622 30
5623 29
5624 29
5625 29
5626 29
5627 29
5628 30
5629 30
5630 29
5631 29
5632 29
5633 30
5634 29
5635 30
5636 29
5637 29
5638 30
5639 30
5640 29
5641 29
5642 29
5643 29
5644 30
5645 30
5646 29
5647 30
5648 29
5649 30
5650 29
5651 28
5652 29
5653 29
5654 29
5655 29
5656 29
5657 28
5658 29
5659 29
5660 29
5661 30
5662 30
5663 29
5664 30
5665 29
5666 29
5667 29
5668 30
5669 28
5670 29
5671 29
5672 28
5673 29
5674 29
5675 29
5676 30
5677 29
5678 29
5679 29
5680 30
5681 28
5682 29
5683 30
5684 30
5685 30
5686 29
5687 29
5688 29
5689 29
5690 30
5691 30
5692 29
5693 29
5694 29
5695 29
5696 29
5697 29
5698 29
5699 29
5700 29
5701 29
5702 30
5703 28
5704 30
5705 30
5706 30
5707 30
5708 28
5709 29
5710 30
5711 29
5712 29
5713 29
5714 29
5715 30
5716 30
5717 29
5718 30
5719 30
5720 29
5721 29
5722 29
5723 30
5724 29
5725 30
5726 30
5727 30
5728 29
5729 29
5730 29
5731 29
5732 29
5733 29
5734 30
5735 30
5736 30
5737 29
5738 29
5739 29
5740 30
5741 29
5742 29
5743 30
5744 30
5745 30
5746 30
5747 29
5748 29
5749 28
5750 30
5751 28
5752 30
5753 29
5754 30
5755 29
5756 30
5757 29
5758 29
5759 29
5760 30
5761 30
5762 30
5763 30
5764 30
5765 30
5766 29
5767 29
5768 30
5769 30
5770 29
5771 30
5772 30
5773 30
5774 30
5775 30
5776 29
5777 30
5778 30
5779 29
5780 29
5781 29
5782 29
5783 30
5784 30
5785 30
5786 29
5787 30
5788 29
5789 29
5790 28
5791 29
5792 30
5793 29
5794 30
5795 30
5796 30
5797 29
5798 30
5799 30
5800 28
5801 30
5802 29
5803 30
5804 30
5805 29
5806 29
5807 29
5808 30
5809 29
5810 30
5811 30
5812 29
5813 30
5814 29
5815 29
5816 30
5817 29
5818 30
5819 30
5820 29
5821 29
5822 29
5823 29
5824 29
5825 29
5826 29
5827 30
5828 30
5829 29
5830 30
5831 28
5832 29
5833 29
5834 29
5835 30
5836 29
5837 29
5838 29
5839 30
5840 29
5841 29
5842 30
5843 29
5844 29
5845 30
5846 28
5847 30
5848 29
5849 29
5850 29
5851 30
5852 29
5853 29
5854 29
5855 29
5856 30
5857 29
5858 30
5859 29
5860 29
5861 29
5862 29
5863 30
5864 30
5865 30
5866 30
5867 29
5868 29
5869 29
5870 30
5871 29
5872 29
5873 29
5874 30
5875 28
5876 30
5877 30
5878 29
5879 30
5880 30
5881 30
5882 30
5883 30
5884 30
5885 29
5886 29
5887 30
5888 29
5889 29
5890 29
5891 29
5892 29
5893 29
5894 29
5895 29
5896 30
5897 29
5898 30
5899 30
5900 30
5901 30
5902 30
5903 29
5904 30
5905 29
5906 30
5907 29
5908 30
5909 30
5910 30
5911 29
5912 29
5913 30
5914 30
5915 30
5916 29
5917 29
5918 28
5919 30
5920 29
5921 29
5922 30
5923 30
5924 29
5925 30
5926 29
5927 29
5928 29
5929 29
5930 30
5931 29
5932 29
5933 29
5934 29
5935 29
5936 29
5937 30
5938 30
5939 29
5940 30
5941 30
5942 30
5943 30
5944 29
5945 29
5946 29
5947 30
5948 30
5949 30
5950 30
5951 29
5952 30
5953 29
5954 30
5955 30
