Polymer_Index N_1
0 31
1 31
2 30
3 31
4 32
5 31
6 32
7 31
8 31
9 31
10 31
11 31
12 31
13 32
14 31
15 31
16 30
17 31
18 31
19 31
20 31
21 31
22 31
23 31
24 31
25 32
26 31
27 31
28 32
29 31
30 31
31 32
32 32
33 31
34 31
35 30
36 31
37 30
38 31
39 32
40 31
41 31
42 32
43 31
44 31
45 31
46 31
47 31
48 32
49 31
50 32
51 31
52 31
53 31
54 31
55 32
56 31
57 32
58 31
59 30
60 31
61 30
62 31
63 32
64 30
65 31
66 31
67 30
68 30
69 31
70 32
71 31
72 30
73 31
74 30
75 31
76 31
77 32
78 31
79 32
80 31
81 31
82 31
83 31
84 32
85 30
86 32
87 31
88 30
89 32
90 31
91 32
92 31
93 31
94 31
95 32
96 31
97 31
98 30
99 32
100 32
101 31
102 31
103 31
104 31
105 30
106 31
107 31
108 31
109 32
110 31
111 30
112 31
113 31
114 31
115 32
116 31
117 30
118 30
119 30
120 31
121 32
122 31
123 31
124 30
125 31
126 31
127 31
128 31
129 31
130 31
131 31
132 31
133 30
134 31
135 31
136 31
137 31
138 31
139 31
140 31
141 32
142 31
143 31
144 31
145 31
146 31
147 31
148 31
149 31
150 31
151 32
152 31
153 31
154 30
155 32
156 31
157 31
158 31
159 31
160 30
161 32
162 31
163 31
164 30
165 31
166 30
167 31
168 31
169 31
170 31
171 30
172 32
173 31
174 30
175 31
176 31
177 31
178 31
179 32
180 31
181 31
182 31
183 30
184 31
185 31
186 31
187 32
188 30
189 31
190 31
191 31
192 32
193 31
194 31
195 32
196 31
197 31
198 31
199 32
200 31
201 31
202 31
203 31
204 31
205 31
206 31
207 31
208 31
209 31
210 31
211 32
212 31
213 31
214 31
215 30
216 31
217 31
218 30
219 32
220 31
221 31
222 31
223 31
224 31
225 32
226 31
227 31
228 32
229 30
230 30
231 31
232 31
233 31
234 30
235 30
236 31
237 32
238 30
239 30
240 31
241 30
242 30
243 30
244 31
245 32
246 31
247 31
248 30
249 30
250 31
251 30
252 31
253 31
254 31
255 30
256 31
257 31
258 31
259 31
260 32
261 31
262 30
263 31
264 31
265 30
266 31
267 30
268 31
269 32
270 30
271 31
272 31
273 31
274 31
275 31
276 31
277 32
278 30
279 31
280 31
281 31
282 31
283 31
284 30
285 30
286 30
287 32
288 31
289 32
290 30
291 31
292 31
293 30
294 31
295 31
296 31
297 32
298 31
299 31
300 31
301 31
302 31
303 31
304 30
305 30
306 32
307 31
308 31
309 31
310 31
311 31
312 32
313 31
314 31
315 32
316 31
317 31
318 30
319 31
320 32
321 32
322 32
323 31
324 31
325 31
326 31
327 31
328 31
329 31
330 30
331 31
332 31
333 31
334 32
335 31
336 32
337 32
338 31
339 31
340 32
341 32
342 30
343 32
344 31
345 32
346 30
347 31
348 31
349 30
350 32
351 31
352 32
353 30
354 30
355 31
356 32
357 31
358 31
359 31
360 31
361 31
362 32
363 31
364 30
365 31
366 31
367 31
368 31
369 31
370 31
371 31
372 31
373 32
374 32
375 30
376 32
377 31
378 31
379 31
380 31
381 31
382 31
383 32
384 32
385 31
386 32
387 31
388 31
389 31
390 31
391 31
392 31
393 31
394 32
395 31
396 32
397 30
398 32
399 31
400 30
401 31
402 31
403 31
404 31
405 31
406 30
407 31
408 31
409 32
410 31
411 31
412 32
413 31
414 31
415 30
416 32
417 32
418 30
419 31
420 32
421 31
422 31
423 32
424 32
425 30
426 31
427 31
428 31
429 32
430 31
431 31
432 31
433 31
434 31
435 31
436 31
437 31
438 31
439 31
440 32
441 31
442 31
443 31
444 31
445 31
446 32
447 31
448 31
449 31
450 31
451 32
452 31
453 31
454 31
455 31
456 31
457 31
458 31
459 31
460 32
461 31
462 31
463 31
464 32
465 30
466 31
467 31
468 31
469 31
470 31
471 30
472 31
473 30
474 30
475 30
476 31
477 31
478 30
479 32
480 31
481 31
482 30
483 31
484 31
485 31
486 31
487 31
488 31
489 31
490 31
491 31
492 31
493 30
494 30
495 31
496 30
497 31
498 32
499 32
500 31
501 31
502 31
503 31
504 31
505 31
506 31
507 31
508 30
509 31
510 30
511 30
512 30
513 30
514 31
515 31
516 31
517 31
518 31
519 30
520 31
521 30
522 31
523 31
524 31
525 32
526 30
527 31
528 32
529 31
530 31
531 31
532 31
533 31
534 30
535 32
536 32
537 31
538 32
539 31
540 31
541 32
542 32
543 32
544 31
545 31
546 30
547 31
548 31
549 31
550 32
551 32
552 32
553 31
554 30
555 30
556 31
557 31
558 31
559 31
560 30
561 31
562 31
563 31
564 31
565 30
566 31
567 31
568 31
569 31
570 31
571 32
572 31
573 31
574 31
575 32
576 30
577 31
578 31
579 30
580 30
581 31
582 30
583 31
584 31
585 31
586 31
587 31
588 32
589 31
590 30
591 31
592 32
593 31
594 31
595 32
596 30
597 31
598 31
599 31
600 31
601 32
602 31
603 31
604 30
605 32
606 31
607 31
608 31
609 31
610 30
611 31
612 31
613 31
614 31
615 31
616 31
617 30
618 31
619 31
620 31
621 32
622 32
623 31
624 32
625 31
626 31
627 31
628 31
629 30
630 32
631 31
632 31
633 32
634 31
635 31
636 31
637 31
638 32
639 31
640 32
641 31
642 32
643 30
644 31
645 31
646 31
647 31
648 30
649 31
650 31
651 31
652 31
653 31
654 31
655 31
656 31
657 30
658 31
659 31
660 30
661 31
662 31
663 32
664 32
665 30
666 31
667 32
668 32
669 30
670 31
671 31
672 30
673 32
674 31
675 31
676 31
677 31
678 31
679 32
680 31
681 31
682 32
683 32
684 30
685 30
686 31
687 31
688 31
689 30
690 31
691 31
692 31
693 31
694 31
695 31
696 31
697 31
698 30
699 31
700 31
701 32
702 30
703 31
704 31
705 31
706 31
707 31
708 31
709 31
710 31
711 32
712 30
713 32
714 32
715 31
716 31
717 31
718 31
719 31
720 31
721 30
722 30
723 32
724 31
725 31
726 32
727 30
728 30
729 32
730 30
731 32
732 32
733 30
734 32
735 32
736 31
737 31
738 30
739 31
740 31
741 31
742 31
743 30
744 31
745 30
746 32
747 31
748 31
749 30
750 30
751 31
752 30
753 31
754 30
755 30
756 31
757 30
758 31
759 31
760 32
761 31
762 30
763 31
764 30
765 31
766 31
767 32
768 31
769 32
770 30
771 30
772 31
773 32
774 31
775 31
776 31
777 31
778 31
779 30
780 30
781 31
782 31
783 31
784 31
785 32
786 31
787 30
788 31
789 31
790 31
791 31
792 31
793 31
794 31
795 30
796 31
797 31
798 31
799 31
800 31
801 30
802 31
803 32
804 32
805 31
806 31
807 30
808 31
809 31
810 32
811 31
812 31
813 32
814 30
815 31
816 30
817 32
818 31
819 31
820 31
821 31
822 31
823 32
824 30
825 32
826 30
827 31
828 31
829 32
830 31
831 31
832 31
833 31
834 30
835 31
836 32
837 31
838 31
839 30
840 31
841 30
842 32
843 32
844 30
845 30
846 31
847 31
848 31
849 31
850 31
851 32
852 31
853 31
854 31
855 30
856 32
857 31
858 31
859 32
860 30
861 31
862 31
863 32
864 31
865 31
866 31
867 31
868 32
869 31
870 32
871 31
872 31
873 31
874 31
875 30
876 31
877 30
878 32
879 31
880 32
881 31
882 31
883 32
884 31
885 30
886 30
887 30
888 31
889 31
890 31
891 31
892 31
893 31
894 31
895 31
896 31
897 30
898 31
899 31
900 31
901 31
902 31
903 30
904 32
905 32
906 31
907 31
908 31
909 31
910 31
911 31
912 30
913 31
914 30
915 30
916 32
917 31
918 31
919 32
920 31
921 31
922 31
923 31
924 30
925 32
926 32
927 31
928 31
929 31
930 31
931 32
932 31
933 31
934 31
935 32
936 32
937 31
938 30
939 31
940 31
941 32
942 31
943 31
944 31
945 31
946 30
947 31
948 31
949 31
950 31
951 31
952 30
953 31
954 31
955 31
956 31
957 31
958 31
959 31
960 31
961 31
962 31
963 30
964 31
965 31
966 31
967 31
968 31
969 30
970 32
971 31
972 31
973 30
974 32
975 32
976 31
977 31
978 31
979 30
980 31
981 31
982 30
983 32
984 31
985 32
986 31
987 32
988 32
989 31
990 31
991 32
992 30
993 30
994 31
995 31
996 31
997 31
998 31
999 31
1000 31
1001 31
1002 31
1003 31
1004 30
1005 31
1006 31
1007 31
1008 31
1009 32
1010 32
1011 31
1012 31
1013 31
1014 31
1015 31
1016 31
1017 32
1018 32
1019 31
1020 31
1021 31
1022 31
1023 30
1024 30
1025 30
1026 30
1027 30
1028 30
1029 31
1030 31
1031 32
1032 30
1033 31
1034 31
1035 32
1036 31
1037 31
1038 31
1039 32
1040 31
1041 31
1042 31
1043 31
1044 30
1045 31
1046 30
1047 32
1048 31
1049 30
1050 31
1051 31
1052 32
1053 31
1054 31
1055 32
1056 31
1057 31
1058 31
1059 31
1060 31
1061 31
1062 31
1063 32
1064 30
1065 31
1066 31
1067 31
1068 32
1069 31
1070 31
1071 31
1072 32
1073 31
1074 30
1075 31
1076 31
1077 32
1078 31
1079 30
1080 31
1081 32
1082 31
1083 32
1084 31
1085 31
1086 31
1087 31
1088 31
1089 31
1090 31
1091 31
1092 30
1093 31
1094 30
1095 31
1096 31
1097 31
1098 30
1099 31
1100 30
1101 31
1102 31
1103 30
1104 31
1105 31
1106 32
1107 31
1108 32
1109 31
1110 31
1111 31
1112 31
1113 31
1114 31
1115 31
1116 30
1117 31
1118 30
1119 31
1120 32
1121 31
1122 32
1123 31
1124 32
1125 31
1126 31
1127 30
1128 31
1129 31
1130 31
1131 32
1132 31
1133 31
1134 30
1135 31
1136 31
1137 31
1138 31
1139 31
1140 31
1141 31
1142 31
1143 31
1144 32
1145 31
1146 31
1147 30
1148 30
1149 32
1150 32
1151 30
1152 31
1153 32
1154 31
1155 31
1156 31
1157 32
1158 31
1159 31
1160 32
1161 31
1162 31
1163 30
1164 31
1165 32
1166 31
1167 32
1168 32
1169 30
1170 31
1171 32
1172 32
1173 31
1174 31
1175 31
1176 32
1177 31
1178 31
1179 31
1180 31
1181 32
1182 32
1183 31
1184 31
1185 30
1186 31
1187 32
1188 31
1189 30
1190 31
1191 31
1192 32
1193 30
1194 31
1195 32
1196 31
1197 31
1198 31
1199 31
1200 31
1201 31
1202 31
1203 31
1204 30
1205 31
1206 31
1207 31
1208 32
1209 32
1210 31
1211 32
1212 31
1213 31
1214 31
1215 31
1216 31
1217 31
1218 31
1219 31
1220 31
1221 31
1222 30
1223 31
1224 31
1225 31
1226 31
1227 30
1228 32
1229 31
1230 32
1231 31
1232 30
1233 31
1234 30
1235 30
1236 31
1237 32
1238 31
1239 31
1240 31
1241 31
1242 30
1243 31
1244 30
1245 32
1246 31
1247 31
1248 31
1249 32
1250 31
1251 31
1252 31
1253 30
1254 31
1255 32
1256 31
1257 32
1258 31
1259 31
1260 31
1261 32
1262 31
1263 32
1264 32
1265 31
1266 32
1267 31
1268 31
1269 30
1270 31
1271 31
1272 30
1273 32
1274 32
1275 31
1276 31
1277 30
1278 31
1279 31
1280 31
1281 31
1282 32
1283 31
1284 30
1285 30
1286 31
1287 31
1288 32
1289 31
1290 30
1291 31
1292 31
1293 30
1294 31
1295 31
1296 31
1297 31
1298 31
1299 31
1300 31
1301 32
1302 31
1303 32
1304 30
1305 32
1306 30
1307 32
1308 30
1309 30
1310 32
1311 31
1312 32
1313 31
1314 30
1315 30
1316 31
1317 31
1318 32
1319 32
1320 30
1321 30
1322 31
1323 31
1324 31
1325 30
1326 31
1327 31
1328 31
1329 32
1330 31
1331 31
1332 32
1333 31
1334 31
1335 31
1336 31
1337 31
1338 31
1339 31
1340 31
1341 31
1342 30
1343 30
1344 31
1345 31
1346 29
1347 32
1348 31
1349 32
1350 32
1351 32
1352 31
1353 31
1354 31
1355 31
1356 31
1357 30
1358 31
1359 30
1360 31
1361 31
1362 30
1363 32
1364 31
1365 31
1366 31
1367 31
1368 31
1369 31
1370 31
1371 32
1372 31
1373 30
1374 31
1375 31
1376 31
1377 31
1378 32
1379 31
1380 31
1381 31
1382 31
1383 31
1384 31
1385 32
1386 31
1387 31
1388 31
1389 31
1390 31
1391 31
1392 31
1393 31
1394 31
1395 32
1396 32
1397 31
1398 30
1399 32
1400 31
1401 31
1402 30
1403 30
1404 31
1405 31
1406 31
1407 31
1408 31
1409 31
1410 31
1411 32
1412 31
1413 31
1414 31
1415 31
1416 31
1417 30
1418 31
1419 30
1420 31
1421 32
1422 31
1423 32
1424 32
1425 31
1426 31
1427 31
1428 30
1429 31
1430 31
1431 32
1432 31
1433 31
1434 31
1435 31
1436 30
1437 31
1438 32
1439 31
1440 30
1441 31
1442 31
1443 30
1444 30
1445 31
1446 31
1447 31
1448 31
1449 31
1450 32
1451 30
1452 30
1453 31
1454 32
1455 31
1456 31
1457 30
1458 32
1459 31
1460 31
1461 32
1462 31
1463 30
1464 32
1465 30
1466 31
1467 32
1468 31
1469 31
1470 31
1471 32
1472 31
1473 31
1474 31
1475 30
1476 31
1477 31
1478 32
1479 31
1480 30
1481 31
1482 31
1483 30
1484 31
1485 32
1486 32
1487 31
1488 31
1489 31
1490 31
1491 31
1492 31
1493 32
1494 30
1495 31
1496 31
1497 31
1498 30
1499 31
1500 31
1501 30
1502 31
1503 31
1504 32
1505 32
1506 31
1507 31
1508 31
1509 31
1510 32
1511 31
1512 31
1513 31
1514 31
1515 31
1516 30
1517 32
1518 31
1519 31
1520 32
1521 32
1522 31
1523 32
1524 31
1525 31
1526 30
1527 31
1528 31
1529 31
1530 32
1531 30
1532 32
1533 31
1534 31
1535 32
1536 31
1537 31
1538 31
1539 32
1540 31
1541 31
1542 31
1543 31
1544 31
1545 31
1546 32
1547 31
1548 31
1549 31
1550 31
1551 31
1552 31
1553 31
1554 30
1555 31
1556 30
1557 31
1558 31
1559 31
1560 30
1561 31
1562 30
1563 31
1564 31
1565 31
1566 31
1567 31
1568 31
1569 30
1570 31
1571 31
1572 31
1573 31
1574 31
1575 31
1576 31
1577 32
1578 30
1579 31
1580 31
1581 31
1582 32
1583 31
1584 31
1585 31
1586 31
1587 31
1588 31
1589 31
1590 30
1591 30
1592 31
1593 31
1594 31
1595 31
1596 30
1597 32
1598 30
1599 31
1600 32
1601 31
1602 31
1603 32
1604 31
1605 31
1606 31
1607 30
1608 31
1609 32
1610 31
1611 31
1612 31
1613 31
1614 31
1615 31
1616 31
1617 31
1618 31
1619 31
1620 31
1621 31
1622 31
1623 32
1624 32
1625 31
1626 32
1627 31
1628 31
1629 32
1630 31
1631 31
1632 30
1633 30
1634 30
1635 32
1636 31
1637 30
1638 31
1639 30
1640 32
1641 31
1642 32
1643 30
1644 31
1645 31
1646 32
1647 31
1648 32
1649 31
1650 31
1651 30
1652 30
1653 30
1654 31
1655 32
1656 31
1657 30
1658 31
1659 32
1660 31
1661 31
1662 31
1663 31
1664 31
1665 31
1666 31
1667 30
1668 31
1669 30
1670 31
1671 31
1672 30
1673 31
1674 30
1675 31
1676 31
1677 31
1678 31
1679 30
1680 32
1681 30
1682 30
1683 30
1684 30
1685 31
1686 31
1687 31
1688 31
1689 30
1690 31
1691 31
1692 31
1693 31
1694 30
1695 30
1696 30
1697 31
1698 31
1699 32
1700 30
1701 31
1702 31
1703 32
1704 31
1705 32
1706 31
1707 31
1708 31
1709 31
1710 30
1711 31
1712 30
1713 30
1714 29
1715 30
1716 31
1717 31
1718 32
1719 31
1720 30
1721 31
1722 31
1723 31
1724 31
1725 31
1726 30
1727 31
1728 31
1729 31
1730 31
1731 31
1732 32
1733 31
1734 32
1735 31
1736 31
1737 32
1738 31
1739 31
1740 30
1741 31
1742 32
1743 32
1744 31
1745 31
1746 31
1747 30
1748 31
1749 31
1750 31
1751 30
1752 30
1753 31
1754 32
1755 31
1756 31
1757 31
1758 31
1759 31
1760 32
1761 32
1762 32
1763 32
1764 32
1765 31
1766 31
1767 32
1768 32
1769 31
1770 31
1771 31
1772 31
1773 30
1774 31
1775 31
1776 30
1777 31
1778 30
1779 31
1780 31
1781 30
1782 32
1783 32
1784 32
1785 30
1786 31
1787 32
1788 30
1789 31
1790 31
1791 31
1792 31
1793 31
1794 31
1795 31
1796 31
1797 31
1798 32
1799 31
1800 31
1801 31
1802 32
1803 31
1804 31
1805 30
1806 30
1807 31
1808 31
1809 32
1810 32
1811 31
1812 32
1813 30
1814 31
1815 31
1816 30
1817 30
1818 31
1819 31
1820 31
1821 30
1822 32
1823 30
1824 30
1825 31
1826 32
1827 31
1828 32
1829 31
1830 31
1831 31
1832 31
1833 31
1834 30
1835 31
1836 30
1837 31
1838 32
1839 31
1840 31
1841 30
1842 31
1843 31
1844 32
1845 31
1846 30
1847 31
1848 31
1849 32
1850 31
1851 30
1852 31
1853 30
1854 32
1855 31
1856 30
1857 31
1858 31
1859 31
1860 31
1861 31
1862 31
1863 31
1864 32
1865 31
1866 32
1867 31
1868 30
1869 30
1870 31
1871 31
1872 30
1873 30
1874 32
1875 32
1876 32
1877 30
1878 31
1879 31
1880 31
1881 31
1882 31
1883 29
1884 31
1885 32
1886 31
1887 30
1888 31
1889 32
1890 32
1891 31
1892 30
1893 30
1894 31
1895 31
1896 31
1897 31
1898 31
1899 31
1900 31
1901 31
1902 31
1903 31
1904 30
1905 32
1906 32
1907 31
1908 31
1909 30
1910 31
1911 31
1912 30
1913 31
1914 31
1915 31
1916 30
1917 32
1918 31
1919 30
1920 31
1921 31
1922 31
1923 32
1924 31
1925 30
1926 31
1927 31
1928 31
1929 31
1930 31
1931 31
1932 31
1933 31
1934 30
1935 31
1936 31
1937 32
1938 30
1939 31
1940 31
1941 31
1942 31
1943 31
1944 32
1945 31
1946 30
1947 31
1948 30
1949 31
1950 32
1951 32
1952 32
1953 32
1954 30
1955 31
1956 31
1957 32
1958 31
1959 32
1960 32
1961 32
1962 30
1963 31
1964 31
1965 31
1966 31
1967 31
1968 32
1969 32
1970 32
1971 31
1972 31
1973 32
1974 31
1975 30
1976 31
1977 31
1978 30
1979 31
1980 31
1981 30
1982 32
1983 31
1984 32
1985 32
1986 32
1987 31
1988 30
1989 30
1990 31
1991 31
1992 31
1993 29
1994 30
1995 32
1996 31
1997 30
1998 31
1999 31
2000 32
2001 30
2002 31
2003 31
2004 32
2005 31
2006 31
2007 31
2008 31
2009 30
2010 31
2011 32
2012 31
2013 31
2014 31
2015 31
2016 30
2017 31
2018 31
2019 31
2020 32
2021 30
2022 31
2023 31
2024 31
2025 31
2026 30
2027 32
2028 30
2029 32
2030 32
2031 31
2032 31
2033 31
2034 31
2035 32
2036 31
2037 30
2038 31
2039 31
2040 31
2041 31
2042 30
2043 31
2044 32
2045 30
2046 31
2047 31
2048 30
2049 31
2050 31
2051 31
2052 31
2053 31
2054 29
2055 31
2056 31
2057 31
2058 30
2059 31
2060 32
2061 31
2062 31
2063 31
2064 31
2065 30
2066 31
2067 31
2068 31
2069 31
2070 31
2071 31
2072 31
2073 31
2074 31
2075 31
2076 31
2077 31
2078 32
2079 31
2080 31
2081 31
2082 32
2083 30
2084 32
2085 31
2086 32
2087 31
2088 32
2089 31
2090 32
2091 30
2092 32
2093 32
2094 30
2095 31
2096 32
2097 32
2098 31
2099 30
2100 30
2101 31
2102 31
2103 31
2104 32
2105 31
2106 31
2107 30
2108 30
2109 31
2110 31
2111 30
2112 31
2113 30
2114 31
2115 31
2116 31
2117 31
2118 31
2119 32
2120 31
2121 31
2122 32
2123 31
2124 32
2125 31
2126 31
2127 30
2128 31
2129 30
2130 31
2131 31
2132 30
2133 31
2134 31
2135 31
2136 31
2137 31
2138 32
2139 30
2140 31
2141 31
2142 32
2143 30
2144 31
2145 31
2146 31
2147 30
2148 31
2149 31
2150 31
2151 31
2152 31
2153 31
2154 32
2155 31
2156 31
2157 30
2158 31
2159 31
2160 32
2161 31
2162 31
2163 31
2164 32
2165 30
2166 30
2167 31
2168 31
2169 32
2170 31
2171 31
2172 31
2173 31
2174 31
2175 30
2176 31
2177 31
2178 30
2179 30
2180 31
2181 31
2182 32
2183 30
2184 31
2185 31
2186 30
2187 30
2188 31
2189 30
2190 32
2191 30
2192 32
2193 31
2194 31
2195 32
2196 31
2197 32
2198 30
2199 31
2200 31
2201 31
2202 31
2203 30
2204 31
2205 30
2206 31
2207 31
2208 31
2209 31
2210 31
2211 30
2212 31
2213 31
2214 32
2215 32
2216 31
2217 31
2218 31
2219 30
2220 32
2221 31
2222 30
2223 31
2224 31
2225 32
2226 30
2227 31
2228 31
2229 31
2230 31
2231 30
2232 31
2233 32
2234 32
2235 31
2236 31
2237 31
2238 30
2239 30
2240 31
2241 30
2242 32
2243 31
2244 32
2245 31
2246 30
2247 31
2248 31
2249 32
2250 31
2251 30
2252 31
2253 31
2254 31
2255 31
2256 30
2257 31
2258 32
2259 32
2260 31
2261 32
2262 31
2263 32
2264 31
2265 30
2266 31
2267 31
2268 31
2269 31
2270 31
2271 31
2272 31
2273 31
2274 31
2275 31
2276 31
2277 31
2278 31
2279 32
2280 31
2281 31
2282 30
2283 31
2284 31
2285 31
2286 31
2287 31
2288 32
2289 31
2290 31
2291 31
2292 31
2293 31
2294 32
2295 30
2296 31
2297 31
2298 31
2299 31
2300 31
2301 31
2302 31
2303 31
2304 32
2305 30
2306 31
2307 32
2308 31
2309 31
2310 31
2311 30
2312 31
2313 30
2314 32
2315 31
2316 31
2317 30
2318 31
2319 30
2320 31
2321 31
2322 31
2323 31
2324 31
2325 31
2326 31
2327 32
2328 31
2329 32
2330 31
2331 31
2332 31
2333 31
2334 31
2335 31
2336 31
2337 31
2338 31
2339 32
2340 31
2341 30
2342 32
2343 31
2344 31
2345 31
2346 31
2347 31
2348 31
2349 31
2350 31
2351 32
2352 31
2353 31
2354 32
2355 30
2356 31
2357 30
2358 32
2359 32
2360 30
2361 31
2362 32
2363 31
2364 31
2365 31
2366 31
2367 30
2368 30
2369 31
2370 30
2371 32
2372 31
2373 31
2374 32
2375 31
2376 31
2377 32
2378 31
2379 32
2380 31
2381 30
2382 30
2383 31
2384 32
2385 30
2386 31
2387 30
2388 31
2389 31
2390 31
2391 31
2392 31
2393 32
2394 31
2395 31
2396 31
2397 31
2398 32
2399 30
2400 29
2401 31
2402 32
2403 31
2404 30
2405 31
2406 30
2407 32
2408 32
2409 31
2410 32
2411 31
2412 31
2413 30
2414 32
2415 30
2416 32
2417 31
2418 31
2419 31
2420 32
2421 31
2422 31
2423 32
2424 31
2425 31
2426 32
2427 31
2428 31
2429 30
2430 31
2431 31
2432 31
2433 30
2434 31
2435 31
2436 30
2437 31
2438 31
2439 31
2440 31
2441 31
2442 32
2443 31
2444 31
2445 31
2446 31
2447 31
2448 31
2449 32
2450 31
2451 31
2452 31
2453 31
2454 30
2455 31
2456 31
2457 31
2458 31
2459 31
2460 31
2461 31
2462 31
2463 31
2464 32
2465 31
2466 30
2467 30
2468 31
2469 31
2470 30
2471 30
2472 31
2473 31
2474 32
2475 31
2476 31
2477 31
2478 31
2479 31
2480 32
2481 31
2482 31
2483 31
2484 31
2485 30
2486 31
2487 31
2488 31
2489 31
2490 31
2491 32
2492 31
2493 30
2494 31
2495 30
2496 31
2497 31
2498 30
2499 31
2500 31
2501 31
2502 32
2503 30
2504 30
2505 31
2506 32
2507 31
2508 31
2509 31
2510 30
2511 31
2512 32
2513 31
2514 32
2515 30
2516 31
2517 31
2518 31
2519 31
2520 31
2521 31
2522 31
2523 31
2524 30
2525 30
2526 31
2527 31
2528 31
2529 30
2530 32
2531 31
2532 31
2533 32
2534 31
2535 31
2536 30
2537 32
2538 31
2539 30
2540 32
2541 31
2542 31
2543 31
2544 31
2545 32
2546 31
2547 31
2548 31
2549 32
2550 31
2551 30
2552 31
2553 32
2554 32
2555 31
2556 32
2557 32
2558 30
2559 30
2560 31
2561 32
2562 31
2563 30
2564 31
2565 31
2566 32
2567 32
2568 31
2569 31
2570 31
2571 31
2572 31
2573 31
2574 31
2575 32
2576 31
2577 31
2578 31
2579 31
2580 31
2581 31
2582 30
2583 31
2584 31
2585 32
2586 31
2587 32
2588 31
2589 31
2590 31
2591 32
2592 32
2593 32
2594 31
2595 32
2596 32
2597 31
2598 31
2599 30
2600 32
2601 31
2602 31
2603 32
2604 30
2605 31
2606 32
2607 31
2608 32
2609 31
2610 31
2611 31
2612 31
2613 31
2614 31
2615 32
2616 31
2617 32
2618 30
2619 31
2620 30
2621 32
2622 30
2623 32
2624 30
2625 31
2626 31
2627 31
2628 31
2629 31
2630 31
2631 31
2632 31
2633 31
2634 31
2635 32
2636 31
2637 30
2638 30
2639 30
2640 31
2641 32
2642 31
2643 30
2644 31
2645 32
2646 29
2647 32
2648 30
2649 32
2650 31
2651 31
2652 31
2653 30
2654 31
2655 31
2656 32
2657 31
2658 32
2659 30
2660 32
2661 31
2662 31
2663 31
2664 31
2665 31
2666 31
2667 32
2668 32
2669 31
2670 31
2671 32
2672 31
2673 31
2674 31
2675 31
2676 31
2677 31
2678 31
2679 31
2680 31
2681 30
2682 31
2683 30
2684 32
2685 31
2686 32
2687 31
2688 31
2689 31
2690 31
2691 32
2692 31
2693 31
2694 32
2695 31
2696 31
2697 32
2698 31
2699 32
2700 31
2701 31
2702 31
2703 30
2704 30
2705 31
2706 31
2707 32
2708 30
2709 30
2710 31
2711 31
2712 30
2713 31
2714 32
2715 31
2716 31
2717 31
2718 31
2719 32
2720 30
2721 31
2722 32
2723 32
2724 30
2725 31
2726 31
2727 30
2728 31
2729 31
2730 30
2731 32
2732 31
2733 31
2734 31
2735 32
2736 30
2737 31
2738 31
2739 31
2740 31
2741 31
2742 30
2743 31
2744 31
2745 31
2746 32
2747 31
2748 31
2749 32
2750 32
2751 31
2752 32
2753 31
2754 31
2755 31
2756 31
2757 31
2758 31
2759 32
2760 30
2761 31
2762 32
2763 32
2764 30
2765 31
2766 31
2767 31
2768 31
2769 31
2770 31
2771 31
2772 31
2773 31
2774 31
2775 31
2776 32
2777 31
2778 31
2779 31
2780 32
2781 31
2782 31
2783 31
2784 31
2785 31
2786 30
2787 31
2788 31
2789 31
2790 32
2791 31
2792 31
2793 31
2794 31
2795 31
2796 32
2797 30
2798 30
2799 31
2800 30
2801 31
2802 32
2803 31
2804 31
2805 32
2806 32
2807 30
2808 32
2809 31
2810 31
2811 32
2812 30
2813 31
2814 30
2815 30
2816 31
2817 31
2818 31
2819 31
2820 30
2821 31
2822 30
2823 31
2824 32
2825 30
2826 30
2827 31
2828 30
2829 32
2830 30
2831 30
2832 31
2833 31
2834 30
2835 32
2836 31
2837 31
2838 30
2839 31
2840 30
2841 31
2842 32
2843 31
2844 31
2845 32
2846 32
2847 31
2848 31
2849 30
2850 31
2851 32
2852 30
2853 31
2854 31
2855 30
2856 30
2857 31
2858 30
2859 32
2860 31
2861 31
2862 31
2863 31
2864 31
2865 32
2866 30
2867 31
2868 31
2869 31
2870 31
2871 32
2872 31
2873 31
2874 32
2875 31
2876 31
2877 31
2878 30
2879 31
2880 32
2881 31
2882 31
2883 32
2884 31
2885 31
2886 31
2887 31
2888 31
2889 32
2890 30
2891 30
2892 30
2893 32
2894 31
2895 31
2896 31
2897 31
2898 31
2899 31
2900 30
2901 31
2902 31
2903 31
2904 31
2905 31
2906 31
2907 31
2908 31
2909 32
2910 31
2911 30
2912 31
2913 32
2914 30
2915 31
2916 32
2917 31
2918 31
2919 30
2920 32
2921 31
2922 31
2923 31
2924 31
2925 30
2926 31
2927 31
2928 31
2929 31
2930 31
2931 32
2932 31
2933 30
2934 30
2935 32
2936 31
2937 30
2938 31
2939 31
2940 31
2941 31
2942 30
2943 31
2944 31
2945 31
2946 31
2947 31
2948 30
2949 31
2950 31
2951 31
2952 31
2953 31
2954 31
2955 32
2956 32
2957 31
2958 30
2959 31
2960 32
2961 30
2962 30
2963 31
2964 30
2965 32
2966 31
2967 30
2968 31
2969 32
2970 32
2971 31
2972 31
2973 31
2974 31
2975 30
2976 31
2977 31
2978 32
2979 30
2980 31
2981 30
2982 31
2983 31
2984 31
2985 31
2986 31
2987 31
2988 32
2989 30
2990 31
2991 31
2992 32
2993 32
2994 31
2995 31
2996 31
2997 31
2998 31
2999 32
3000 31
3001 31
3002 31
3003 31
3004 31
3005 31
3006 32
3007 31
3008 30
3009 31
3010 31
3011 31
3012 32
3013 31
3014 31
3015 31
3016 31
3017 32
3018 31
3019 31
3020 31
3021 31
3022 31
3023 32
3024 31
3025 31
3026 31
3027 32
3028 31
3029 32
3030 32
3031 31
3032 31
3033 31
3034 31
3035 31
3036 31
3037 31
3038 31
3039 31
3040 30
3041 30
3042 31
3043 31
3044 31
3045 31
3046 31
3047 32
3048 31
3049 32
3050 30
3051 31
3052 29
3053 32
3054 30
3055 30
3056 31
3057 30
3058 32
3059 31
3060 30
3061 31
3062 31
3063 31
3064 30
3065 32
3066 30
3067 31
3068 31
3069 32
3070 31
3071 30
3072 32
3073 31
3074 31
3075 31
3076 30
3077 31
3078 31
3079 32
3080 30
3081 31
3082 31
3083 32
3084 31
3085 30
3086 31
3087 31
3088 31
3089 31
3090 31
3091 31
3092 31
3093 30
3094 31
3095 32
3096 30
3097 31
3098 32
3099 30
3100 31
3101 31
3102 31
3103 31
3104 30
3105 30
3106 31
3107 32
3108 31
3109 31
3110 32
3111 32
3112 31
3113 31
3114 32
3115 31
3116 31
3117 31
3118 31
3119 31
3120 31
3121 31
3122 31
3123 31
3124 31
3125 31
3126 32
3127 31
3128 30
3129 30
3130 31
3131 30
3132 31
3133 31
3134 32
3135 31
3136 31
3137 31
3138 31
3139 31
3140 31
3141 31
3142 31
3143 30
3144 31
3145 31
3146 31
3147 31
3148 30
3149 31
3150 30
3151 31
3152 31
3153 31
3154 30
3155 32
3156 31
3157 32
3158 32
3159 31
3160 31
3161 31
3162 31
3163 30
3164 31
3165 32
3166 31
3167 31
3168 30
3169 31
3170 31
3171 31
3172 30
3173 32
3174 32
3175 31
3176 32
3177 32
3178 31
3179 31
3180 31
3181 31
3182 30
3183 31
3184 31
3185 32
3186 31
3187 31
3188 31
3189 31
3190 30
3191 31
3192 31
3193 31
3194 31
3195 32
3196 31
3197 32
3198 32
3199 31
3200 30
3201 32
3202 31
3203 31
3204 31
3205 31
3206 30
3207 31
3208 32
3209 30
3210 32
3211 32
3212 31
3213 31
3214 31
3215 31
3216 31
3217 31
3218 31
3219 31
3220 31
3221 31
3222 31
3223 32
3224 30
3225 31
3226 31
3227 31
3228 31
3229 31
3230 32
3231 31
3232 31
3233 31
3234 30
3235 31
3236 31
3237 31
3238 31
3239 31
3240 32
3241 31
3242 30
3243 31
3244 30
3245 31
3246 31
3247 31
3248 31
3249 32
3250 31
3251 31
3252 31
3253 31
3254 31
3255 31
3256 31
3257 31
3258 30
3259 31
3260 32
3261 31
3262 31
3263 32
3264 30
3265 32
3266 30
3267 32
3268 31
3269 31
3270 29
3271 30
3272 31
3273 31
3274 31
3275 32
3276 31
3277 32
3278 29
3279 31
3280 31
3281 31
3282 32
3283 32
3284 31
3285 31
3286 30
3287 31
3288 32
3289 31
3290 32
3291 32
3292 31
3293 31
3294 31
3295 31
3296 31
3297 31
3298 31
3299 31
3300 32
3301 31
3302 31
3303 31
3304 31
3305 31
3306 31
3307 31
3308 31
3309 31
3310 30
3311 32
3312 31
3313 31
3314 31
3315 31
3316 31
3317 31
3318 31
3319 30
3320 31
3321 31
3322 31
3323 30
3324 30
3325 32
3326 31
3327 31
3328 31
3329 31
3330 31
3331 31
3332 30
3333 30
3334 31
3335 31
3336 31
3337 31
3338 31
3339 30
3340 31
3341 31
3342 32
3343 30
3344 31
3345 32
3346 32
3347 31
3348 31
3349 31
3350 31
3351 32
3352 31
3353 32
3354 30
3355 31
3356 31
3357 31
3358 32
3359 31
3360 31
3361 31
3362 31
3363 30
3364 31
3365 31
3366 31
3367 32
3368 32
3369 32
3370 31
3371 32
3372 31
3373 31
3374 31
3375 31
3376 31
3377 30
3378 31
3379 31
3380 30
3381 31
3382 30
3383 31
3384 31
3385 31
3386 30
3387 31
3388 31
3389 31
3390 31
3391 31
3392 31
3393 30
3394 31
3395 31
3396 31
3397 31
3398 31
3399 32
3400 32
3401 31
3402 30
3403 31
3404 32
3405 31
3406 32
3407 31
3408 31
3409 32
3410 31
3411 30
3412 31
3413 31
3414 31
3415 30
3416 31
3417 31
3418 31
3419 30
3420 31
3421 31
3422 31
3423 31
3424 31
3425 31
3426 31
3427 31
3428 31
3429 32
3430 31
3431 31
3432 31
3433 31
3434 31
3435 31
3436 31
3437 30
3438 31
3439 31
3440 30
3441 31
3442 30
3443 31
3444 31
3445 31
3446 30
3447 31
3448 32
3449 30
3450 30
3451 31
3452 31
3453 30
3454 31
3455 31
3456 32
3457 31
3458 31
3459 32
3460 31
3461 32
3462 31
3463 31
3464 30
3465 32
3466 31
3467 31
3468 32
3469 31
3470 31
3471 30
3472 31
3473 31
3474 31
3475 31
3476 32
3477 31
3478 31
3479 31
3480 31
3481 31
3482 31
3483 31
3484 31
3485 30
3486 30
3487 31
3488 30
3489 32
3490 32
3491 31
3492 32
3493 31
3494 30
3495 31
3496 31
3497 31
3498 31
3499 31
3500 31
3501 32
3502 31
3503 31
3504 31
3505 31
3506 31
3507 31
3508 31
3509 31
3510 30
3511 31
3512 31
3513 31
3514 30
3515 31
3516 31
3517 32
3518 31
3519 31
3520 30
3521 31
3522 31
3523 30
3524 32
3525 31
3526 31
3527 30
3528 31
3529 30
3530 32
3531 32
3532 31
3533 31
3534 31
3535 31
3536 31
3537 31
3538 31
3539 31
3540 31
3541 30
3542 30
3543 31
3544 31
3545 30
3546 30
3547 31
3548 30
3549 31
3550 31
3551 30
3552 31
3553 31
3554 31
3555 31
3556 31
3557 31
3558 31
3559 31
3560 31
3561 30
3562 31
3563 32
3564 31
3565 32
3566 32
3567 31
3568 31
3569 31
3570 31
3571 31
3572 31
3573 31
3574 31
3575 32
3576 31
3577 31
3578 30
3579 31
3580 31
3581 32
3582 31
3583 32
3584 30
3585 32
3586 32
3587 32
3588 31
3589 31
3590 30
3591 31
3592 32
3593 31
3594 31
3595 30
3596 30
3597 31
3598 32
3599 31
3600 31
3601 30
3602 31
3603 32
3604 31
3605 31
3606 31
3607 31
3608 31
3609 31
3610 31
3611 31
3612 31
3613 30
3614 30
3615 31
3616 31
3617 31
3618 31
3619 30
3620 32
3621 30
3622 30
3623 32
3624 30
3625 31
3626 31
3627 30
3628 32
3629 31
3630 32
3631 30
3632 30
3633 31
3634 31
3635 31
3636 31
3637 31
3638 30
3639 31
3640 31
3641 31
3642 31
3643 31
3644 31
3645 32
3646 30
3647 31
3648 31
3649 32
3650 32
3651 31
3652 31
3653 31
3654 30
3655 31
3656 32
3657 31
3658 31
3659 31
3660 32
3661 32
3662 32
3663 31
3664 31
3665 31
3666 32
3667 31
3668 30
3669 31
3670 32
3671 31
3672 31
3673 31
3674 31
3675 31
3676 31
3677 31
3678 32
3679 30
3680 31
3681 30
3682 31
3683 32
3684 32
3685 32
3686 31
3687 31
3688 31
3689 31
3690 31
3691 31
3692 30
3693 31
3694 31
3695 31
3696 31
3697 31
3698 30
3699 30
3700 32
3701 31
3702 31
3703 30
3704 31
3705 31
3706 30
3707 31
3708 31
3709 31
3710 31
3711 31
3712 30
3713 30
3714 31
3715 32
3716 31
3717 31
3718 30
3719 31
3720 31
3721 31
3722 31
3723 32
3724 31
3725 31
3726 31
3727 31
3728 32
3729 31
3730 31
3731 31
3732 31
3733 31
3734 32
3735 31
3736 32
3737 31
3738 31
3739 32
3740 32
3741 31
3742 31
3743 31
3744 31
3745 31
3746 32
3747 31
3748 31
3749 31
3750 32
3751 31
3752 31
3753 31
3754 31
3755 30
3756 31
3757 31
3758 32
3759 30
3760 32
3761 32
3762 31
3763 31
3764 31
3765 31
3766 30
3767 31
3768 31
3769 31
3770 31
3771 31
3772 30
3773 30
3774 31
3775 30
3776 31
3777 32
3778 30
3779 31
3780 32
3781 31
3782 30
3783 31
3784 30
3785 32
3786 31
3787 32
3788 31
3789 31
3790 32
3791 30
3792 31
3793 31
3794 30
3795 31
3796 31
3797 31
3798 31
3799 31
3800 31
3801 31
3802 31
3803 30
3804 31
3805 30
3806 31
3807 30
3808 31
3809 32
3810 31
3811 31
3812 31
3813 31
3814 31
3815 32
3816 31
3817 31
3818 31
3819 32
3820 31
3821 30
3822 31
3823 31
3824 31
3825 32
3826 31
3827 31
3828 31
3829 32
3830 31
3831 32
3832 31
3833 31
3834 32
3835 31
3836 32
3837 31
3838 31
3839 31
3840 30
3841 31
3842 31
3843 31
3844 31
3845 31
3846 30
3847 32
3848 32
3849 31
3850 31
3851 31
3852 32
3853 30
3854 32
3855 32
3856 31
3857 31
3858 31
3859 31
3860 30
3861 31
3862 31
3863 31
3864 30
3865 31
3866 31
3867 32
3868 31
3869 31
3870 31
3871 31
3872 30
3873 32
3874 32
3875 31
3876 32
3877 32
3878 31
3879 31
3880 30
3881 30
3882 32
3883 31
3884 31
3885 31
3886 31
3887 31
3888 31
3889 32
3890 31
3891 31
3892 31
3893 30
3894 31
3895 31
3896 31
3897 31
3898 30
3899 31
3900 32
3901 31
3902 31
3903 31
3904 30
3905 30
3906 31
3907 31
3908 31
3909 31
3910 32
3911 31
3912 30
3913 30
3914 31
3915 31
3916 31
3917 31
3918 32
3919 31
3920 32
3921 32
3922 32
3923 31
3924 31
3925 31
3926 31
3927 31
3928 30
3929 31
3930 31
3931 32
3932 31
3933 32
3934 31
3935 31
3936 31
3937 32
3938 30
3939 31
3940 31
3941 31
3942 32
3943 31
3944 30
3945 31
3946 31
3947 31
3948 31
3949 31
3950 30
3951 32
3952 32
3953 31
3954 32
3955 31
3956 31
3957 31
3958 30
3959 31
3960 31
3961 30
3962 32
3963 31
3964 31
3965 30
3966 31
3967 31
3968 31
3969 31
3970 31
3971 31
3972 31
3973 32
3974 31
3975 30
3976 31
3977 31
3978 31
3979 31
3980 31
3981 32
3982 30
3983 31
3984 31
3985 31
3986 30
3987 30
3988 32
3989 31
3990 31
3991 31
3992 31
3993 31
3994 32
3995 31
3996 31
3997 32
3998 31
3999 31
4000 31
4001 31
4002 32
4003 31
4004 31
4005 30
4006 31
4007 31
4008 31
4009 30
4010 31
4011 31
4012 31
4013 31
4014 30
4015 32
4016 31
4017 31
4018 31
4019 31
4020 31
4021 30
4022 31
4023 32
4024 31
4025 31
4026 31
4027 31
4028 31
4029 31
4030 32
4031 30
4032 31
4033 31
4034 31
4035 31
4036 31
4037 32
4038 31
4039 31
4040 31
4041 31
4042 31
4043 30
4044 31
4045 31
4046 31
4047 32
4048 31
4049 31
4050 31
4051 31
4052 31
4053 32
4054 30
4055 31
4056 31
4057 30
4058 31
4059 31
4060 31
4061 31
4062 31
4063 31
4064 32
4065 30
4066 31
4067 32
4068 32
4069 31
4070 30
4071 31
4072 31
4073 31
4074 31
4075 31
4076 31
4077 30
4078 30
4079 30
4080 31
4081 31
4082 31
4083 31
4084 31
4085 30
4086 31
4087 30
4088 31
4089 32
4090 31
4091 31
4092 31
4093 32
4094 32
4095 32
4096 31
4097 31
4098 32
4099 31
4100 30
4101 32
4102 30
4103 30
4104 32
4105 32
4106 30
4107 31
4108 32
4109 31
4110 31
4111 31
4112 31
4113 31
4114 32
4115 30
4116 31
4117 31
4118 31
4119 30
4120 31
4121 30
4122 32
4123 31
4124 31
4125 31
4126 32
4127 31
4128 30
4129 30
4130 31
4131 30
4132 31
4133 31
4134 30
4135 31
4136 29
4137 31
4138 31
4139 31
4140 32
4141 31
4142 31
4143 30
4144 31
4145 31
4146 31
4147 31
4148 31
4149 31
4150 30
4151 31
4152 31
4153 32
4154 32
4155 30
4156 31
4157 31
4158 31
4159 31
4160 31
4161 31
4162 32
4163 30
4164 31
4165 30
4166 30
4167 31
4168 31
4169 31
4170 31
4171 32
4172 30
4173 31
4174 31
4175 31
4176 32
4177 31
4178 30
4179 30
4180 31
4181 31
4182 31
4183 31
4184 31
4185 30
4186 31
4187 30
4188 31
4189 31
4190 31
4191 31
4192 31
4193 31
4194 31
4195 32
4196 31
4197 31
4198 31
4199 31
4200 30
4201 31
4202 31
4203 30
4204 31
4205 31
4206 31
4207 31
4208 31
4209 31
4210 31
4211 30
4212 32
4213 31
4214 31
4215 30
4216 32
4217 31
4218 30
4219 32
4220 30
4221 31
4222 31
4223 31
4224 31
4225 32
4226 31
4227 32
4228 31
4229 30
4230 31
4231 31
4232 31
4233 31
4234 31
4235 32
4236 31
4237 32
4238 31
4239 30
4240 31
4241 30
4242 31
4243 31
4244 31
4245 31
4246 31
4247 31
4248 32
4249 31
4250 32
4251 32
4252 30
4253 31
4254 31
4255 32
4256 31
4257 32
4258 31
4259 32
4260 30
4261 31
4262 31
4263 31
4264 32
4265 31
4266 31
4267 31
4268 31
4269 31
4270 31
4271 31
4272 30
4273 32
4274 31
4275 32
4276 31
4277 31
4278 32
4279 32
4280 31
4281 30
4282 30
4283 31
4284 31
4285 31
4286 31
4287 31
4288 31
4289 31
4290 31
4291 31
4292 31
4293 32
4294 31
4295 31
4296 32
4297 31
4298 32
4299 31
4300 31
4301 30
4302 31
4303 31
4304 32
4305 31
4306 31
4307 32
4308 32
4309 31
4310 32
4311 31
4312 31
4313 31
4314 31
4315 31
4316 31
4317 31
4318 31
4319 31
4320 30
4321 31
4322 30
4323 31
4324 31
4325 31
4326 31
4327 31
4328 30
4329 31
4330 31
4331 31
4332 32
4333 31
4334 30
4335 32
4336 30
4337 31
4338 31
4339 31
4340 32
4341 32
4342 31
4343 31
4344 31
4345 31
4346 30
4347 31
4348 30
4349 30
4350 30
4351 30
4352 31
4353 31
4354 31
4355 32
4356 31
4357 31
4358 31
4359 30
4360 32
4361 31
4362 31
4363 31
4364 31
4365 32
4366 32
4367 31
4368 31
4369 31
4370 31
4371 31
4372 30
4373 32
4374 32
4375 30
4376 31
4377 31
4378 31
4379 30
4380 31
4381 30
4382 31
4383 31
4384 31
4385 30
4386 31
4387 30
4388 32
4389 30
4390 31
4391 31
4392 31
4393 31
4394 31
4395 30
4396 31
4397 30
4398 31
4399 32
4400 31
4401 30
4402 31
4403 32
4404 31
4405 31
4406 31
4407 31
4408 30
4409 32
4410 31
4411 31
4412 31
4413 31
4414 31
4415 31
4416 31
4417 31
4418 31
4419 31
4420 30
4421 30
4422 31
4423 31
4424 31
4425 31
4426 32
4427 30
4428 31
4429 30
4430 32
4431 31
4432 30
4433 32
4434 31
4435 31
4436 31
4437 31
4438 31
4439 31
4440 31
4441 31
4442 31
4443 30
4444 31
4445 31
4446 31
4447 31
4448 31
4449 31
4450 31
4451 31
4452 31
4453 32
4454 31
4455 31
4456 32
4457 30
4458 30
4459 30
4460 30
4461 31
4462 30
4463 31
4464 32
4465 31
4466 32
4467 31
4468 30
4469 32
4470 31
4471 32
4472 30
4473 30
4474 32
4475 31
4476 31
4477 31
4478 31
4479 31
4480 30
4481 31
4482 30
4483 32
4484 31
4485 31
4486 31
4487 31
4488 32
4489 32
4490 31
4491 31
4492 30
4493 31
4494 30
4495 31
4496 31
4497 30
4498 31
4499 32
4500 30
4501 31
4502 31
4503 31
4504 31
4505 31
4506 31
4507 31
4508 32
4509 30
4510 31
4511 31
4512 31
4513 31
4514 30
4515 31
4516 31
4517 31
4518 30
4519 31
4520 31
4521 31
4522 31
4523 31
4524 31
4525 31
4526 31
4527 31
4528 31
4529 31
4530 31
4531 32
4532 31
4533 30
4534 31
4535 31
4536 30
4537 32
4538 30
4539 31
4540 31
4541 30
4542 31
4543 31
4544 31
4545 31
4546 31
4547 30
4548 31
4549 31
4550 30
4551 31
4552 31
4553 31
4554 31
4555 31
4556 31
4557 32
4558 31
4559 30
4560 31
4561 31
4562 30
4563 32
4564 32
4565 31
4566 31
4567 31
4568 30
4569 31
4570 31
4571 31
4572 31
4573 31
4574 31
4575 32
4576 30
4577 31
4578 30
4579 31
4580 30
4581 32
4582 31
4583 31
4584 31
4585 30
4586 30
4587 31
4588 31
4589 31
4590 32
4591 32
4592 30
4593 30
4594 30
4595 30
4596 30
4597 31
4598 32
4599 31
4600 31
4601 31
4602 32
4603 32
4604 30
4605 31
4606 31
4607 32
4608 31
4609 31
4610 32
4611 32
4612 31
4613 30
4614 30
4615 31
4616 31
4617 30
4618 31
4619 31
4620 31
4621 31
4622 31
4623 31
4624 31
4625 31
4626 31
4627 31
4628 31
4629 32
4630 31
4631 31
4632 31
4633 31
4634 31
4635 31
4636 30
4637 30
4638 31
4639 31
4640 32
4641 31
4642 31
4643 31
4644 30
4645 31
4646 31
4647 31
4648 31
4649 31
4650 31
4651 31
4652 32
4653 32
4654 31
4655 32
4656 32
4657 31
4658 32
4659 32
4660 30
4661 31
4662 30
4663 31
4664 31
4665 31
4666 30
4667 32
4668 32
4669 31
4670 31
4671 32
4672 30
4673 30
4674 30
4675 31
4676 31
4677 30
4678 30
4679 31
4680 31
4681 31
4682 31
4683 31
4684 32
4685 31
4686 31
4687 31
4688 31
4689 31
4690 32
4691 32
4692 31
4693 31
4694 31
4695 32
4696 32
4697 31
4698 31
4699 31
4700 31
4701 31
4702 31
4703 31
4704 31
4705 31
4706 31
4707 31
4708 30
4709 31
4710 30
4711 31
4712 32
4713 30
4714 31
4715 31
4716 31
4717 30
4718 30
4719 31
4720 32
4721 31
4722 31
4723 32
4724 31
4725 30
4726 31
4727 32
4728 31
4729 31
4730 31
4731 30
4732 31
4733 31
4734 31
4735 31
4736 31
4737 30
4738 31
4739 31
4740 31
4741 31
4742 31
4743 31
4744 31
4745 31
4746 31
4747 30
4748 31
4749 32
4750 31
4751 30
4752 31
4753 31
4754 30
4755 31
4756 31
4757 32
4758 30
4759 31
4760 31
4761 30
4762 31
4763 31
4764 31
4765 31
4766 31
4767 31
4768 31
4769 30
4770 31
4771 31
4772 31
4773 30
4774 31
4775 31
4776 31
4777 32
4778 31
4779 32
4780 32
4781 31
4782 31
4783 31
4784 31
4785 32
4786 30
4787 30
4788 31
4789 32
4790 32
4791 31
4792 32
4793 31
4794 31
4795 31
4796 31
4797 30
4798 31
4799 31
4800 30
4801 31
4802 31
4803 31
4804 31
4805 32
4806 31
4807 31
4808 31
4809 32
4810 31
4811 32
4812 31
4813 31
4814 31
4815 31
4816 31
4817 31
4818 30
4819 31
4820 31
4821 32
4822 32
4823 30
4824 31
4825 32
4826 30
4827 32
4828 31
4829 32
4830 32
4831 32
4832 30
4833 32
4834 31
4835 31
4836 31
4837 31
4838 31
4839 31
4840 31
4841 31
4842 32
4843 31
4844 31
4845 31
4846 31
4847 31
4848 31
4849 31
4850 31
4851 32
4852 30
4853 31
4854 31
4855 31
4856 30
4857 30
4858 31
4859 31
4860 31
4861 31
4862 32
4863 32
4864 31
4865 31
4866 30
4867 32
4868 31
4869 31
4870 30
4871 30
4872 31
4873 32
4874 30
4875 31
4876 31
4877 31
4878 30
4879 30
4880 31
4881 31
4882 31
4883 31
4884 30
4885 32
4886 31
4887 31
4888 31
4889 31
4890 31
4891 31
4892 30
4893 31
4894 30
4895 31
4896 32
4897 31
4898 31
4899 31
4900 31
4901 31
4902 31
4903 32
4904 32
4905 31
4906 31
4907 31
4908 31
4909 32
4910 31
4911 32
4912 31
4913 31
4914 31
4915 31
4916 31
4917 31
4918 30
4919 30
4920 31
4921 31
4922 31
4923 31
4924 32
4925 32
4926 31
4927 31
4928 32
4929 31
4930 31
4931 31
4932 31
4933 30
4934 31
4935 31
4936 31
4937 30
4938 31
4939 31
4940 30
4941 31
4942 31
4943 31
4944 32
4945 32
4946 30
4947 32
4948 32
4949 30
4950 30
4951 31
4952 31
4953 31
4954 31
4955 31
4956 31
4957 31
4958 32
4959 31
4960 31
4961 31
4962 32
4963 31
4964 31
4965 31
4966 31
4967 31
4968 32
4969 32
4970 32
4971 31
4972 31
4973 32
4974 31
4975 31
4976 32
4977 31
4978 31
4979 31
4980 30
4981 31
4982 31
4983 31
4984 31
4985 31
4986 31
4987 31
4988 31
4989 30
4990 30
4991 31
4992 31
4993 31
4994 31
4995 31
4996 31
4997 31
4998 32
4999 31
5000 30
5001 31
5002 31
5003 32
5004 32
5005 30
5006 30
5007 32
5008 31
5009 32
5010 30
5011 31
5012 30
5013 31
5014 31
5015 31
5016 31
5017 31
5018 31
5019 32
5020 31
5021 31
5022 31
5023 31
5024 32
5025 30
5026 31
5027 30
5028 31
5029 31
5030 31
5031 30
5032 32
5033 31
5034 30
5035 31
5036 31
5037 32
5038 32
5039 31
5040 31
5041 31
5042 31
5043 32
5044 30
5045 31
5046 30
5047 31
5048 31
5049 31
5050 32
5051 32
5052 31
5053 31
5054 31
5055 31
5056 32
5057 30
5058 31
5059 32
5060 32
5061 30
5062 31
5063 30
5064 31
5065 31
5066 31
5067 31
5068 31
5069 32
5070 31
5071 31
5072 31
5073 31
5074 31
5075 30
5076 31
5077 32
5078 31
5079 31
5080 31
5081 31
5082 31
5083 31
5084 31
5085 32
5086 31
5087 31
5088 31
5089 31
5090 31
5091 30
5092 32
5093 32
5094 30
5095 31
5096 31
5097 31
5098 31
5099 32
5100 31
5101 31
5102 32
5103 31
5104 31
5105 31
5106 32
5107 31
5108 30
5109 31
5110 31
5111 30
5112 31
5113 30
5114 30
5115 31
5116 31
5117 30
5118 31
5119 30
5120 31
5121 30
5122 30
5123 30
5124 31
5125 32
5126 31
5127 32
5128 31
5129 32
5130 31
5131 32
5132 31
5133 31
5134 31
5135 32
5136 31
5137 31
5138 31
5139 31
5140 32
5141 32
5142 30
5143 31
5144 32
5145 32
5146 32
5147 31
5148 31
5149 31
5150 30
5151 31
5152 31
5153 31
5154 31
5155 32
5156 30
5157 31
5158 31
5159 31
5160 31
5161 31
5162 31
5163 31
5164 31
5165 31
5166 31
5167 31
5168 31
5169 30
5170 32
5171 30
5172 30
5173 31
5174 31
5175 31
5176 31
5177 31
5178 31
5179 30
5180 31
5181 31
5182 31
5183 31
5184 31
5185 31
5186 32
5187 31
5188 31
5189 31
5190 31
5191 31
5192 31
5193 32
5194 32
5195 31
5196 31
5197 31
5198 31
5199 30
5200 32
5201 32
5202 31
5203 31
5204 30
5205 30
5206 31
5207 31
5208 31
5209 31
5210 31
5211 30
5212 30
5213 31
5214 31
5215 30
5216 31
5217 30
5218 31
5219 31
5220 31
5221 30
5222 31
5223 31
5224 31
5225 31
5226 31
5227 31
5228 31
5229 31
5230 31
5231 32
5232 30
5233 31
5234 31
5235 32
5236 30
5237 30
5238 31
5239 31
5240 30
5241 31
5242 31
5243 31
5244 31
5245 31
5246 31
5247 32
5248 31
5249 31
5250 31
5251 32
5252 31
5253 30
5254 31
5255 32
5256 31
5257 31
5258 31
5259 32
5260 31
5261 31
5262 32
5263 32
5264 31
5265 31
5266 32
5267 32
5268 30
5269 32
5270 31
5271 32
5272 30
5273 30
5274 31
5275 31
5276 31
5277 31
5278 32
5279 31
5280 31
5281 32
5282 31
5283 31
5284 31
5285 31
5286 31
5287 31
5288 31
5289 31
5290 31
5291 31
5292 31
5293 32
5294 30
5295 31
5296 31
5297 31
5298 32
5299 31
5300 31
5301 31
5302 31
5303 31
5304 31
5305 31
5306 31
5307 32
5308 31
5309 32
5310 32
5311 31
5312 31
5313 31
5314 31
5315 32
5316 32
5317 31
5318 31
5319 30
5320 31
5321 32
5322 30
5323 31
5324 31
5325 31
5326 32
5327 31
5328 31
5329 31
5330 30
5331 31
5332 31
5333 31
5334 31
5335 31
5336 31
5337 31
5338 31
5339 31
5340 31
5341 31
5342 31
5343 30
5344 31
5345 31
5346 31
5347 31
5348 31
5349 31
5350 31
5351 31
5352 30
5353 31
5354 31
5355 31
5356 31
5357 31
5358 32
5359 31
5360 31
5361 31
5362 31
5363 31
5364 31
5365 31
5366 31
5367 30
5368 31
5369 31
5370 31
5371 31
5372 31
5373 31
5374 31
5375 32
5376 32
5377 32
5378 31
5379 31
5380 32
5381 31
5382 31
5383 31
5384 31
5385 31
5386 31
5387 31
5388 32
5389 31
5390 31
5391 31
5392 31
5393 31
5394 31
5395 30
5396 30
5397 30
5398 31
5399 32
5400 31
5401 30
5402 31
5403 32
5404 31
5405 30
5406 31
5407 31
5408 31
5409 31
5410 32
5411 32
5412 31
5413 31
5414 30
5415 31
5416 31
5417 30
5418 31
5419 31
5420 31
5421 31
5422 30
5423 30
5424 32
5425 31
5426 31
5427 31
5428 30
5429 31
5430 32
5431 31
5432 31
5433 31
5434 31
5435 31
5436 31
5437 31
5438 30
5439 31
5440 31
5441 30
5442 30
5443 31
5444 31
5445 31
5446 30
5447 31
5448 31
5449 30
5450 31
5451 32
5452 31
5453 30
5454 31
5455 32
5456 30
5457 31
5458 31
5459 31
5460 31
5461 32
5462 31
5463 31
5464 30
5465 31
5466 31
5467 31
5468 31
5469 32
5470 31
5471 31
5472 31
5473 31
5474 31
5475 31
5476 32
5477 31
5478 31
5479 30
5480 31
5481 31
5482 30
5483 31
5484 31
5485 31
5486 32
5487 31
5488 31
5489 31
5490 31
5491 32
5492 31
5493 32
5494 31
5495 32
5496 32
5497 31
5498 31
5499 30
5500 31
5501 30
5502 31
5503 31
5504 31
5505 30
5506 31
5507 32
5508 32
5509 31
5510 31
5511 31
5512 32
5513 31
5514 30
5515 31
5516 30
5517 31
5518 30
5519 32
5520 31
5521 32
5522 31
5523 31
5524 30
5525 31
5526 31
5527 31
5528 31
5529 32
5530 31
5531 31
5532 31
5533 30
5534 31
5535 31
5536 31
5537 31
5538 31
5539 31
5540 32
5541 31
5542 31
5543 30
5544 31
5545 31
5546 31
5547 31
5548 30
5549 32
5550 31
5551 30
5552 31
5553 32
5554 30
5555 32
5556 31
5557 31
5558 31
5559 31
5560 31
5561 31
5562 31
5563 31
5564 30
5565 32
5566 31
5567 31
5568 31
5569 31
5570 32
5571 32
5572 32
5573 31
5574 30
5575 32
5576 30
5577 32
5578 31
5579 31
5580 31
5581 31
5582 30
5583 31
5584 31
5585 31
5586 31
5587 31
5588 31
5589 31
5590 30
5591 31
5592 31
5593 31
5594 31
5595 31
5596 31
5597 31
5598 30
5599 31
5600 32
5601 32
5602 31
5603 31
5604 31
5605 31
5606 31
5607 31
5608 31
5609 32
5610 31
5611 31
5612 31
5613 31
5614 30
5615 30
5616 31
5617 31
5618 32
5619 31
5620 31
5621 31
5622 31
5623 31
5624 30
5625 32
5626 31
5627 31
5628 30
5629 31
5630 31
5631 31
5632 31
5633 31
5634 32
5635 31
5636 31
5637 32
5638 32
5639 31
5640 32
5641 31
5642 32
5643 31
5644 30
5645 30
5646 30
5647 31
5648 30
5649 31
5650 31
5651 31
5652 31
5653 31
5654 31
5655 31
5656 31
5657 31
5658 31
5659 31
5660 31
5661 30
5662 30
5663 30
5664 31
5665 31
5666 32
5667 32
5668 31
5669 31
5670 31
5671 31
5672 31
5673 31
5674 31
5675 31
5676 30
5677 31
5678 29
5679 31
5680 30
5681 31
5682 31
5683 30
5684 31
5685 32
5686 32
5687 31
5688 31
5689 31
5690 32
5691 31
5692 31
5693 31
5694 31
5695 31
5696 32
5697 31
5698 31
5699 32
5700 31
5701 30
5702 31
5703 31
5704 31
5705 30
5706 32
5707 31
5708 31
5709 31
5710 30
5711 31
5712 31
5713 30
5714 31
5715 31
5716 32
5717 31
5718 31
5719 31
5720 31
5721 31
5722 32
5723 30
5724 30
5725 32
5726 32
5727 31
5728 31
5729 31
5730 30
5731 32
5732 31
5733 31
5734 31
5735 32
5736 30
5737 31
5738 31
5739 30
5740 32
5741 31
5742 32
5743 30
5744 31
5745 31
5746 31
5747 32
5748 31
5749 31
5750 32
5751 32
5752 32
5753 31
5754 31
5755 31
5756 32
5757 31
5758 32
5759 32
5760 31
5761 31
5762 31
5763 32
5764 32
5765 31
5766 30
5767 31
5768 31
5769 31
5770 31
5771 31
5772 31
5773 31
5774 32
5775 31
5776 31
5777 31
5778 30
5779 30
5780 32
5781 32
5782 32
5783 31
5784 31
5785 31
5786 31
5787 31
5788 30
5789 31
5790 32
5791 31
5792 30
5793 32
5794 31
5795 31
5796 31
5797 31
5798 32
5799 31
5800 32
5801 32
5802 31
5803 30
5804 31
5805 31
5806 30
5807 31
5808 31
5809 32
5810 32
5811 31
5812 31
5813 31
5814 30
5815 30
5816 30
5817 31
5818 31
5819 31
5820 31
5821 32
5822 31
5823 31
5824 31
5825 31
5826 30
5827 31
5828 31
5829 31
5830 31
5831 31
5832 31
5833 31
5834 31
5835 31
5836 31
5837 31
5838 31
5839 31
5840 31
5841 31
5842 31
5843 31
5844 30
5845 31
5846 30
5847 31
5848 32
5849 31
5850 31
5851 31
5852 31
5853 32
5854 31
5855 31
5856 31
5857 31
5858 31
5859 31
5860 31
5861 32
5862 32
5863 31
5864 31
5865 30
5866 32
5867 30
5868 31
5869 31
5870 31
5871 29
5872 30
5873 32
5874 31
5875 31
5876 31
5877 31
5878 31
5879 29
5880 30
5881 31
5882 31
5883 31
5884 31
5885 31
5886 32
5887 32
5888 31
5889 31
5890 29
5891 32
5892 31
5893 30
5894 31
5895 31
5896 31
5897 31
5898 32
5899 30
5900 32
5901 31
5902 31
5903 31
5904 31
5905 31
5906 31
5907 30
5908 32
5909 31
5910 31
5911 30
5912 32
5913 32
5914 31
5915 31
5916 31
5917 31
5918 31
5919 31
5920 30
5921 31
5922 31
5923 32
5924 31
5925 32
5926 32
5927 30
5928 30
5929 30
5930 30
5931 31
5932 31
5933 31
5934 31
5935 32
5936 30
5937 31
5938 31
5939 31
5940 30
5941 32
5942 31
5943 31
5944 32
5945 31
5946 30
5947 32
5948 31
5949 31
5950 31
5951 31
5952 31
5953 31
5954 31
5955 31
5956 31
5957 31
5958 30
5959 31
5960 30
5961 30
5962 32
5963 30
5964 32
5965 32
5966 31
5967 31
5968 32
5969 31
5970 32
5971 31
5972 31
5973 30
5974 30
5975 31
5976 31
5977 31
5978 31
5979 31
5980 31
5981 31
5982 31
5983 30
5984 31
5985 32
5986 31
5987 31
5988 31
5989 31
5990 32
5991 31
5992 32
5993 31
5994 31
5995 31
5996 32
5997 31
5998 32
5999 31
6000 31
6001 30
6002 30
6003 30
6004 31
6005 31
6006 32
6007 31
6008 31
6009 31
6010 31
6011 31
6012 30
6013 31
6014 31
6015 31
6016 30
6017 30
6018 31
6019 31
6020 31
6021 30
6022 31
6023 30
6024 32
6025 31
6026 31
6027 31
6028 31
6029 30
6030 31
6031 31
6032 31
6033 31
6034 30
6035 31
6036 31
6037 31
6038 31
6039 30
6040 31
6041 32
6042 30
6043 31
6044 31
6045 31
6046 30
6047 32
6048 30
6049 31
6050 30
6051 31
6052 31
6053 32
6054 31
6055 31
6056 31
6057 31
6058 31
6059 32
6060 31
6061 30
6062 30
6063 31
6064 31
6065 30
6066 30
6067 32
6068 32
6069 31
6070 31
6071 31
6072 31
6073 31
6074 31
6075 32
6076 31
6077 31
6078 30
6079 30
6080 31
6081 31
6082 31
6083 31
6084 32
6085 31
6086 31
6087 31
6088 31
6089 29
6090 31
6091 31
6092 31
6093 31
6094 31
6095 31
6096 31
6097 31
6098 31
6099 30
6100 31
6101 31
6102 32
6103 31
6104 32
6105 32
6106 31
6107 32
6108 31
6109 32
6110 32
6111 31
6112 31
6113 32
6114 31
6115 32
6116 31
6117 31
6118 31
6119 31
6120 30
6121 31
6122 31
6123 31
6124 30
6125 32
6126 32
6127 31
6128 32
6129 31
6130 30
6131 31
6132 32
6133 31
6134 31
6135 31
6136 31
6137 30
6138 31
6139 30
6140 31
6141 30
6142 31
6143 31
6144 31
6145 31
6146 32
6147 31
6148 30
6149 31
6150 32
6151 30
6152 32
6153 32
6154 31
6155 30
6156 31
6157 31
6158 31
6159 31
6160 31
6161 32
6162 30
6163 31
6164 31
6165 31
6166 31
6167 31
6168 31
6169 32
6170 31
6171 31
6172 31
6173 31
6174 30
6175 30
6176 31
6177 31
6178 31
6179 31
6180 32
6181 30
6182 30
6183 31
6184 30
6185 31
6186 31
6187 30
6188 31
6189 31
6190 31
6191 31
6192 31
6193 31
6194 31
6195 30
6196 32
6197 31
6198 31
6199 30
6200 32
6201 31
6202 30
6203 31
6204 31
6205 31
6206 30
6207 31
6208 31
6209 31
6210 31
6211 32
6212 32
6213 31
6214 30
6215 32
6216 30
6217 32
6218 30
6219 30
6220 30
6221 31
6222 30
6223 31
6224 31
6225 31
6226 31
6227 31
6228 31
6229 31
6230 31
6231 31
6232 31
6233 31
6234 31
6235 30
6236 31
6237 31
6238 31
6239 31
6240 31
6241 31
6242 31
6243 31
6244 32
6245 31
6246 32
6247 30
6248 32
6249 31
6250 31
6251 31
6252 31
6253 31
6254 31
6255 30
6256 31
6257 31
6258 32
6259 30
6260 31
6261 31
6262 31
6263 31
6264 30
6265 30
6266 32
6267 31
6268 32
6269 31
6270 31
6271 31
6272 31
6273 32
6274 31
6275 31
6276 31
6277 30
6278 31
6279 32
6280 31
6281 31
6282 30
6283 32
6284 31
6285 31
6286 30
6287 31
6288 32
6289 31
6290 31
6291 32
6292 31
6293 31
6294 31
6295 31
6296 31
6297 32
6298 32
6299 31
6300 31
6301 31
6302 31
6303 31
6304 31
6305 31
6306 31
6307 31
6308 32
6309 30
6310 31
6311 31
6312 31
6313 31
6314 31
6315 31
6316 31
6317 31
6318 31
6319 32
6320 32
6321 31
6322 30
6323 31
6324 32
6325 31
6326 30
6327 31
6328 32
6329 31
6330 31
6331 31
6332 31
6333 31
6334 31
6335 31
6336 31
6337 32
6338 30
6339 31
6340 31
6341 30
6342 32
6343 31
6344 31
6345 30
6346 30
6347 30
6348 30
6349 31
6350 30
6351 31
6352 32
6353 31
6354 32
6355 31
6356 32
6357 32
6358 32
6359 31
6360 32
6361 31
6362 31
6363 31
6364 31
6365 31
6366 31
6367 31
6368 30
6369 31
6370 32
6371 31
6372 31
6373 32
6374 32
6375 30
6376 32
6377 31
6378 31
6379 30
6380 30
6381 32
6382 30
6383 30
6384 32
6385 31
6386 31
6387 31
6388 31
6389 31
6390 30
6391 31
6392 31
6393 32
6394 30
6395 30
6396 32
6397 31
6398 31
6399 31
6400 30
6401 31
6402 31
6403 31
6404 32
6405 31
6406 31
6407 31
6408 30
6409 32
6410 31
6411 31
6412 31
6413 32
6414 31
6415 31
6416 32
6417 30
6418 32
6419 31
6420 31
6421 31
6422 31
6423 31
6424 30
6425 31
6426 32
6427 32
6428 30
6429 30
6430 31
6431 30
6432 31
6433 31
6434 30
6435 31
6436 31
6437 31
6438 31
6439 32
6440 31
6441 30
6442 31
6443 30
6444 31
6445 31
6446 31
6447 31
6448 30
6449 31
6450 31
6451 31
6452 31
6453 31
6454 32
6455 31
6456 31
6457 31
6458 31
6459 31
6460 31
6461 31
6462 31
6463 32
6464 32
6465 31
6466 31
6467 31
6468 30
6469 31
6470 31
6471 31
6472 31
6473 30
6474 30
6475 31
6476 30
6477 31
6478 32
6479 31
6480 31
6481 31
6482 31
6483 31
6484 31
6485 31
6486 32
6487 31
6488 31
6489 31
6490 30
6491 32
6492 31
6493 31
6494 30
6495 32
6496 31
6497 32
6498 31
6499 30
6500 32
6501 30
6502 32
6503 32
6504 31
6505 31
6506 31
6507 32
6508 31
6509 30
6510 32
6511 31
6512 31
6513 30
6514 31
6515 32
6516 31
6517 31
6518 30
6519 32
6520 30
6521 31
6522 31
6523 31
6524 32
6525 31
6526 31
6527 31
6528 30
6529 31
6530 30
6531 30
6532 30
6533 32
6534 30
6535 31
6536 30
6537 32
6538 31
6539 30
6540 29
6541 31
6542 31
6543 31
6544 32
6545 31
6546 31
6547 30
6548 31
6549 31
6550 31
6551 30
6552 31
6553 30
6554 31
6555 31
6556 31
6557 30
6558 30
6559 31
6560 31
6561 31
6562 31
6563 32
6564 31
6565 30
6566 32
6567 32
6568 31
6569 31
6570 32
6571 32
6572 32
6573 32
6574 31
6575 31
6576 32
6577 32
6578 31
6579 30
6580 31
6581 31
6582 31
6583 31
6584 30
6585 31
6586 31
6587 31
6588 30
6589 32
6590 32
6591 32
6592 31
6593 32
6594 32
6595 31
6596 32
6597 31
6598 31
6599 31
6600 31
6601 32
6602 31
6603 30
6604 31
6605 31
6606 32
6607 31
6608 31
6609 32
6610 31
6611 32
6612 31
6613 31
6614 31
6615 31
6616 30
6617 31
6618 31
6619 31
6620 31
6621 30
6622 31
6623 32
6624 31
6625 31
6626 32
6627 31
6628 32
6629 31
6630 31
6631 32
6632 31
6633 32
6634 31
6635 31
6636 32
6637 31
6638 31
6639 31
6640 31
6641 32
6642 31
6643 32
6644 31
6645 31
6646 31
6647 31
6648 31
6649 31
6650 30
6651 31
6652 31
6653 31
6654 32
6655 30
6656 31
6657 31
6658 30
6659 31
6660 31
6661 31
6662 31
6663 30
6664 31
6665 30
6666 32
6667 31
6668 30
6669 31
6670 31
6671 32
6672 30
6673 31
6674 32
6675 32
6676 32
6677 31
6678 31
6679 31
6680 30
6681 31
6682 31
6683 32
6684 31
6685 31
6686 31
6687 31
6688 31
6689 32
6690 31
6691 31
6692 32
6693 30
6694 31
6695 31
6696 31
6697 32
6698 31
6699 31
6700 32
6701 32
6702 30
6703 31
6704 31
6705 31
6706 31
6707 32
6708 31
6709 31
6710 31
6711 31
6712 32
6713 31
6714 31
6715 31
6716 30
6717 31
6718 30
6719 31
6720 30
6721 31
6722 31
6723 30
6724 32
6725 31
6726 31
6727 31
6728 31
6729 30
6730 31
6731 30
6732 31
6733 31
6734 31
6735 31
6736 31
6737 31
6738 31
6739 31
6740 32
6741 32
6742 32
6743 31
6744 31
6745 31
6746 31
6747 31
6748 31
6749 31
6750 31
6751 30
6752 31
6753 32
6754 31
6755 31
6756 31
6757 31
6758 31
6759 31
6760 31
6761 30
6762 31
6763 30
6764 31
6765 32
6766 32
6767 30
6768 31
6769 32
6770 31
6771 30
6772 32
6773 30
6774 31
6775 31
6776 32
6777 32
6778 32
6779 32
6780 31
6781 31
6782 32
6783 31
6784 31
6785 31
6786 30
6787 32
6788 30
6789 32
6790 31
6791 31
6792 31
6793 31
6794 31
6795 30
6796 30
6797 31
6798 32
6799 31
6800 32
6801 30
6802 31
6803 30
6804 31
6805 31
6806 31
6807 32
6808 32
6809 32
6810 30
6811 30
6812 30
6813 31
6814 31
6815 31
6816 31
6817 30
6818 31
6819 31
6820 31
6821 31
6822 31
6823 32
6824 31
6825 32
6826 31
6827 31
6828 32
6829 31
6830 32
6831 30
6832 31
6833 30
6834 31
6835 30
6836 31
6837 32
6838 31
6839 31
6840 32
6841 31
6842 31
6843 31
6844 31
6845 31
6846 31
6847 31
6848 30
6849 31
6850 31
6851 31
6852 31
6853 31
6854 31
6855 31
6856 30
6857 31
6858 30
6859 31
6860 31
6861 31
6862 32
6863 32
6864 31
6865 31
6866 31
6867 32
6868 30
6869 31
6870 31
6871 32
6872 31
6873 31
6874 30
6875 31
6876 31
6877 31
6878 31
6879 31
6880 31
6881 31
6882 31
6883 32
6884 32
6885 31
6886 32
6887 31
6888 31
6889 32
6890 32
6891 31
6892 31
6893 31
6894 30
6895 32
6896 30
6897 32
6898 30
6899 31
6900 31
6901 31
6902 31
6903 31
6904 31
6905 31
6906 30
6907 31
6908 31
6909 32
6910 31
6911 32
6912 31
6913 31
6914 31
6915 31
6916 31
6917 32
6918 30
6919 30
6920 31
6921 32
6922 31
6923 32
6924 31
6925 32
6926 29
6927 31
6928 31
6929 31
6930 31
6931 31
6932 31
6933 31
6934 31
6935 30
6936 30
6937 32
6938 31
6939 31
6940 32
6941 32
6942 31
6943 31
6944 32
6945 31
6946 30
6947 31
6948 31
6949 31
6950 30
6951 31
6952 31
6953 30
6954 31
6955 30
6956 31
6957 32
6958 31
6959 30
6960 32
6961 31
6962 31
6963 31
6964 32
6965 32
6966 31
6967 30
6968 31
6969 32
6970 32
6971 30
6972 31
6973 31
6974 30
6975 31
6976 31
6977 31
6978 31
6979 32
6980 31
6981 30
6982 31
6983 31
6984 30
6985 30
6986 31
6987 30
6988 31
6989 30
6990 31
6991 31
6992 30
6993 31
6994 31
6995 31
6996 30
6997 31
6998 30
6999 31
7000 32
7001 32
7002 30
7003 31
7004 31
7005 30
7006 31
7007 32
7008 31
7009 30
7010 31
7011 31
7012 32
7013 31
7014 32
7015 30
7016 31
7017 31
7018 31
7019 32
7020 31
7021 30
7022 31
7023 31
7024 31
7025 31
7026 30
7027 31
7028 31
7029 31
7030 30
7031 31
7032 31
7033 30
7034 31
7035 31
7036 31
7037 31
7038 31
7039 31
7040 31
7041 31
7042 31
7043 32
7044 31
7045 30
7046 32
7047 30
7048 31
7049 30
7050 32
7051 32
7052 30
7053 30
7054 31
7055 31
7056 31
7057 31
7058 30
7059 31
7060 31
7061 32
7062 31
7063 30
7064 31
7065 30
7066 31
7067 31
7068 31
7069 31
7070 30
7071 31
7072 30
7073 31
7074 31
7075 31
7076 30
7077 32
7078 30
7079 31
7080 31
7081 31
7082 31
7083 31
7084 30
7085 31
7086 32
7087 31
7088 30
7089 31
7090 30
7091 31
7092 31
7093 31
7094 31
7095 32
7096 31
7097 30
7098 32
7099 30
7100 32
7101 31
7102 32
7103 31
7104 31
7105 31
7106 31
7107 31
7108 30
7109 31
7110 30
7111 32
7112 31
7113 31
7114 31
7115 31
7116 30
7117 31
7118 31
7119 31
7120 31
7121 32
7122 31
7123 31
7124 32
7125 31
7126 31
7127 31
7128 32
7129 31
7130 31
7131 31
7132 31
7133 31
7134 30
7135 30
7136 30
7137 30
7138 32
7139 30
7140 31
7141 31
7142 31
7143 31
7144 32
7145 31
7146 31
7147 30
7148 31
7149 31
7150 31
7151 31
7152 32
7153 31
7154 31
7155 31
7156 31
7157 31
7158 32
7159 31
7160 31
7161 32
7162 31
7163 30
7164 32
7165 32
7166 31
7167 30
7168 30
7169 31
7170 30
7171 31
7172 31
7173 31
7174 31
7175 32
7176 31
7177 31
7178 31
7179 31
7180 31
7181 30
7182 30
7183 32
7184 32
7185 31
7186 32
7187 31
7188 31
7189 30
7190 31
7191 32
7192 31
7193 30
7194 31
7195 31
7196 32
7197 30
7198 30
7199 31
7200 30
7201 31
7202 31
7203 32
7204 30
7205 31
7206 31
7207 31
7208 31
7209 30
7210 31
7211 31
7212 31
7213 31
7214 31
7215 30
7216 31
7217 31
7218 30
7219 31
7220 31
7221 31
7222 30
7223 30
7224 32
7225 32
7226 32
7227 31
7228 31
7229 30
7230 31
7231 30
7232 30
7233 32
7234 31
7235 32
7236 31
7237 32
7238 31
7239 31
7240 30
7241 31
7242 31
7243 31
7244 31
7245 31
7246 32
7247 31
7248 32
7249 32
7250 31
7251 31
7252 31
7253 31
7254 31
7255 31
7256 31
7257 32
7258 31
7259 31
7260 31
7261 31
7262 31
7263 32
7264 31
7265 31
7266 31
7267 31
7268 31
7269 31
7270 32
7271 31
7272 31
7273 30
7274 31
7275 31
7276 31
7277 30
7278 32
7279 32
7280 32
7281 31
7282 32
7283 31
7284 32
7285 31
7286 31
7287 31
7288 31
7289 31
7290 30
7291 31
7292 32
7293 30
7294 31
7295 31
7296 31
7297 30
7298 30
7299 31
7300 30
7301 31
7302 31
7303 31
7304 31
7305 31
7306 31
7307 31
7308 32
7309 31
7310 31
7311 31
7312 31
7313 30
7314 31
7315 31
7316 31
7317 31
7318 31
7319 32
7320 31
7321 30
7322 32
7323 32
7324 31
7325 31
7326 30
7327 30
7328 31
7329 32
7330 30
7331 31
7332 31
7333 30
7334 31
7335 31
7336 32
7337 30
7338 31
7339 31
7340 31
7341 32
7342 31
7343 30
7344 31
7345 30
7346 31
7347 30
7348 31
7349 31
7350 31
7351 31
7352 31
7353 31
7354 31
7355 31
7356 31
7357 31
7358 30
7359 30
7360 31
7361 31
7362 31
7363 32
7364 31
7365 30
7366 31
7367 31
7368 31
7369 31
7370 31
7371 31
7372 31
7373 30
7374 31
7375 31
7376 31
7377 31
7378 31
7379 31
7380 32
7381 31
7382 32
7383 32
7384 30
7385 31
7386 32
7387 31
7388 31
7389 32
7390 31
7391 31
7392 32
7393 31
7394 31
7395 31
7396 31
7397 30
7398 31
7399 31
7400 31
7401 31
7402 31
7403 31
7404 31
7405 32
7406 32
7407 31
7408 31
7409 31
7410 32
7411 31
7412 31
7413 31
7414 31
7415 31
7416 31
7417 30
7418 31
7419 30
7420 31
7421 31
7422 31
7423 31
7424 32
7425 32
7426 31
7427 31
7428 32
7429 30
7430 32
7431 31
7432 31
7433 31
7434 30
7435 30
7436 31
7437 31
7438 30
7439 32
7440 31
7441 31
7442 32
7443 31
7444 30
7445 30
7446 31
7447 32
7448 32
7449 31
7450 32
7451 31
7452 31
7453 31
7454 31
7455 31
7456 32
7457 30
7458 32
7459 30
7460 31
7461 31
7462 32
7463 31
7464 31
7465 30
7466 31
7467 30
7468 31
7469 31
7470 31
7471 31
7472 31
7473 31
7474 31
7475 31
7476 32
7477 31
7478 31
7479 31
7480 31
7481 31
7482 31
7483 30
7484 31
7485 30
7486 30
7487 31
7488 31
7489 31
7490 30
7491 30
7492 31
7493 31
7494 31
7495 31
7496 31
7497 31
7498 32
7499 32
7500 32
7501 32
7502 31
7503 31
7504 31
7505 31
7506 31
7507 30
7508 31
7509 31
7510 31
7511 31
7512 31
7513 31
7514 31
7515 31
7516 31
7517 31
7518 30
7519 31
7520 32
7521 31
7522 31
7523 31
7524 31
7525 31
7526 31
7527 32
7528 31
7529 30
7530 31
7531 31
7532 31
7533 30
7534 31
7535 31
7536 32
7537 31
7538 31
7539 31
7540 31
7541 31
7542 31
7543 32
7544 31
7545 31
7546 31
7547 31
7548 31
7549 31
7550 30
7551 31
7552 30
7553 31
7554 30
7555 31
7556 31
7557 31
7558 31
7559 31
7560 30
7561 30
7562 32
7563 31
7564 31
7565 31
7566 30
7567 30
7568 31
7569 31
7570 31
7571 32
7572 30
7573 31
7574 30
7575 31
7576 31
7577 31
7578 32
7579 30
7580 32
7581 30
7582 31
7583 31
7584 31
7585 31
7586 31
7587 32
7588 32
7589 32
7590 32
7591 31
7592 29
7593 31
7594 30
7595 32
7596 31
7597 30
7598 31
7599 31
7600 32
7601 30
7602 31
7603 31
7604 31
7605 31
7606 31
7607 29
7608 31
7609 32
7610 32
7611 31
7612 31
7613 32
7614 32
7615 32
7616 31
7617 31
7618 31
7619 31
7620 31
7621 30
7622 31
7623 31
7624 30
7625 31
7626 31
7627 31
7628 31
7629 31
7630 31
7631 31
7632 32
7633 31
7634 31
7635 31
7636 32
7637 30
7638 31
7639 30
7640 31
7641 31
7642 31
7643 31
7644 31
7645 32
7646 31
7647 32
7648 31
7649 30
7650 31
7651 32
7652 32
7653 31
7654 31
7655 32
7656 31
7657 30
7658 31
7659 31
7660 31
7661 32
7662 31
7663 31
7664 31
7665 32
7666 31
7667 31
7668 32
7669 31
7670 30
7671 31
7672 32
7673 31
7674 32
7675 31
7676 31
7677 31
7678 31
7679 30
7680 31
7681 32
7682 31
7683 31
7684 31
7685 31
7686 31
7687 30
7688 31
7689 31
7690 31
7691 31
7692 30
7693 31
7694 31
7695 31
7696 32
7697 31
7698 32
7699 30
7700 32
7701 31
7702 30
7703 31
7704 32
7705 32
7706 31
7707 31
7708 32
7709 31
7710 31
7711 30
7712 32
7713 32
7714 30
7715 30
7716 31
7717 32
7718 30
7719 31
7720 31
7721 31
7722 31
7723 32
7724 31
7725 31
7726 30
7727 30
7728 31
7729 30
7730 32
7731 30
7732 31
7733 32
7734 31
7735 31
7736 30
7737 31
7738 31
7739 31
7740 31
7741 31
7742 32
7743 30
7744 31
7745 31
7746 31
7747 31
7748 31
7749 32
7750 32
7751 30
7752 31
7753 31
7754 31
7755 31
7756 30
7757 32
7758 31
7759 31
7760 32
7761 31
7762 31
7763 31
7764 32
7765 30
7766 32
7767 32
7768 32
7769 30
7770 31
7771 32
7772 30
7773 32
7774 31
7775 31
7776 31
7777 32
7778 31
7779 31
7780 30
7781 30
7782 31
7783 31
7784 31
7785 31
7786 30
7787 31
7788 32
7789 32
7790 30
7791 31
7792 32
7793 31
7794 30
7795 31
7796 31
7797 30
7798 31
7799 30
7800 31
7801 32
7802 31
7803 30
7804 31
7805 31
7806 31
7807 32
7808 31
7809 32
7810 32
7811 32
7812 31
7813 31
7814 31
7815 30
7816 31
7817 31
7818 31
7819 32
7820 30
7821 31
7822 32
7823 31
7824 31
7825 30
7826 31
7827 32
7828 31
7829 31
7830 31
7831 30
7832 31
7833 30
7834 31
7835 31
7836 32
7837 30
7838 32
7839 31
7840 32
7841 31
7842 31
7843 30
7844 30
7845 32
7846 31
7847 32
7848 31
7849 31
7850 31
7851 31
7852 32
7853 31
7854 31
7855 30
7856 32
7857 31
7858 32
7859 31
7860 31
7861 30
7862 31
7863 31
7864 31
7865 31
7866 30
7867 31
7868 31
7869 31
7870 30
7871 31
7872 31
7873 31
7874 32
7875 32
7876 30
7877 30
7878 31
7879 30
7880 30
7881 31
7882 31
7883 31
7884 30
7885 31
7886 32
7887 31
7888 30
7889 30
7890 31
7891 32
7892 31
7893 31
7894 31
7895 32
7896 31
7897 30
7898 31
7899 32
7900 30
7901 30
7902 32
7903 31
7904 31
7905 31
7906 30
7907 30
7908 31
7909 30
7910 32
7911 31
7912 31
7913 31
7914 31
7915 32
7916 30
7917 31
7918 31
7919 31
7920 31
7921 32
7922 31
7923 31
7924 31
7925 31
7926 31
7927 32
7928 31
7929 31
7930 31
7931 31
7932 31
7933 31
7934 31
7935 31
7936 31
7937 31
7938 31
7939 31
7940 32
7941 32
7942 31
7943 30
7944 32
7945 31
7946 31
7947 31
7948 31
7949 30
7950 31
7951 31
7952 31
7953 31
7954 31
7955 32
7956 31
7957 32
7958 31
7959 31
7960 31
7961 32
7962 31
7963 30
7964 32
7965 31
7966 31
7967 31
7968 32
7969 31
7970 32
7971 31
7972 32
7973 32
7974 31
7975 32
7976 31
7977 30
7978 31
7979 31
7980 31
7981 31
7982 30
7983 31
7984 31
7985 31
7986 32
7987 31
7988 32
7989 32
7990 31
7991 31
7992 31
7993 31
7994 32
7995 30
7996 31
7997 32
7998 30
7999 31
8000 31
8001 31
8002 31
8003 32
8004 30
8005 31
8006 31
8007 31
8008 30
8009 31
8010 31
8011 31
8012 31
8013 31
8014 31
8015 31
8016 31
8017 31
8018 31
8019 30
8020 30
8021 31
8022 31
8023 30
8024 31
8025 32
8026 31
8027 31
8028 31
8029 31
8030 31
8031 30
8032 31
8033 31
8034 31
8035 31
8036 31
8037 30
8038 31
8039 32
8040 31
8041 31
8042 31
8043 31
8044 31
8045 31
8046 31
8047 30
8048 32
8049 31
8050 31
8051 32
8052 31
8053 31
8054 32
8055 30
8056 32
8057 31
8058 32
8059 31
8060 32
8061 32
8062 31
8063 30
8064 31
8065 31
8066 32
8067 32
8068 32
8069 31
8070 31
8071 32
8072 30
8073 31
8074 30
8075 31
8076 30
8077 31
8078 31
8079 31
8080 31
8081 32
8082 31
8083 32
8084 31
8085 31
8086 31
8087 30
8088 32
8089 31
8090 32
8091 31
8092 31
8093 31
8094 31
8095 31
8096 31
8097 31
8098 31
8099 31
8100 30
8101 31
8102 30
8103 30
8104 31
8105 31
8106 32
8107 31
8108 32
8109 31
8110 31
8111 31
8112 30
8113 31
8114 31
8115 32
8116 31
8117 31
8118 31
8119 32
8120 31
8121 31
8122 31
8123 31
8124 31
8125 31
8126 31
8127 31
8128 30
8129 31
8130 31
8131 32
8132 31
8133 31
8134 31
8135 31
8136 30
8137 32
8138 31
8139 31
8140 30
8141 31
8142 31
8143 32
8144 31
8145 31
8146 32
8147 31
8148 32
8149 31
8150 31
8151 31
8152 31
8153 31
8154 31
8155 31
8156 31
8157 31
8158 31
8159 32
8160 32
8161 32
8162 32
8163 31
8164 31
8165 31
8166 31
8167 31
8168 31
8169 31
8170 30
8171 31
8172 31
8173 31
8174 32
8175 30
8176 30
8177 30
8178 31
8179 31
8180 31
8181 32
8182 32
8183 31
8184 31
8185 31
8186 31
8187 31
8188 31
8189 31
8190 31
8191 32
8192 31
8193 31
8194 31
8195 31
8196 31
8197 31
8198 31
8199 30
8200 30
8201 30
8202 30
8203 31
8204 32
8205 31
8206 31
8207 32
8208 32
8209 32
8210 31
8211 31
8212 32
8213 31
8214 30
8215 31
8216 31
8217 31
8218 31
8219 31
8220 31
8221 32
8222 31
8223 31
8224 31
8225 31
8226 31
8227 30
8228 31
8229 31
8230 31
8231 31
8232 31
8233 32
8234 30
8235 32
8236 31
8237 30
8238 31
8239 32
8240 31
8241 31
8242 31
8243 31
8244 30
8245 32
8246 31
8247 32
8248 32
8249 32
8250 31
8251 30
8252 31
8253 31
8254 31
8255 31
8256 32
8257 30
8258 31
8259 32
8260 30
8261 31
8262 31
8263 30
8264 31
8265 31
8266 31
8267 32
8268 31
8269 32
8270 31
8271 31
8272 31
8273 31
8274 31
8275 32
8276 31
8277 32
8278 30
8279 31
8280 31
8281 31
8282 31
8283 31
8284 30
8285 31
8286 31
8287 31
8288 31
8289 31
8290 32
8291 31
8292 32
8293 31
8294 30
8295 31
8296 31
8297 32
8298 31
8299 31
8300 31
8301 32
8302 31
8303 31
8304 32
8305 31
8306 32
8307 31
8308 31
8309 31
8310 32
8311 30
8312 31
8313 31
8314 32
8315 31
8316 31
8317 31
8318 31
8319 30
8320 31
8321 31
8322 31
8323 31
8324 32
8325 31
8326 31
8327 31
8328 32
8329 31
8330 31
8331 31
8332 31
8333 31
8334 30
8335 31
8336 30
8337 32
8338 31
8339 32
8340 31
8341 31
8342 31
8343 31
8344 30
8345 31
8346 31
8347 31
8348 31
8349 31
8350 31
8351 31
8352 30
8353 31
8354 30
8355 31
8356 31
8357 31
8358 30
8359 31
8360 30
8361 30
8362 31
8363 30
8364 31
8365 31
8366 31
8367 30
8368 31
8369 31
8370 30
8371 31
8372 31
8373 31
8374 32
8375 30
8376 32
8377 31
8378 31
8379 31
8380 30
8381 31
8382 31
8383 31
8384 31
8385 31
8386 31
8387 32
8388 32
8389 32
8390 31
8391 31
8392 32
8393 32
8394 32
8395 30
8396 31
8397 31
8398 31
8399 32
8400 31
8401 32
8402 31
8403 31
8404 31
8405 31
8406 31
8407 31
8408 31
8409 31
8410 30
8411 31
8412 31
8413 31
8414 30
8415 31
8416 30
8417 31
8418 31
8419 31
8420 31
8421 32
8422 31
8423 32
8424 30
8425 30
8426 31
8427 32
8428 30
8429 32
8430 31
8431 31
8432 31
8433 31
8434 32
8435 31
8436 31
8437 30
8438 31
8439 31
8440 31
8441 31
8442 31
8443 31
8444 30
8445 31
8446 31
8447 31
8448 31
8449 31
8450 31
8451 31
8452 31
8453 31
8454 31
8455 31
8456 31
8457 30
8458 32
8459 31
8460 30
8461 32
8462 31
8463 31
8464 31
8465 31
8466 31
8467 30
8468 31
8469 31
8470 32
8471 31
8472 32
8473 31
8474 31
8475 31
8476 31
8477 31
8478 31
8479 31
8480 31
8481 30
8482 31
8483 31
8484 30
8485 31
8486 31
8487 31
8488 31
8489 32
8490 32
8491 31
8492 30
8493 31
8494 32
8495 30
8496 31
8497 31
8498 31
8499 31
8500 30
8501 31
8502 31
8503 31
8504 31
8505 31
8506 31
8507 31
8508 30
8509 31
8510 31
8511 31
8512 31
8513 31
8514 31
8515 31
8516 30
8517 31
8518 32
8519 32
8520 31
8521 32
8522 31
8523 31
8524 31
8525 31
8526 31
8527 30
8528 31
8529 31
8530 32
8531 32
8532 30
8533 31
8534 31
8535 32
8536 31
8537 32
8538 30
8539 32
8540 31
8541 31
8542 31
8543 31
8544 31
8545 30
8546 31
8547 31
8548 32
8549 31
8550 31
8551 32
8552 31
8553 31
8554 31
8555 31
8556 31
8557 32
8558 31
8559 32
8560 30
8561 31
8562 32
8563 32
8564 30
8565 32
8566 31
8567 30
8568 31
8569 31
8570 32
8571 31
8572 31
8573 32
8574 31
8575 31
8576 31
8577 32
8578 31
8579 31
8580 30
8581 31
8582 31
8583 31
8584 31
8585 30
8586 30
8587 31
8588 31
8589 31
8590 31
8591 31
8592 30
8593 31
8594 31
8595 31
8596 31
8597 31
8598 31
8599 31
8600 31
8601 30
8602 31
8603 31
8604 31
8605 31
8606 31
8607 30
8608 29
8609 30
8610 31
8611 31
8612 31
8613 32
8614 31
8615 30
8616 31
8617 30
8618 31
8619 31
8620 31
8621 32
8622 31
8623 31
8624 31
8625 31
8626 31
8627 31
8628 31
8629 31
8630 31
8631 30
8632 31
8633 31
8634 31
8635 30
8636 31
8637 32
8638 31
8639 31
8640 31
8641 30
8642 30
8643 31
8644 31
8645 32
8646 30
8647 31
8648 32
8649 31
8650 32
8651 31
8652 31
8653 31
8654 31
8655 30
8656 31
8657 31
8658 32
8659 30
8660 31
8661 32
8662 31
8663 30
8664 32
8665 30
8666 31
8667 32
8668 31
8669 31
8670 31
8671 31
8672 31
8673 31
8674 32
8675 32
8676 31
8677 31
8678 30
8679 31
8680 31
8681 31
8682 32
8683 31
8684 31
8685 31
8686 32
8687 31
8688 31
8689 31
8690 32
8691 32
8692 31
8693 31
8694 32
8695 31
8696 31
8697 32
8698 31
8699 30
8700 32
8701 31
8702 32
8703 31
8704 31
8705 32
8706 31
8707 31
8708 31
8709 31
8710 31
8711 31
8712 30
8713 31
8714 30
8715 31
8716 31
8717 31
8718 31
8719 32
8720 31
8721 30
8722 31
8723 31
8724 31
8725 30
8726 31
8727 31
8728 30
8729 31
8730 31
8731 31
8732 31
8733 31
8734 31
8735 32
8736 31
8737 30
8738 30
8739 30
8740 31
8741 31
8742 31
8743 31
8744 31
8745 31
8746 31
8747 31
8748 32
8749 31
8750 32
8751 32
8752 31
8753 31
8754 31
8755 30
8756 31
8757 30
8758 30
8759 31
8760 30
8761 31
8762 32
8763 31
8764 30
8765 31
8766 31
8767 31
8768 32
8769 31
8770 30
8771 31
8772 31
8773 31
8774 31
8775 31
8776 31
8777 31
8778 31
8779 31
8780 31
8781 31
8782 31
8783 31
8784 32
8785 31
8786 31
8787 31
8788 31
8789 32
8790 31
8791 31
8792 32
8793 30
8794 31
8795 31
8796 31
8797 30
8798 30
8799 31
8800 31
8801 30
8802 30
8803 31
8804 31
8805 31
8806 31
8807 30
8808 31
8809 31
8810 31
8811 32
8812 30
8813 30
8814 31
8815 32
8816 32
8817 31
8818 31
8819 30
8820 30
8821 32
8822 31
8823 31
8824 31
8825 31
8826 30
8827 32
8828 32
8829 31
8830 31
8831 31
8832 31
8833 31
8834 31
8835 31
8836 31
8837 31
8838 30
8839 30
8840 32
8841 30
8842 30
8843 30
8844 31
8845 31
8846 30
8847 31
8848 31
8849 31
8850 31
8851 32
8852 31
8853 31
8854 31
8855 31
8856 31
8857 31
8858 32
8859 30
8860 31
8861 30
8862 31
8863 31
8864 32
8865 32
8866 32
8867 31
8868 30
8869 32
8870 31
8871 31
8872 31
8873 31
8874 31
8875 32
8876 31
8877 31
8878 31
8879 31
8880 31
8881 31
8882 31
8883 32
8884 31
8885 31
8886 32
8887 32
8888 31
8889 32
8890 31
8891 30
8892 31
8893 30
8894 31
8895 31
8896 31
8897 31
8898 31
8899 31
8900 31
8901 31
8902 31
8903 31
8904 30
8905 31
8906 31
8907 31
8908 31
8909 31
8910 32
8911 31
8912 32
8913 32
8914 31
8915 31
8916 31
8917 30
8918 31
8919 31
8920 31
8921 31
8922 31
8923 31
8924 31
8925 30
8926 31
8927 31
8928 31
8929 32
8930 31
8931 32
8932 30
8933 30
8934 32
8935 31
8936 32
8937 31
8938 31
8939 31
8940 31
8941 31
8942 31
8943 31
8944 31
8945 32
8946 32
8947 32
8948 31
8949 31
8950 31
8951 31
8952 31
8953 31
8954 31
8955 31
8956 30
8957 31
8958 31
8959 31
8960 30
8961 31
8962 32
8963 30
8964 32
8965 32
8966 31
8967 31
8968 30
8969 32
8970 30
8971 31
8972 31
8973 31
8974 31
8975 30
8976 31
8977 31
8978 31
8979 31
8980 32
8981 31
8982 31
8983 32
8984 32
8985 31
8986 31
8987 31
8988 31
8989 31
8990 31
8991 31
8992 30
8993 31
8994 31
8995 30
8996 31
8997 31
8998 32
8999 31
9000 31
9001 31
9002 31
9003 31
9004 31
9005 31
9006 32
9007 31
9008 31
9009 31
9010 32
9011 32
9012 32
9013 31
9014 31
9015 30
9016 30
9017 32
9018 32
9019 30
9020 31
9021 32
9022 30
9023 31
9024 31
9025 31
9026 30
9027 31
9028 31
9029 31
9030 32
9031 31
9032 31
9033 30
9034 31
9035 30
9036 31
9037 31
9038 31
9039 31
9040 32
9041 31
9042 31
9043 31
9044 30
9045 31
9046 31
9047 32
9048 32
9049 31
9050 31
9051 31
9052 31
9053 31
9054 30
9055 30
9056 31
9057 31
9058 31
9059 31
9060 31
9061 30
9062 31
9063 31
9064 30
9065 31
9066 31
9067 31
9068 30
9069 31
9070 31
9071 31
9072 30
9073 31
9074 31
9075 31
9076 31
9077 32
9078 31
9079 30
9080 31
9081 31
9082 30
9083 32
9084 31
9085 32
9086 31
9087 30
9088 30
9089 31
9090 32
9091 31
9092 31
9093 31
9094 31
9095 30
9096 32
9097 31
9098 31
9099 31
9100 31
9101 32
9102 31
9103 30
9104 31
9105 31
9106 31
9107 31
9108 31
9109 31
9110 31
9111 30
9112 32
9113 31
9114 31
9115 31
9116 32
9117 30
9118 32
9119 31
9120 30
9121 31
9122 31
9123 31
9124 30
9125 30
9126 30
9127 31
9128 31
9129 32
9130 31
9131 31
9132 32
9133 30
9134 31
9135 31
9136 31
9137 31
9138 30
9139 32
9140 31
9141 31
9142 31
9143 30
9144 31
9145 31
9146 30
9147 31
9148 30
9149 31
9150 31
9151 31
9152 31
9153 31
9154 31
9155 32
9156 31
9157 31
9158 31
9159 31
9160 31
9161 31
9162 31
9163 31
9164 30
9165 31
9166 32
9167 31
9168 32
9169 31
9170 31
9171 30
9172 31
9173 31
9174 31
9175 32
9176 31
9177 30
9178 31
9179 31
9180 31
9181 30
9182 31
9183 31
9184 30
9185 31
9186 31
9187 30
9188 32
9189 30
9190 31
9191 31
9192 31
9193 32
9194 31
9195 30
9196 32
9197 31
9198 30
9199 30
9200 31
9201 31
9202 31
9203 31
9204 32
9205 31
9206 30
9207 31
9208 30
9209 30
9210 30
9211 32
9212 32
9213 30
9214 32
9215 30
9216 31
9217 30
9218 31
9219 31
9220 32
9221 31
9222 31
9223 31
9224 30
9225 30
9226 30
9227 30
9228 31
9229 32
9230 32
9231 31
9232 30
9233 32
9234 32
9235 31
9236 30
9237 31
9238 31
9239 31
9240 31
9241 31
9242 31
9243 31
9244 30
9245 31
9246 32
9247 30
9248 31
9249 31
9250 31
9251 32
9252 31
9253 31
9254 30
9255 30
9256 31
9257 31
9258 32
9259 32
9260 30
9261 32
9262 31
9263 30
9264 31
9265 30
9266 31
9267 30
9268 30
9269 31
9270 31
9271 31
9272 30
9273 30
9274 31
9275 31
9276 31
9277 31
9278 30
9279 30
9280 31
9281 31
9282 31
9283 32
9284 30
9285 31
9286 31
9287 31
9288 30
9289 31
9290 32
9291 31
9292 31
9293 31
9294 31
9295 30
9296 31
9297 31
9298 31
9299 31
9300 30
9301 31
9302 31
9303 31
9304 31
9305 31
9306 30
9307 32
9308 31
9309 31
9310 31
9311 31
9312 32
9313 30
9314 31
9315 31
9316 32
9317 31
9318 32
9319 30
9320 31
9321 30
9322 31
9323 32
9324 30
9325 32
9326 31
9327 31
9328 31
9329 31
9330 30
9331 32
9332 31
9333 31
9334 30
9335 31
9336 31
9337 30
9338 32
9339 31
9340 30
9341 32
9342 30
9343 31
9344 32
9345 30
9346 31
9347 31
9348 31
9349 31
9350 31
9351 30
9352 31
9353 31
9354 32
9355 30
9356 31
9357 31
9358 31
9359 32
9360 32
9361 32
9362 32
9363 31
9364 31
9365 30
9366 31
9367 31
9368 31
9369 31
9370 31
9371 31
9372 31
9373 31
9374 32
9375 31
9376 30
9377 31
9378 32
9379 31
9380 31
9381 31
9382 31
9383 32
9384 30
9385 31
9386 32
9387 30
9388 30
9389 32
9390 31
9391 31
9392 31
9393 31
9394 31
9395 31
9396 31
9397 31
9398 30
9399 31
9400 31
9401 31
9402 30
9403 31
9404 31
9405 32
9406 30
9407 31
9408 30
9409 31
9410 32
9411 31
9412 31
9413 32
9414 31
9415 31
9416 32
9417 31
9418 31
9419 31
9420 31
9421 31
9422 32
9423 31
9424 30
9425 31
9426 31
9427 31
9428 31
9429 31
9430 30
9431 32
9432 31
9433 31
9434 31
9435 31
9436 30
9437 31
9438 31
9439 31
9440 31
9441 31
9442 31
9443 31
9444 31
9445 32
9446 30
9447 31
9448 32
9449 32
9450 32
9451 31
9452 32
9453 31
9454 31
9455 32
9456 31
9457 32
9458 31
9459 31
9460 30
9461 31
9462 32
9463 31
9464 31
9465 31
9466 31
9467 31
9468 31
9469 31
9470 30
9471 32
9472 30
9473 31
9474 31
9475 31
9476 32
9477 32
9478 32
9479 31
9480 31
9481 31
9482 32
9483 31
9484 31
9485 32
9486 32
9487 30
9488 31
9489 30
9490 31
9491 31
9492 31
9493 32
9494 31
9495 31
9496 31
9497 30
9498 31
9499 31
9500 32
9501 32
9502 30
9503 31
9504 32
9505 32
9506 31
9507 31
9508 32
9509 31
9510 30
9511 31
9512 31
9513 32
9514 30
9515 31
9516 32
9517 31
9518 31
9519 31
9520 31
9521 31
9522 32
9523 31
9524 31
9525 31
9526 31
9527 32
9528 31
9529 31
9530 31
9531 31
9532 31
9533 31
9534 31
9535 31
9536 32
9537 31
9538 32
9539 31
9540 30
9541 31
9542 30
9543 30
9544 31
9545 31
9546 31
9547 31
9548 31
9549 31
9550 31
9551 32
9552 31
9553 32
9554 32
9555 31
9556 31
9557 31
9558 30
9559 31
9560 30
9561 30
9562 31
9563 31
9564 31
9565 31
9566 31
9567 31
9568 31
9569 32
9570 31
9571 31
9572 32
9573 31
9574 30
9575 31
9576 31
9577 31
9578 31
9579 31
9580 32
9581 31
9582 31
9583 30
9584 31
9585 31
9586 32
9587 31
9588 31
9589 31
9590 31
9591 31
9592 30
9593 31
9594 32
9595 30
9596 32
9597 31
9598 32
9599 30
9600 31
9601 31
9602 31
9603 31
9604 31
9605 32
9606 31
9607 32
9608 30
9609 32
9610 31
9611 31
9612 32
9613 30
9614 32
9615 31
9616 32
9617 30
9618 31
9619 31
9620 31
9621 31
9622 31
9623 29
9624 30
9625 30
9626 31
9627 31
9628 31
9629 30
9630 31
9631 30
9632 30
9633 31
9634 31
9635 30
9636 30
9637 31
9638 30
9639 32
9640 30
9641 31
9642 32
9643 30
9644 30
9645 32
9646 31
9647 31
9648 32
9649 32
9650 31
9651 31
9652 32
9653 31
9654 31
9655 32
9656 31
9657 31
9658 31
9659 32
9660 31
9661 30
9662 30
9663 31
9664 32
9665 31
9666 32
9667 30
9668 31
9669 32
9670 31
9671 31
9672 31
9673 30
9674 30
9675 31
9676 32
9677 30
9678 31
9679 30
9680 32
9681 32
9682 30
9683 31
9684 32
9685 31
9686 31
9687 32
9688 31
9689 32
9690 32
9691 31
9692 31
9693 31
9694 31
9695 30
9696 31
9697 32
9698 31
9699 32
9700 31
9701 31
9702 31
9703 31
9704 30
9705 31
9706 31
9707 31
9708 31
9709 30
9710 31
9711 32
9712 31
9713 31
9714 31
9715 30
9716 31
9717 31
9718 30
9719 30
9720 31
9721 30
9722 31
9723 30
9724 30
9725 31
9726 31
9727 31
9728 30
9729 31
9730 31
9731 31
9732 31
9733 30
9734 31
9735 30
9736 31
9737 31
9738 31
9739 31
9740 30
9741 30
9742 31
9743 31
9744 32
9745 31
9746 31
9747 31
9748 31
9749 30
9750 31
9751 31
9752 30
9753 31
9754 31
9755 30
9756 31
9757 32
9758 31
9759 30
9760 31
9761 31
9762 31
9763 30
9764 31
9765 31
9766 31
9767 30
9768 31
9769 31
9770 31
9771 30
9772 30
9773 31
9774 31
9775 32
9776 31
9777 31
9778 31
9779 31
9780 32
9781 31
9782 31
9783 31
9784 30
9785 32
9786 32
9787 31
9788 32
9789 30
9790 31
9791 31
9792 31
9793 31
9794 31
9795 32
9796 30
9797 31
9798 32
9799 30
9800 32
9801 30
9802 31
9803 31
9804 31
9805 31
9806 31
9807 30
9808 31
9809 31
9810 30
9811 30
9812 31
9813 30
9814 31
9815 31
9816 31
9817 31
9818 31
9819 31
9820 31
9821 31
9822 32
9823 30
9824 31
9825 31
9826 31
9827 32
9828 31
9829 31
9830 31
9831 31
9832 31
9833 31
9834 31
9835 31
9836 30
9837 31
9838 31
9839 31
9840 31
9841 30
9842 30
9843 31
9844 32
9845 30
9846 31
9847 32
9848 31
9849 31
9850 30
9851 31
9852 31
9853 31
9854 31
9855 31
9856 31
9857 31
9858 31
9859 31
9860 32
9861 32
9862 31
9863 32
9864 31
9865 31
9866 31
9867 31
9868 31
9869 30
9870 31
9871 30
9872 31
9873 30
9874 32
9875 31
9876 32
9877 31
9878 31
9879 31
9880 32
9881 31
9882 30
9883 31
9884 31
9885 31
9886 30
9887 31
9888 30
9889 31
9890 31
9891 31
9892 31
9893 31
9894 30
9895 31
9896 30
9897 31
9898 31
9899 31
9900 30
9901 31
9902 31
9903 31
9904 31
9905 30
9906 31
9907 31
9908 31
9909 31
9910 31
9911 31
9912 30
9913 31
9914 31
9915 31
9916 32
9917 30
9918 31
9919 32
9920 31
9921 32
9922 30
9923 31
9924 32
9925 31
9926 31
9927 31
9928 31
9929 32
9930 32
9931 32
9932 30
9933 30
9934 31
9935 32
9936 32
9937 31
9938 31
9939 31
9940 31
9941 31
9942 32
9943 32
9944 31
9945 31
9946 31
9947 30
9948 31
9949 31
9950 32
9951 31
9952 31
9953 30
9954 31
9955 30
9956 31
9957 31
9958 32
9959 31
9960 30
9961 30
9962 31
9963 31
9964 31
9965 31
9966 32
9967 31
9968 31
9969 31
9970 31
9971 31
9972 31
9973 31
9974 30
9975 31
9976 31
9977 30
9978 32
9979 30
9980 32
9981 31
9982 31
9983 31
9984 31
9985 31
9986 31
9987 31
9988 32
9989 32
9990 30
9991 31
9992 30
9993 31
9994 31
9995 32
9996 31
9997 32
9998 31
9999 32
10000 31
10001 30
10002 31
10003 31
10004 31
10005 31
10006 31
10007 31
10008 31
10009 32
10010 30
10011 32
10012 31
10013 29
10014 31
10015 31
10016 31
10017 31
10018 31
10019 31
10020 31
10021 30
10022 32
10023 31
10024 31
10025 31
10026 31
10027 30
10028 31
10029 30
10030 31
10031 31
10032 31
10033 32
10034 31
10035 31
10036 31
10037 31
10038 32
10039 32
10040 31
10041 32
10042 31
10043 31
10044 32
10045 31
10046 31
10047 31
10048 32
10049 30
10050 31
10051 31
10052 31
10053 31
10054 32
10055 32
10056 31
10057 30
10058 30
10059 31
10060 31
10061 31
10062 31
10063 31
10064 31
10065 30
10066 31
10067 31
10068 31
10069 31
10070 31
10071 31
10072 31
10073 31
10074 31
10075 31
10076 32
10077 31
10078 31
10079 31
10080 30
10081 31
10082 31
10083 32
10084 31
10085 31
10086 32
10087 30
10088 31
10089 30
10090 31
10091 31
10092 30
10093 30
10094 31
10095 30
10096 30
10097 31
10098 31
10099 31
10100 31
10101 31
10102 32
10103 31
10104 32
10105 30
10106 32
10107 30
10108 31
10109 30
10110 31
10111 31
10112 31
10113 31
10114 30
10115 32
10116 30
10117 31
10118 31
10119 31
10120 31
10121 32
10122 32
10123 30
10124 31
10125 30
10126 31
10127 30
10128 30
10129 31
10130 31
10131 31
10132 31
10133 32
10134 32
10135 31
10136 31
10137 32
10138 31
10139 31
10140 31
10141 32
10142 31
10143 32
10144 32
10145 30
10146 31
10147 32
10148 31
10149 31
10150 30
10151 31
10152 30
10153 31
10154 31
10155 31
10156 31
10157 30
10158 31
10159 31
10160 31
10161 31
10162 31
10163 31
10164 30
10165 31
10166 31
10167 31
10168 31
10169 31
10170 31
10171 32
10172 31
10173 30
10174 31
10175 31
10176 32
10177 31
10178 31
10179 31
10180 32
10181 31
10182 31
10183 30
10184 31
10185 30
10186 31
10187 31
10188 31
10189 32
10190 31
10191 31
10192 30
10193 29
10194 30
10195 30
10196 31
10197 32
10198 31
10199 31
10200 31
10201 31
10202 31
10203 31
10204 31
10205 31
10206 31
10207 32
10208 31
10209 31
10210 30
10211 30
10212 30
10213 31
10214 30
10215 32
10216 29
10217 30
10218 32
10219 32
10220 30
10221 31
10222 32
10223 31
10224 32
10225 30
10226 31
10227 31
10228 31
10229 30
10230 31
10231 31
10232 31
10233 31
10234 31
10235 31
10236 31
10237 31
10238 31
10239 32
10240 31
10241 30
10242 31
10243 31
10244 32
10245 30
10246 30
10247 31
10248 31
10249 31
10250 31
10251 31
10252 31
10253 31
10254 31
10255 31
10256 32
10257 32
10258 30
10259 31
10260 31
10261 31
10262 32
10263 31
10264 30
10265 30
10266 31
10267 32
10268 31
10269 31
10270 31
10271 31
10272 31
10273 31
10274 30
10275 30
10276 31
10277 31
10278 30
10279 31
10280 31
10281 31
10282 31
10283 31
10284 31
10285 32
10286 31
10287 31
10288 31
10289 31
10290 32
10291 31
10292 31
10293 30
10294 31
10295 30
10296 31
10297 32
10298 31
10299 31
10300 31
10301 31
10302 31
10303 32
10304 31
10305 32
10306 31
10307 31
10308 31
10309 31
10310 31
10311 31
10312 30
10313 31
10314 30
10315 32
10316 31
10317 31
10318 31
10319 31
10320 31
10321 31
10322 32
10323 31
10324 31
10325 31
10326 31
10327 32
10328 31
10329 32
10330 31
10331 31
10332 31
10333 31
10334 32
10335 31
10336 31
10337 31
10338 31
10339 31
10340 32
10341 32
10342 32
10343 31
10344 31
10345 31
10346 32
10347 31
10348 30
10349 32
10350 31
10351 31
10352 31
10353 32
10354 31
10355 31
10356 31
10357 31
10358 30
10359 31
10360 31
10361 31
10362 31
10363 32
10364 31
10365 31
10366 31
10367 31
10368 32
10369 31
10370 30
10371 31
10372 32
10373 29
10374 31
10375 32
10376 31
10377 31
10378 31
10379 31
10380 32
10381 30
10382 31
10383 31
10384 31
10385 30
10386 31
10387 31
10388 30
10389 30
10390 31
10391 31
10392 31
10393 31
10394 30
10395 32
10396 31
10397 32
10398 31
10399 31
10400 30
10401 32
10402 30
10403 32
10404 31
10405 30
10406 31
10407 31
10408 31
10409 31
10410 32
10411 31
10412 30
10413 31
10414 30
10415 32
10416 30
10417 31
10418 31
10419 31
10420 32
10421 31
10422 30
10423 30
10424 31
10425 31
10426 31
10427 31
10428 31
10429 32
10430 31
10431 31
10432 32
10433 31
10434 31
10435 30
10436 31
10437 31
10438 31
10439 32
10440 32
10441 31
10442 30
10443 31
10444 31
10445 31
10446 31
10447 31
10448 30
10449 31
10450 31
10451 30
10452 32
10453 31
10454 31
10455 30
10456 31
10457 31
10458 31
10459 31
10460 31
10461 31
10462 31
10463 31
10464 32
10465 31
10466 32
10467 31
10468 31
10469 30
10470 31
10471 31
10472 30
10473 31
10474 31
10475 31
10476 31
10477 32
10478 31
10479 31
10480 31
10481 30
10482 30
10483 31
10484 32
10485 32
10486 31
10487 32
10488 31
10489 31
10490 32
10491 31
10492 32
10493 31
10494 30
10495 31
10496 31
10497 30
10498 31
10499 31
10500 31
10501 31
10502 30
10503 31
10504 31
10505 32
10506 31
10507 31
10508 31
10509 31
10510 31
10511 31
10512 31
10513 30
10514 31
10515 30
10516 30
10517 31
10518 31
10519 31
10520 31
10521 31
10522 30
10523 31
10524 30
10525 31
10526 31
10527 31
10528 30
10529 31
10530 31
10531 31
10532 32
10533 31
10534 31
10535 31
10536 31
10537 30
10538 31
10539 31
10540 31
10541 31
10542 32
10543 31
10544 31
10545 31
10546 32
10547 32
10548 31
10549 31
10550 32
10551 31
10552 32
10553 30
10554 31
10555 31
10556 31
10557 31
10558 31
10559 32
