Polymer_Index N_1
0 29
1 30
2 30
3 30
4 29
5 30
6 31
7 30
8 30
9 31
10 31
11 30
12 31
13 30
14 31
15 30
16 29
17 31
18 30
19 30
20 30
21 30
22 31
23 31
24 31
25 30
26 30
27 31
28 31
29 30
30 29
31 29
32 29
33 30
34 30
35 31
36 31
37 30
38 30
39 31
40 30
41 31
42 31
43 31
44 30
45 31
46 30
47 30
48 30
49 30
50 31
51 29
52 30
53 31
54 30
55 30
56 30
57 31
58 31
59 30
60 30
61 29
62 30
63 30
64 30
65 31
66 29
67 30
68 30
69 31
70 30
71 31
72 30
73 30
74 31
75 30
76 30
77 30
78 31
79 30
80 29
81 30
82 30
83 31
84 31
85 29
86 30
87 30
88 30
89 30
90 30
91 31
92 30
93 30
94 31
95 30
96 30
97 31
98 29
99 29
100 29
101 30
102 29
103 30
104 30
105 30
106 30
107 30
108 31
109 30
110 30
111 29
112 30
113 30
114 31
115 31
116 30
117 30
118 31
119 30
120 30
121 31
122 30
123 30
124 29
125 30
126 31
127 30
128 29
129 29
130 30
131 29
132 31
133 31
134 30
135 30
136 30
137 30
138 30
139 30
140 30
141 30
142 30
143 30
144 30
145 30
146 30
147 29
148 31
149 30
150 30
151 29
152 31
153 30
154 29
155 30
156 31
157 31
158 29
159 30
160 30
161 30
162 29
163 30
164 30
165 30
166 31
167 30
168 30
169 30
170 29
171 30
172 31
173 29
174 30
175 30
176 31
177 30
178 30
179 30
180 30
181 30
182 31
183 31
184 30
185 30
186 29
187 31
188 31
189 30
190 29
191 30
192 30
193 30
194 31
195 29
196 30
197 31
198 30
199 31
200 30
201 31
202 30
203 30
204 30
205 31
206 30
207 30
208 29
209 30
210 30
211 30
212 30
213 30
214 30
215 30
216 30
217 29
218 30
219 30
220 30
221 31
222 30
223 30
224 30
225 30
226 29
227 30
228 30
229 30
230 29
231 29
232 30
233 31
234 30
235 30
236 30
237 30
238 31
239 31
240 30
241 30
242 30
243 31
244 31
245 31
246 31
247 30
248 30
249 29
250 30
251 29
252 30
253 30
254 30
255 30
256 31
257 30
258 30
259 30
260 30
261 30
262 30
263 30
264 30
265 29
266 30
267 31
268 31
269 30
270 30
271 31
272 30
273 29
274 30
275 30
276 30
277 29
278 30
279 30
280 31
281 30
282 31
283 31
284 30
285 30
286 29
287 29
288 30
289 30
290 31
291 30
292 31
293 30
294 31
295 30
296 30
297 31
298 30
299 29
300 30
301 30
302 30
303 30
304 30
305 30
306 30
307 30
308 30
309 30
310 31
311 30
312 30
313 29
314 31
315 30
316 30
317 30
318 30
319 30
320 30
321 30
322 30
323 30
324 29
325 31
326 30
327 31
328 30
329 30
330 30
331 30
332 31
333 30
334 29
335 30
336 31
337 29
338 30
339 31
340 30
341 30
342 31
343 30
344 29
345 30
346 30
347 30
348 30
349 30
350 31
351 29
352 29
353 30
354 30
355 29
356 30
357 30
358 30
359 31
360 30
361 29
362 31
363 30
364 31
365 30
366 31
367 31
368 30
369 30
370 30
371 29
372 31
373 30
374 31
375 29
376 29
377 30
378 30
379 30
380 31
381 31
382 30
383 31
384 30
385 30
386 31
387 31
388 30
389 31
390 30
391 30
392 30
393 30
394 30
395 30
396 30
397 30
398 31
399 30
400 31
401 29
402 30
403 30
404 29
405 31
406 31
407 30
408 31
409 30
410 30
411 30
412 30
413 31
414 30
415 30
416 30
417 30
418 31
419 30
420 30
421 29
422 31
423 30
424 30
425 31
426 30
427 31
428 30
429 31
430 31
431 29
432 31
433 30
434 31
435 30
436 29
437 30
438 31
439 30
440 30
441 30
442 31
443 30
444 30
445 30
446 31
447 31
448 30
449 29
450 30
451 28
452 29
453 30
454 30
455 31
456 30
457 29
458 30
459 31
460 31
461 30
462 31
463 30
464 31
465 30
466 29
467 29
468 31
469 30
470 30
471 31
472 30
473 30
474 31
475 30
476 29
477 30
478 31
479 30
480 29
481 30
482 31
483 30
484 30
485 30
486 30
487 31
488 30
489 31
490 29
491 30
492 31
493 31
494 29
495 30
496 30
497 29
498 30
499 30
500 29
501 30
502 30
503 30
504 30
505 30
506 30
507 30
508 30
509 30
510 30
511 30
512 30
513 30
514 31
515 30
516 30
517 29
518 30
519 31
520 30
521 30
522 30
523 31
524 30
525 29
526 29
527 29
528 30
529 30
530 30
531 30
532 30
533 30
534 30
535 30
536 30
537 30
538 30
539 30
540 30
541 30
542 30
543 29
544 30
545 31
546 31
547 30
548 30
549 30
550 29
551 30
552 29
553 30
554 30
555 30
556 31
557 31
558 31
559 30
560 31
561 30
562 29
563 30
564 30
565 30
566 29
567 30
568 30
569 31
570 29
571 29
572 30
573 30
574 29
575 30
576 29
577 29
578 30
579 30
580 31
581 29
582 29
583 30
584 30
585 30
586 31
587 30
588 29
589 30
590 30
591 30
592 29
593 30
594 31
595 30
596 30
597 30
598 30
599 30
600 30
601 31
602 30
603 30
604 31
605 31
606 31
607 30
608 30
609 30
610 31
611 30
612 31
613 30
614 30
615 30
616 29
617 29
618 30
619 31
620 30
621 30
622 30
623 30
624 30
625 30
626 29
627 30
628 29
629 29
630 30
631 31
632 31
633 30
634 30
635 30
636 30
637 30
638 30
639 31
640 31
641 30
642 31
643 30
644 29
645 30
646 31
647 30
648 30
649 30
650 30
651 29
652 30
653 30
654 30
655 30
656 29
657 31
658 29
659 30
660 30
661 30
662 30
663 30
664 31
665 30
666 30
667 30
668 30
669 30
670 30
671 31
672 30
673 30
674 30
675 29
676 30
677 31
678 29
679 30
680 30
681 31
682 31
683 31
684 30
685 31
686 29
687 30
688 29
689 30
690 29
691 30
692 30
693 30
694 30
695 30
696 30
697 30
698 30
699 30
700 30
701 29
702 30
703 30
704 30
705 30
706 31
707 30
708 29
709 29
710 30
711 30
712 30
713 30
714 30
715 31
716 30
717 30
718 30
719 31
720 30
721 31
722 30
723 30
724 30
725 30
726 31
727 30
728 30
729 29
730 30
731 31
732 31
733 30
734 29
735 30
736 30
737 31
738 29
739 30
740 31
741 30
742 30
743 30
744 30
745 30
746 30
747 30
748 31
749 31
750 31
751 31
752 30
753 31
754 31
755 30
756 30
757 30
758 30
759 30
760 31
761 30
762 30
763 31
764 30
765 30
766 30
767 30
768 31
769 30
770 30
771 30
772 30
773 30
774 30
775 30
776 31
777 30
778 30
779 30
780 29
781 30
782 29
783 31
784 30
785 30
786 29
787 30
788 30
789 29
790 30
791 30
792 30
793 29
794 31
795 30
796 29
797 29
798 29
799 30
800 30
801 31
802 30
803 30
804 30
805 30
806 30
807 30
808 31
809 31
810 30
811 30
812 30
813 29
814 29
815 30
816 29
817 30
818 30
819 31
820 30
821 30
822 30
823 30
824 30
825 30
826 31
827 30
828 30
829 29
830 30
831 30
832 30
833 29
834 30
835 30
836 30
837 30
838 30
839 31
840 30
841 30
842 30
843 31
844 29
845 30
846 31
847 30
848 30
849 30
850 30
851 30
852 30
853 30
854 29
855 30
856 30
857 30
858 30
859 30
860 30
861 30
862 30
863 30
864 30
865 30
866 30
867 30
868 30
869 30
870 30
871 30
872 30
873 30
874 30
875 30
876 31
877 31
878 30
879 30
880 30
881 30
882 31
883 31
884 30
885 30
886 30
887 30
888 29
889 30
890 30
891 29
892 31
893 30
894 30
895 29
896 30
897 30
898 30
899 30
900 29
901 31
902 30
903 30
904 30
905 30
906 30
907 30
908 29
909 31
910 30
911 31
912 30
913 30
914 31
915 30
916 30
917 29
918 30
919 31
920 30
921 30
922 30
923 31
924 30
925 31
926 30
927 31
928 31
929 30
930 30
931 29
932 30
933 30
934 30
935 31
936 30
937 29
938 31
939 29
940 30
941 31
942 30
943 29
944 31
945 30
946 30
947 30
948 30
949 31
950 31
951 30
952 30
953 30
954 29
955 31
956 30
957 30
958 29
959 30
960 30
961 30
962 30
963 31
964 30
965 30
966 31
967 31
968 30
969 31
970 31
971 30
972 30
973 30
974 30
975 30
976 29
977 30
978 30
979 30
980 30
981 30
982 31
983 29
984 30
985 30
986 30
987 30
988 30
989 30
990 30
991 29
992 30
993 30
994 30
995 30
996 31
997 31
998 30
999 30
1000 30
1001 30
1002 29
1003 31
1004 30
1005 30
1006 31
1007 29
1008 30
1009 30
1010 31
1011 30
1012 29
1013 29
1014 30
1015 30
1016 30
1017 30
1018 30
1019 31
1020 30
1021 29
1022 30
1023 31
1024 30
1025 31
1026 29
1027 30
1028 30
1029 31
1030 31
1031 30
1032 30
1033 30
1034 30
1035 31
1036 30
1037 31
1038 31
1039 30
1040 31
1041 29
1042 30
1043 29
1044 31
1045 29
1046 30
1047 30
1048 31
1049 30
1050 30
1051 30
1052 30
1053 31
1054 30
1055 30
1056 31
1057 30
1058 31
1059 30
1060 30
1061 31
1062 30
1063 29
1064 29
1065 29
1066 30
1067 29
1068 30
1069 31
1070 30
1071 30
1072 30
1073 30
1074 30
1075 30
1076 31
1077 30
1078 30
1079 30
1080 30
1081 31
1082 30
1083 30
1084 31
1085 31
1086 30
1087 30
1088 31
1089 30
1090 29
1091 29
1092 29
1093 31
1094 31
1095 30
1096 28
1097 30
1098 30
1099 30
1100 30
1101 30
1102 30
1103 30
1104 30
1105 30
1106 30
1107 30
1108 30
1109 30
1110 30
1111 30
1112 30
1113 29
1114 30
1115 30
1116 30
1117 31
1118 30
1119 29
1120 30
1121 30
1122 31
1123 30
1124 30
1125 30
1126 31
1127 29
1128 30
1129 30
1130 31
1131 31
1132 31
1133 30
1134 30
1135 30
1136 29
1137 30
1138 31
1139 30
1140 30
1141 31
1142 31
1143 30
1144 29
1145 30
1146 31
1147 30
1148 30
1149 29
1150 30
1151 29
1152 30
1153 30
1154 30
1155 30
1156 30
1157 29
1158 30
1159 29
1160 29
1161 31
1162 30
1163 29
1164 30
1165 30
1166 30
1167 29
1168 30
1169 31
1170 30
1171 31
1172 30
1173 30
1174 31
1175 30
1176 30
1177 30
1178 30
1179 30
1180 31
1181 31
1182 30
1183 30
1184 30
1185 30
1186 31
1187 29
1188 30
1189 30
1190 29
1191 30
1192 30
1193 30
1194 31
1195 30
1196 30
1197 31
1198 29
1199 30
1200 30
1201 30
1202 30
1203 30
1204 31
1205 30
1206 30
1207 30
1208 29
1209 29
1210 30
1211 30
1212 31
1213 30
1214 30
1215 30
1216 30
1217 31
1218 31
1219 31
1220 29
1221 30
1222 31
1223 30
1224 30
1225 30
1226 30
1227 29
1228 29
1229 31
1230 31
1231 30
1232 30
1233 30
1234 30
1235 31
1236 30
1237 31
1238 30
1239 30
1240 30
1241 29
1242 30
1243 29
1244 30
1245 30
1246 30
1247 30
1248 30
1249 30
1250 30
1251 31
1252 30
1253 30
1254 31
1255 31
1256 30
1257 29
1258 30
1259 31
1260 30
1261 30
1262 30
1263 29
1264 31
1265 30
1266 30
1267 30
1268 30
1269 30
1270 30
1271 29
1272 30
1273 31
1274 30
1275 29
1276 30
1277 31
1278 30
1279 29
1280 30
1281 30
1282 30
1283 29
1284 29
1285 31
1286 31
1287 30
1288 30
1289 30
1290 31
1291 31
1292 29
1293 29
1294 30
1295 30
1296 30
1297 30
1298 31
1299 30
1300 30
1301 31
1302 31
1303 30
1304 30
1305 31
1306 30
1307 30
1308 30
1309 30
1310 30
1311 29
1312 31
1313 30
1314 30
1315 30
1316 30
1317 30
1318 30
1319 30
1320 30
1321 30
1322 30
1323 30
1324 30
1325 30
1326 30
1327 30
1328 30
1329 30
1330 30
1331 31
1332 30
1333 30
1334 30
1335 29
1336 29
1337 30
1338 30
1339 30
1340 30
1341 29
1342 30
1343 30
1344 31
1345 29
1346 30
1347 30
1348 30
1349 30
1350 30
1351 30
1352 30
1353 29
1354 30
1355 31
1356 30
1357 30
1358 30
1359 31
1360 30
1361 31
1362 30
1363 30
1364 31
1365 31
1366 29
1367 30
1368 30
1369 31
1370 30
1371 29
1372 29
1373 31
1374 31
1375 30
1376 31
1377 30
1378 30
1379 30
1380 30
1381 30
1382 31
1383 30
1384 31
1385 30
1386 29
1387 31
1388 30
1389 30
1390 30
1391 30
1392 30
1393 29
1394 31
1395 29
1396 30
1397 29
1398 30
1399 30
1400 29
1401 30
1402 31
1403 30
1404 30
1405 31
1406 29
1407 29
1408 30
1409 30
1410 30
1411 30
1412 30
1413 30
1414 31
1415 30
1416 31
1417 29
1418 30
1419 30
1420 30
1421 30
1422 31
1423 29
1424 30
1425 30
1426 30
1427 30
1428 31
1429 29
1430 31
1431 30
1432 30
1433 31
1434 30
1435 29
1436 31
1437 31
1438 30
1439 30
1440 30
1441 30
1442 29
1443 29
1444 31
1445 31
1446 31
1447 30
1448 30
1449 30
1450 30
1451 29
1452 29
1453 30
1454 30
1455 30
1456 30
1457 29
1458 30
1459 31
1460 30
1461 30
1462 30
1463 30
1464 30
1465 30
1466 30
1467 30
1468 30
1469 31
1470 30
1471 31
1472 30
1473 30
1474 30
1475 30
1476 30
1477 31
1478 30
1479 30
1480 31
1481 30
1482 29
1483 31
1484 30
1485 30
1486 31
1487 30
1488 29
1489 30
1490 30
1491 30
1492 30
1493 31
1494 29
1495 30
1496 30
1497 30
1498 30
1499 29
1500 30
1501 31
1502 30
1503 31
1504 29
1505 31
1506 30
1507 30
1508 30
1509 30
1510 30
1511 29
1512 30
1513 30
1514 31
1515 30
1516 30
1517 30
1518 30
1519 30
1520 29
1521 30
1522 31
1523 30
1524 30
1525 30
1526 31
1527 29
1528 30
1529 30
1530 31
1531 30
1532 30
1533 30
1534 29
1535 30
1536 30
1537 30
1538 30
1539 31
1540 30
1541 31
1542 31
1543 30
1544 30
1545 30
1546 30
1547 31
1548 30
1549 30
1550 30
1551 30
1552 30
1553 31
1554 30
1555 30
1556 30
1557 30
1558 30
1559 30
1560 31
1561 30
1562 30
1563 30
1564 30
1565 30
1566 31
1567 30
1568 31
1569 30
1570 30
1571 30
1572 29
1573 30
1574 30
1575 30
1576 30
1577 31
1578 30
1579 31
1580 29
1581 30
1582 30
1583 30
1584 31
1585 30
1586 31
1587 30
1588 31
1589 30
1590 30
1591 31
1592 30
1593 31
1594 30
1595 29
1596 30
1597 29
1598 28
1599 29
1600 30
1601 30
1602 30
1603 30
1604 30
1605 30
1606 31
1607 31
1608 30
1609 30
1610 30
1611 29
1612 31
1613 30
1614 30
1615 30
1616 31
1617 31
1618 31
1619 29
1620 31
1621 30
1622 30
1623 30
1624 30
1625 30
1626 31
1627 30
1628 31
1629 29
1630 31
1631 30
1632 31
1633 30
1634 30
1635 31
1636 31
1637 29
1638 29
1639 31
1640 30
1641 30
1642 31
1643 31
1644 30
1645 30
1646 31
1647 31
1648 30
1649 30
1650 30
1651 30
1652 31
1653 30
1654 30
1655 30
1656 30
1657 30
1658 30
1659 30
1660 30
1661 29
1662 31
1663 30
1664 29
1665 30
1666 29
1667 30
1668 31
1669 30
1670 31
1671 31
1672 30
1673 30
1674 30
1675 30
1676 30
1677 31
1678 30
1679 30
1680 30
1681 30
1682 30
1683 31
1684 31
1685 31
1686 31
1687 30
1688 30
1689 31
1690 30
1691 30
1692 30
1693 29
1694 31
1695 30
1696 29
1697 30
1698 29
1699 30
1700 30
1701 30
1702 31
1703 31
1704 31
1705 30
1706 30
1707 30
1708 29
1709 29
1710 30
1711 30
1712 29
1713 29
1714 30
1715 30
1716 30
1717 29
1718 31
1719 30
1720 30
1721 30
1722 30
1723 31
1724 30
1725 30
1726 30
1727 31
1728 30
1729 30
1730 30
1731 30
1732 30
1733 30
1734 30
1735 30
1736 31
1737 30
1738 30
1739 29
1740 31
1741 30
1742 31
1743 29
1744 30
1745 30
1746 29
1747 31
1748 30
1749 30
1750 30
1751 31
1752 31
1753 30
1754 30
1755 30
1756 30
1757 30
1758 30
1759 30
1760 31
1761 30
1762 30
1763 30
1764 31
1765 31
1766 30
1767 30
1768 30
1769 30
1770 30
1771 31
1772 30
1773 30
1774 30
1775 29
1776 30
1777 30
1778 30
1779 30
1780 29
1781 29
1782 30
1783 30
1784 30
1785 30
1786 30
1787 30
1788 30
1789 31
1790 30
1791 30
1792 31
1793 29
1794 29
1795 30
1796 30
1797 30
1798 31
1799 30
1800 29
1801 30
1802 30
1803 31
1804 30
1805 31
1806 30
1807 30
1808 30
1809 29
1810 31
1811 30
1812 30
1813 30
1814 30
1815 29
1816 30
1817 30
1818 30
1819 31
1820 30
1821 29
1822 30
1823 30
1824 30
1825 30
1826 30
1827 30
1828 30
1829 30
1830 30
1831 30
1832 30
1833 31
1834 30
1835 30
1836 30
1837 30
1838 30
1839 30
1840 30
1841 29
1842 30
1843 30
1844 30
1845 31
1846 30
1847 31
1848 31
1849 31
1850 31
1851 31
1852 31
1853 31
1854 30
1855 30
1856 30
1857 30
1858 30
1859 30
1860 31
1861 30
1862 30
1863 29
1864 29
1865 30
1866 30
1867 31
1868 29
1869 31
1870 30
1871 30
1872 31
1873 30
1874 30
1875 31
1876 30
1877 30
1878 30
1879 29
1880 30
1881 30
1882 30
1883 30
1884 31
1885 29
1886 30
1887 30
1888 30
1889 30
1890 29
1891 30
1892 30
1893 31
1894 30
1895 30
1896 30
1897 29
1898 30
1899 30
1900 30
1901 31
1902 30
1903 30
1904 31
1905 30
1906 30
1907 29
1908 29
1909 30
1910 30
1911 31
1912 30
1913 30
1914 29
1915 30
1916 31
1917 30
1918 31
1919 31
1920 30
1921 30
1922 30
1923 31
1924 31
1925 30
1926 30
1927 31
1928 30
1929 30
1930 30
1931 30
1932 30
1933 29
1934 29
1935 31
1936 30
1937 30
1938 29
1939 30
1940 30
1941 29
1942 30
1943 31
1944 30
1945 29
1946 31
1947 30
1948 30
1949 30
1950 30
1951 31
1952 30
1953 31
1954 30
1955 29
1956 30
1957 31
1958 30
1959 30
1960 31
1961 31
1962 29
1963 30
1964 30
1965 31
1966 31
1967 31
1968 31
1969 30
1970 30
1971 30
1972 30
1973 30
1974 30
1975 29
1976 30
1977 31
1978 30
1979 30
1980 30
1981 30
1982 30
1983 31
1984 30
1985 30
1986 30
1987 31
1988 30
1989 31
1990 30
1991 30
1992 30
1993 30
1994 31
1995 30
1996 30
1997 31
1998 30
1999 30
2000 30
2001 30
2002 31
2003 30
2004 31
2005 30
2006 30
2007 30
2008 30
2009 31
2010 30
2011 31
2012 31
2013 30
2014 30
2015 30
2016 30
2017 30
2018 31
2019 30
2020 30
2021 30
2022 30
2023 30
2024 31
2025 30
2026 30
2027 30
2028 30
2029 30
2030 30
2031 30
2032 31
2033 31
2034 29
2035 31
2036 30
2037 31
2038 30
2039 30
2040 31
2041 30
2042 29
2043 30
2044 30
2045 30
2046 30
2047 31
2048 30
2049 30
2050 30
2051 30
2052 30
2053 30
2054 30
2055 31
2056 31
2057 30
2058 30
2059 31
2060 30
2061 30
2062 31
2063 30
2064 31
2065 30
2066 30
2067 30
2068 30
2069 30
2070 31
2071 30
2072 30
2073 30
2074 31
2075 30
2076 30
2077 29
2078 30
2079 30
2080 30
2081 30
2082 30
2083 30
2084 30
2085 31
2086 29
2087 30
2088 30
2089 29
2090 30
2091 30
2092 30
2093 30
2094 30
2095 30
2096 29
2097 29
2098 30
2099 29
2100 30
2101 30
2102 30
2103 30
2104 30
2105 30
2106 29
2107 30
2108 30
2109 30
2110 30
2111 30
2112 30
2113 31
2114 30
2115 30
2116 31
2117 29
2118 30
2119 30
2120 30
2121 31
2122 30
2123 31
2124 30
2125 29
2126 29
2127 31
2128 30
2129 30
2130 31
2131 30
2132 29
2133 30
2134 30
2135 29
2136 30
2137 30
2138 31
2139 30
2140 30
2141 30
2142 30
2143 30
2144 30
2145 30
2146 30
2147 30
2148 30
2149 29
2150 30
2151 30
2152 30
2153 29
2154 31
2155 30
2156 30
2157 31
2158 29
2159 30
2160 29
2161 30
2162 29
2163 30
2164 30
2165 30
2166 31
2167 31
2168 31
2169 30
2170 31
2171 29
2172 30
2173 30
2174 30
2175 30
2176 30
2177 30
2178 30
2179 30
2180 30
2181 30
2182 29
2183 30
2184 30
2185 30
2186 31
2187 30
2188 29
2189 30
2190 30
2191 30
2192 30
2193 31
2194 31
2195 30
2196 31
2197 29
2198 30
2199 29
2200 29
2201 31
2202 30
2203 30
2204 30
2205 31
2206 30
2207 30
2208 30
2209 31
2210 30
2211 30
2212 30
2213 30
2214 30
2215 30
2216 30
2217 31
2218 30
2219 30
2220 30
2221 31
2222 29
2223 31
2224 30
2225 30
2226 30
2227 30
2228 30
2229 30
2230 30
2231 30
2232 30
2233 29
2234 30
2235 30
2236 31
2237 30
2238 29
2239 30
2240 30
2241 31
2242 31
2243 30
2244 30
2245 30
2246 30
2247 30
2248 29
2249 30
2250 30
2251 31
2252 30
2253 30
2254 30
2255 30
2256 30
2257 29
2258 30
2259 30
2260 30
2261 31
2262 30
2263 30
2264 30
2265 30
2266 30
2267 30
2268 30
2269 30
2270 29
2271 30
2272 30
2273 30
2274 31
2275 31
2276 31
2277 30
2278 30
2279 29
2280 30
2281 31
2282 30
2283 30
2284 29
2285 30
2286 30
2287 30
2288 30
2289 29
2290 30
2291 31
2292 30
2293 30
2294 30
2295 29
2296 30
2297 30
2298 30
2299 31
2300 30
2301 30
2302 31
2303 30
2304 30
2305 30
2306 31
2307 30
2308 30
2309 30
2310 31
2311 29
2312 29
2313 30
2314 30
2315 30
2316 31
2317 30
2318 30
2319 30
2320 30
2321 30
2322 29
2323 30
2324 30
2325 30
2326 30
2327 30
2328 30
2329 30
2330 29
2331 30
2332 29
2333 30
2334 29
2335 29
2336 31
2337 30
2338 30
2339 31
2340 30
2341 29
2342 30
2343 29
2344 30
2345 29
2346 30
2347 29
2348 29
2349 30
2350 31
2351 30
2352 30
2353 30
2354 31
2355 30
2356 30
2357 31
2358 31
2359 30
2360 30
2361 30
2362 31
2363 31
2364 30
2365 31
2366 30
2367 30
2368 30
2369 30
2370 29
2371 31
2372 31
2373 30
2374 30
2375 31
2376 30
2377 31
2378 31
2379 31
2380 30
2381 30
2382 29
2383 31
2384 30
2385 29
2386 30
2387 30
2388 30
2389 30
2390 31
2391 30
2392 30
2393 30
2394 30
2395 31
2396 31
2397 30
2398 30
2399 30
2400 29
2401 30
2402 30
2403 30
2404 30
2405 30
2406 31
2407 30
2408 30
2409 31
2410 29
2411 29
2412 30
2413 30
2414 30
2415 31
2416 31
2417 31
2418 29
2419 31
2420 30
2421 29
2422 30
2423 30
2424 30
2425 29
2426 30
2427 29
2428 31
2429 30
2430 30
2431 29
2432 30
2433 31
2434 30
2435 30
2436 30
2437 30
2438 30
2439 30
2440 30
2441 30
2442 29
2443 30
2444 30
2445 31
2446 30
2447 29
2448 30
2449 31
2450 30
2451 30
2452 29
2453 30
2454 30
2455 30
2456 30
2457 31
2458 29
2459 30
2460 31
2461 31
2462 29
2463 30
2464 30
2465 30
2466 30
2467 31
2468 31
2469 30
2470 30
2471 30
2472 30
2473 30
2474 30
2475 30
2476 31
2477 31
2478 30
2479 30
2480 30
2481 29
2482 29
2483 30
2484 31
2485 30
2486 31
2487 29
2488 30
2489 30
2490 30
2491 29
2492 30
2493 30
2494 30
2495 30
2496 31
2497 29
2498 29
2499 30
2500 31
2501 30
2502 30
2503 31
2504 30
2505 30
2506 31
2507 30
2508 30
2509 31
2510 30
2511 31
2512 31
2513 30
2514 29
2515 30
2516 30
2517 30
2518 31
2519 30
2520 29
2521 30
2522 30
2523 30
2524 30
2525 31
2526 30
2527 31
2528 30
2529 31
2530 29
2531 30
2532 30
2533 31
2534 30
2535 30
2536 30
2537 31
2538 30
2539 30
2540 30
2541 30
2542 30
2543 29
2544 30
2545 30
2546 29
2547 31
2548 30
2549 30
2550 28
2551 30
2552 30
2553 30
2554 30
2555 29
2556 31
2557 30
2558 30
2559 31
2560 30
2561 30
2562 30
2563 30
2564 29
2565 30
2566 30
2567 30
2568 30
2569 29
2570 30
2571 29
2572 29
2573 30
2574 30
2575 31
2576 31
2577 31
2578 30
2579 30
2580 30
2581 30
2582 30
2583 29
2584 30
2585 31
2586 30
2587 30
2588 30
2589 31
2590 29
2591 30
2592 30
2593 29
2594 30
2595 30
2596 31
2597 30
2598 30
2599 30
2600 31
2601 30
2602 30
2603 30
2604 30
2605 30
2606 30
2607 30
2608 30
2609 30
2610 31
2611 30
2612 30
2613 29
2614 30
2615 31
2616 30
2617 30
2618 31
2619 31
2620 30
2621 30
2622 31
2623 30
2624 30
2625 30
2626 29
2627 31
2628 30
2629 30
2630 30
2631 29
2632 30
2633 30
2634 30
2635 29
2636 31
2637 30
2638 30
2639 31
2640 30
2641 31
2642 30
2643 30
2644 30
2645 30
2646 31
2647 31
2648 30
2649 30
2650 31
2651 31
2652 31
2653 30
2654 29
2655 29
2656 31
2657 31
2658 31
2659 31
2660 30
2661 31
2662 30
2663 29
2664 30
2665 30
2666 31
2667 30
2668 30
2669 30
2670 30
2671 30
2672 29
2673 30
2674 30
2675 29
2676 30
2677 30
2678 31
2679 31
2680 31
2681 30
2682 30
2683 30
2684 29
2685 30
2686 30
2687 30
2688 31
2689 31
2690 29
2691 31
2692 31
2693 29
2694 31
2695 30
2696 31
2697 29
2698 30
2699 30
2700 31
2701 30
2702 31
2703 29
2704 31
2705 30
2706 29
2707 29
2708 29
2709 29
2710 30
2711 31
2712 30
2713 30
2714 30
2715 30
2716 30
2717 29
2718 29
2719 30
2720 30
2721 31
2722 31
2723 30
2724 30
2725 30
2726 30
2727 30
2728 31
2729 30
2730 31
2731 30
2732 31
2733 30
2734 29
2735 30
2736 30
2737 30
2738 29
2739 31
2740 30
2741 30
2742 31
2743 31
2744 30
2745 30
2746 30
2747 30
2748 31
2749 30
2750 31
2751 30
2752 29
2753 30
2754 31
2755 30
2756 30
2757 30
2758 30
2759 31
2760 31
2761 30
2762 30
2763 31
2764 30
2765 31
2766 30
2767 30
2768 29
2769 30
2770 29
2771 31
2772 30
2773 30
2774 30
2775 30
2776 31
2777 30
2778 30
2779 30
2780 31
2781 30
2782 31
2783 30
2784 30
2785 31
2786 31
2787 30
2788 30
2789 30
2790 31
2791 30
2792 30
2793 30
2794 30
2795 29
2796 30
2797 30
2798 30
2799 31
2800 31
2801 30
2802 30
2803 31
2804 30
2805 30
2806 30
2807 30
2808 30
2809 30
2810 30
2811 31
2812 30
2813 31
2814 30
2815 30
2816 30
2817 30
2818 29
2819 30
2820 30
2821 30
2822 29
2823 30
2824 30
2825 31
2826 30
2827 30
2828 31
2829 30
2830 30
2831 29
2832 29
2833 30
2834 30
2835 30
2836 30
2837 30
2838 30
2839 31
2840 30
2841 29
2842 30
2843 31
2844 30
2845 30
2846 30
2847 31
2848 30
2849 31
2850 30
2851 31
2852 29
2853 29
2854 30
2855 30
2856 30
2857 30
2858 31
2859 31
2860 30
2861 30
2862 31
2863 30
2864 29
2865 31
2866 30
2867 30
2868 31
2869 31
2870 30
2871 30
2872 30
2873 30
2874 31
2875 29
2876 30
2877 30
2878 31
2879 30
2880 30
2881 30
2882 31
2883 31
2884 30
2885 30
2886 31
2887 31
2888 29
2889 30
2890 30
2891 30
2892 30
2893 31
2894 30
2895 31
2896 30
2897 30
2898 30
2899 30
2900 30
2901 29
2902 31
2903 31
2904 30
2905 30
2906 30
2907 31
2908 30
2909 30
2910 30
2911 30
2912 29
2913 30
2914 30
2915 30
2916 31
2917 30
2918 30
2919 30
2920 30
2921 31
2922 30
2923 29
2924 31
2925 30
2926 30
2927 31
2928 31
2929 31
2930 30
2931 30
2932 31
2933 30
2934 30
2935 30
2936 30
2937 31
2938 30
2939 31
2940 31
2941 31
2942 29
2943 30
2944 29
2945 30
2946 30
2947 30
2948 31
2949 30
2950 31
2951 30
2952 31
2953 30
2954 29
2955 30
2956 30
2957 30
2958 30
2959 31
2960 29
2961 30
2962 30
2963 30
2964 29
2965 30
2966 31
2967 29
2968 30
2969 30
2970 31
2971 30
2972 30
2973 30
2974 30
2975 31
2976 30
2977 31
2978 29
2979 31
2980 30
2981 31
2982 30
2983 30
2984 30
2985 30
2986 30
2987 29
2988 30
2989 30
2990 29
2991 29
2992 31
2993 30
2994 30
2995 29
2996 29
2997 30
2998 30
2999 31
3000 30
3001 30
3002 30
3003 31
3004 30
3005 30
3006 29
3007 30
3008 29
3009 30
3010 30
3011 31
3012 30
3013 30
3014 30
3015 30
3016 29
3017 30
3018 31
3019 30
3020 31
3021 31
3022 30
3023 29
3024 30
3025 29
3026 30
3027 31
3028 30
3029 29
3030 31
3031 31
3032 31
3033 30
3034 31
3035 31
3036 30
3037 31
3038 30
3039 31
3040 30
3041 29
3042 30
3043 30
3044 28
3045 30
3046 30
3047 30
3048 30
3049 30
3050 30
3051 31
3052 31
3053 30
3054 31
3055 29
3056 31
3057 30
3058 30
3059 30
3060 31
3061 30
3062 29
3063 29
3064 30
3065 29
3066 30
3067 30
3068 29
3069 30
3070 30
3071 31
3072 31
3073 30
3074 31
3075 30
3076 31
3077 30
3078 30
3079 31
3080 30
3081 30
3082 30
3083 30
3084 30
3085 30
3086 30
3087 29
3088 30
3089 31
3090 30
3091 30
3092 31
3093 30
3094 29
3095 30
3096 30
3097 31
3098 30
3099 30
3100 31
3101 30
3102 30
3103 30
3104 30
3105 31
3106 31
3107 30
3108 30
3109 30
3110 30
3111 30
3112 31
3113 31
3114 30
3115 31
3116 30
3117 31
3118 30
3119 30
3120 30
3121 31
3122 30
3123 30
3124 31
3125 30
3126 30
3127 30
3128 30
3129 30
3130 30
3131 30
3132 30
3133 30
3134 29
3135 30
3136 30
3137 31
3138 30
3139 29
3140 30
3141 30
3142 30
3143 31
3144 30
3145 30
3146 29
3147 30
3148 31
3149 30
3150 30
3151 30
3152 30
3153 29
3154 29
3155 30
3156 31
3157 29
3158 30
3159 30
3160 30
3161 30
3162 30
3163 30
3164 30
3165 30
3166 29
3167 31
3168 30
3169 29
3170 30
3171 31
3172 30
3173 30
3174 30
3175 29
3176 30
3177 30
3178 30
3179 30
3180 30
3181 31
3182 31
3183 30
3184 30
3185 30
3186 30
3187 30
3188 30
3189 30
3190 29
3191 31
3192 30
3193 30
3194 29
3195 29
3196 30
3197 30
3198 29
3199 29
3200 30
3201 31
3202 30
3203 30
3204 30
3205 30
3206 31
3207 29
3208 31
3209 30
3210 31
3211 31
3212 30
3213 30
3214 31
3215 30
3216 31
3217 29
3218 30
3219 30
3220 29
3221 30
3222 29
3223 30
3224 31
3225 29
3226 31
3227 31
3228 29
3229 31
3230 30
3231 30
3232 30
3233 30
3234 30
3235 31
3236 30
3237 30
3238 31
3239 31
3240 30
3241 31
3242 30
3243 31
3244 30
3245 30
3246 30
3247 29
3248 30
3249 30
3250 30
3251 30
3252 30
3253 31
3254 29
3255 30
3256 30
3257 30
3258 30
3259 29
3260 30
3261 30
3262 30
3263 30
3264 30
3265 30
3266 31
3267 31
3268 30
3269 30
3270 31
3271 30
3272 30
3273 30
3274 30
3275 30
3276 31
3277 31
3278 31
3279 30
3280 30
3281 29
3282 31
3283 29
3284 31
3285 29
3286 31
3287 31
3288 30
3289 31
3290 30
3291 30
3292 29
3293 30
3294 30
3295 30
3296 29
3297 30
3298 30
3299 30
3300 30
3301 30
3302 30
3303 31
3304 29
3305 30
3306 29
3307 29
3308 31
3309 30
3310 30
3311 30
3312 29
3313 30
3314 29
3315 30
3316 31
3317 30
3318 31
3319 31
3320 30
3321 30
3322 30
3323 30
3324 30
3325 31
3326 30
3327 29
3328 31
3329 29
3330 31
3331 30
3332 30
3333 30
3334 31
3335 30
3336 30
3337 30
3338 30
3339 30
3340 31
3341 30
3342 30
3343 31
3344 30
3345 30
3346 31
3347 30
3348 30
3349 30
3350 29
3351 30
3352 29
3353 30
3354 30
3355 29
3356 30
3357 31
3358 30
3359 30
3360 30
3361 31
3362 30
3363 29
3364 30
3365 30
3366 30
3367 30
3368 31
3369 30
3370 31
3371 31
3372 31
3373 30
3374 30
3375 30
3376 31
3377 30
3378 31
3379 30
3380 29
3381 30
3382 30
3383 30
3384 30
3385 29
3386 30
3387 30
3388 30
3389 30
3390 30
3391 30
3392 30
3393 30
3394 30
3395 30
3396 30
3397 30
3398 29
3399 31
3400 31
3401 29
3402 30
3403 30
3404 29
3405 30
3406 30
3407 30
3408 29
3409 30
3410 31
3411 30
3412 30
3413 29
3414 31
3415 30
3416 31
3417 30
3418 31
3419 31
3420 30
3421 30
3422 31
3423 30
3424 30
3425 28
3426 30
3427 30
3428 30
3429 30
3430 30
3431 30
3432 30
3433 30
3434 30
3435 30
3436 30
3437 31
3438 30
3439 30
3440 31
3441 30
3442 30
3443 30
3444 31
3445 30
3446 30
3447 31
3448 29
3449 30
3450 31
3451 30
3452 30
3453 29
3454 30
3455 30
3456 30
3457 31
3458 31
3459 30
3460 31
3461 30
3462 30
3463 30
3464 29
3465 31
3466 30
3467 30
3468 31
3469 30
3470 30
3471 31
3472 30
3473 31
3474 30
3475 30
3476 30
3477 30
3478 31
3479 29
3480 31
3481 30
3482 30
3483 29
3484 30
3485 30
3486 30
3487 30
3488 29
3489 30
3490 30
3491 30
3492 30
3493 30
3494 31
3495 30
3496 30
3497 31
3498 30
3499 31
3500 30
3501 30
3502 31
3503 31
3504 30
3505 30
3506 30
3507 30
3508 30
3509 30
3510 31
3511 29
3512 30
3513 30
3514 29
3515 30
3516 30
3517 30
3518 30
3519 30
3520 30
3521 30
3522 31
3523 31
3524 30
3525 29
3526 29
3527 29
3528 30
3529 30
3530 30
3531 30
3532 30
3533 30
3534 30
3535 29
3536 30
3537 30
3538 31
3539 30
3540 30
3541 29
3542 31
3543 29
3544 30
3545 30
3546 29
3547 30
3548 29
3549 30
3550 30
3551 31
3552 30
3553 31
3554 31
3555 30
3556 30
3557 30
3558 29
3559 30
3560 29
3561 30
3562 31
3563 30
3564 30
3565 30
3566 31
3567 31
3568 29
3569 30
3570 30
3571 30
3572 30
3573 30
3574 30
3575 31
3576 30
3577 30
3578 29
3579 30
3580 30
3581 31
3582 31
3583 30
3584 31
3585 30
3586 30
3587 30
3588 30
3589 30
3590 30
3591 30
3592 31
3593 30
3594 30
3595 30
3596 30
3597 30
3598 30
3599 30
3600 30
3601 30
3602 31
3603 30
3604 30
3605 29
3606 30
3607 31
3608 30
3609 31
3610 30
3611 30
3612 29
3613 30
3614 30
3615 30
3616 30
3617 31
3618 31
3619 30
3620 30
3621 30
3622 30
3623 30
3624 30
3625 30
3626 30
3627 30
3628 31
3629 30
3630 30
3631 30
3632 30
3633 30
3634 30
3635 30
3636 31
3637 31
3638 31
3639 30
3640 31
3641 30
3642 30
3643 30
3644 30
3645 29
3646 30
3647 30
3648 31
3649 30
3650 31
3651 30
3652 31
3653 30
3654 28
3655 30
3656 31
3657 30
3658 31
3659 30
3660 30
3661 30
3662 30
3663 31
3664 30
3665 30
3666 30
3667 30
3668 29
3669 30
3670 30
3671 28
3672 30
3673 30
3674 30
3675 30
3676 31
3677 30
3678 30
3679 30
3680 30
3681 30
3682 29
3683 30
3684 30
3685 30
3686 30
3687 30
3688 30
3689 30
3690 29
3691 29
3692 30
3693 30
3694 30
3695 31
3696 29
3697 30
3698 30
3699 30
3700 30
3701 31
3702 30
3703 30
3704 30
3705 31
3706 29
3707 31
3708 30
3709 31
3710 29
3711 31
3712 31
3713 30
3714 31
3715 30
3716 30
3717 29
3718 30
3719 30
3720 30
3721 30
3722 30
3723 31
3724 29
3725 30
3726 29
3727 29
3728 31
3729 30
3730 30
3731 31
3732 31
3733 29
3734 30
3735 31
3736 30
3737 30
3738 31
3739 30
3740 30
3741 30
3742 30
3743 30
3744 31
3745 30
3746 29
3747 31
3748 30
3749 30
3750 30
3751 31
3752 30
3753 30
3754 30
3755 30
3756 30
3757 29
3758 30
3759 30
3760 30
3761 30
3762 31
3763 30
3764 30
3765 31
3766 31
3767 30
3768 30
3769 30
3770 31
3771 30
3772 30
3773 31
3774 30
3775 30
3776 30
3777 30
3778 30
3779 30
3780 30
3781 30
3782 30
3783 31
3784 31
3785 30
3786 30
3787 30
3788 30
3789 29
3790 30
3791 29
3792 31
3793 30
3794 30
3795 29
3796 31
3797 30
3798 30
3799 29
3800 30
3801 29
3802 31
3803 30
3804 31
3805 29
3806 30
3807 31
3808 31
3809 30
3810 30
3811 30
3812 30
3813 30
3814 31
3815 30
3816 31
3817 30
3818 31
3819 30
3820 30
3821 30
3822 30
3823 31
3824 31
3825 31
3826 31
3827 30
3828 30
3829 29
3830 30
3831 31
3832 30
3833 31
3834 30
3835 29
3836 30
3837 30
3838 30
3839 31
3840 31
3841 30
3842 29
3843 31
3844 30
3845 29
3846 31
3847 30
3848 30
3849 29
3850 29
3851 30
3852 30
3853 30
3854 31
3855 31
3856 31
3857 29
3858 30
3859 29
3860 29
3861 31
3862 31
3863 29
3864 31
3865 31
3866 30
3867 31
3868 31
3869 31
3870 31
3871 31
3872 29
3873 30
3874 30
3875 30
3876 30
3877 29
3878 29
3879 30
3880 29
3881 30
3882 31
3883 31
3884 30
3885 31
3886 31
3887 31
3888 30
3889 29
3890 30
3891 30
3892 31
3893 30
3894 30
3895 30
3896 30
3897 31
3898 30
3899 29
3900 30
3901 30
3902 31
3903 30
3904 30
3905 30
3906 29
3907 31
3908 29
3909 29
3910 29
3911 31
3912 30
3913 30
3914 30
3915 30
3916 30
3917 30
3918 30
3919 30
3920 31
3921 30
3922 29
3923 30
3924 30
3925 31
3926 30
3927 30
3928 31
3929 29
3930 30
3931 30
3932 30
3933 30
3934 30
3935 31
3936 29
3937 31
3938 31
3939 31
3940 30
3941 31
3942 31
3943 30
3944 30
3945 29
3946 30
3947 30
3948 30
3949 30
3950 29
3951 30
3952 30
3953 30
3954 31
3955 30
3956 30
3957 30
3958 30
3959 31
3960 30
3961 31
3962 29
3963 31
3964 30
3965 30
3966 30
3967 29
3968 31
3969 30
3970 30
3971 30
3972 30
3973 30
3974 29
3975 30
3976 30
3977 31
3978 31
3979 30
3980 30
3981 30
3982 31
3983 30
3984 31
3985 30
3986 29
3987 31
3988 30
3989 30
3990 30
3991 30
3992 31
3993 29
3994 29
3995 30
3996 30
3997 30
3998 30
3999 30
4000 29
4001 31
4002 30
4003 30
4004 30
4005 30
4006 30
4007 30
4008 30
4009 31
4010 29
4011 30
4012 30
4013 30
4014 30
4015 31
4016 31
4017 30
4018 30
4019 29
4020 31
4021 30
4022 30
4023 30
4024 31
4025 30
4026 30
4027 30
4028 30
4029 31
4030 30
4031 30
4032 30
4033 30
4034 30
4035 30
4036 29
4037 31
4038 31
4039 30
4040 30
4041 29
4042 30
4043 29
4044 29
4045 29
4046 30
4047 30
4048 30
4049 30
4050 30
4051 31
4052 30
4053 30
4054 30
4055 31
4056 30
4057 31
4058 31
4059 31
4060 30
4061 30
4062 30
4063 30
4064 31
4065 31
4066 30
4067 31
4068 30
4069 30
4070 30
4071 30
4072 30
4073 30
4074 29
4075 31
4076 30
4077 30
4078 29
4079 30
4080 31
4081 30
4082 31
4083 30
4084 30
4085 31
4086 31
4087 30
4088 30
4089 30
4090 30
4091 30
4092 31
4093 30
4094 31
4095 30
4096 30
4097 31
4098 30
4099 30
4100 30
4101 31
4102 29
4103 30
4104 30
4105 30
4106 30
4107 30
4108 30
4109 31
4110 29
4111 30
4112 29
4113 30
4114 30
4115 31
4116 30
4117 30
4118 31
4119 29
4120 31
4121 31
4122 30
4123 30
4124 29
4125 30
4126 30
4127 31
4128 30
4129 30
4130 29
4131 31
4132 31
4133 30
4134 30
4135 30
4136 31
4137 30
4138 30
4139 29
4140 29
4141 31
4142 30
4143 31
4144 29
4145 30
4146 30
4147 30
4148 31
4149 30
4150 29
4151 31
4152 31
4153 29
4154 31
4155 31
4156 31
4157 31
4158 30
4159 29
4160 30
4161 31
4162 31
4163 30
4164 30
4165 30
4166 31
4167 31
4168 29
4169 30
4170 30
4171 30
4172 30
4173 29
4174 31
4175 30
4176 29
4177 28
4178 29
4179 30
4180 30
4181 31
4182 30
4183 30
4184 31
4185 30
4186 30
4187 30
4188 30
4189 29
4190 31
4191 29
4192 30
4193 31
4194 31
4195 30
4196 30
4197 30
4198 31
4199 30
4200 30
4201 30
4202 30
4203 31
4204 29
4205 30
4206 30
4207 30
4208 30
4209 30
4210 30
4211 30
4212 30
4213 30
4214 30
4215 30
4216 30
4217 30
4218 30
4219 31
4220 31
4221 30
4222 29
4223 31
4224 30
4225 29
4226 30
4227 30
4228 29
4229 30
4230 31
4231 31
4232 31
4233 30
4234 30
4235 31
4236 31
4237 30
4238 31
4239 30
4240 30
4241 30
4242 31
4243 30
4244 30
4245 31
4246 30
4247 31
4248 30
4249 30
4250 30
4251 30
4252 30
4253 31
4254 30
4255 30
4256 29
4257 30
4258 30
4259 30
4260 30
4261 30
4262 30
4263 30
4264 30
4265 31
4266 30
4267 30
4268 30
4269 30
4270 31
4271 31
4272 30
4273 30
4274 31
4275 29
4276 31
4277 30
4278 30
4279 29
4280 30
4281 30
4282 31
4283 29
4284 30
4285 29
4286 30
4287 31
4288 29
4289 30
4290 30
4291 30
4292 30
4293 29
4294 30
4295 31
4296 31
4297 31
4298 30
4299 30
4300 30
4301 30
4302 30
4303 30
4304 30
4305 31
4306 31
4307 30
4308 30
4309 30
4310 29
4311 30
4312 31
4313 30
4314 30
4315 30
4316 30
4317 30
4318 30
4319 29
4320 30
4321 30
4322 31
4323 29
4324 30
4325 30
4326 31
4327 31
4328 31
4329 31
4330 30
4331 30
4332 30
4333 31
4334 30
4335 30
4336 31
4337 30
4338 30
4339 30
4340 30
4341 30
4342 30
4343 31
4344 30
4345 30
4346 29
4347 30
4348 29
4349 31
4350 30
4351 29
4352 30
4353 30
4354 29
4355 30
4356 30
4357 31
4358 30
4359 30
4360 31
4361 30
4362 30
4363 30
4364 30
4365 31
4366 31
4367 30
4368 30
4369 30
4370 31
4371 30
4372 30
4373 31
4374 30
4375 30
4376 31
4377 30
4378 30
4379 30
4380 30
4381 29
4382 31
4383 30
4384 30
4385 30
4386 30
4387 31
4388 31
4389 30
4390 30
4391 29
4392 30
4393 30
4394 30
4395 31
4396 30
4397 30
4398 29
4399 31
4400 29
4401 31
4402 30
4403 29
4404 30
4405 30
4406 29
4407 30
4408 29
4409 30
4410 30
4411 31
4412 31
4413 30
4414 30
4415 29
4416 30
4417 31
4418 30
4419 30
4420 30
4421 30
4422 30
4423 30
4424 31
4425 31
4426 30
4427 31
4428 31
4429 30
4430 30
4431 30
4432 29
4433 31
4434 30
4435 30
4436 31
4437 30
4438 30
4439 30
4440 30
4441 30
4442 30
4443 30
4444 30
4445 30
4446 29
4447 30
4448 30
4449 31
4450 31
4451 30
4452 30
4453 30
4454 31
4455 30
4456 31
4457 30
4458 30
4459 30
4460 30
4461 30
4462 30
4463 30
4464 30
4465 31
4466 29
4467 30
4468 31
4469 31
4470 31
4471 29
4472 31
4473 30
4474 30
4475 30
4476 30
4477 30
4478 31
4479 30
4480 29
4481 31
4482 31
4483 31
4484 31
4485 28
4486 30
4487 30
4488 30
4489 29
4490 30
4491 30
4492 30
4493 30
4494 30
4495 30
4496 30
4497 30
4498 30
4499 30
4500 30
4501 30
4502 31
4503 30
4504 30
4505 30
4506 30
4507 30
4508 30
4509 30
4510 30
4511 29
4512 31
4513 30
4514 30
4515 30
4516 30
4517 30
4518 30
4519 31
4520 30
4521 31
4522 30
4523 30
4524 30
4525 30
4526 31
4527 30
4528 30
4529 31
4530 30
4531 31
4532 30
4533 30
4534 31
4535 29
4536 30
4537 31
4538 30
4539 30
4540 30
4541 31
4542 30
4543 30
4544 29
4545 30
4546 30
4547 30
4548 30
4549 30
4550 31
4551 31
4552 30
4553 29
4554 30
4555 30
4556 30
4557 31
4558 31
4559 29
4560 30
4561 31
4562 31
4563 30
4564 30
4565 31
4566 30
4567 29
4568 30
4569 31
4570 31
4571 31
4572 30
4573 31
4574 30
4575 30
4576 31
4577 29
4578 30
4579 29
4580 30
4581 30
4582 30
4583 30
4584 30
4585 30
4586 30
4587 29
4588 30
4589 31
4590 30
4591 30
4592 30
4593 31
4594 30
4595 31
4596 30
4597 30
4598 29
4599 28
4600 30
4601 30
4602 30
4603 30
4604 31
4605 30
4606 30
4607 30
4608 30
4609 30
4610 30
4611 30
4612 30
4613 30
4614 31
4615 30
4616 30
4617 31
4618 30
4619 30
4620 30
4621 30
4622 30
4623 30
4624 31
4625 30
4626 30
4627 30
4628 30
4629 30
4630 30
4631 30
4632 30
4633 30
4634 30
4635 30
4636 30
4637 29
4638 30
4639 31
4640 30
4641 30
4642 30
4643 29
4644 30
4645 30
4646 31
4647 31
4648 30
4649 30
4650 30
4651 29
4652 31
4653 30
4654 31
4655 31
4656 30
4657 29
4658 30
4659 30
4660 31
4661 30
4662 31
4663 30
4664 30
4665 30
4666 30
4667 30
4668 30
4669 30
4670 30
4671 31
4672 29
4673 30
4674 31
4675 31
4676 31
4677 29
4678 30
4679 30
4680 30
4681 30
4682 30
4683 30
4684 30
4685 31
4686 30
4687 30
4688 31
4689 30
4690 30
4691 30
4692 30
4693 30
4694 30
4695 30
4696 30
4697 31
4698 30
4699 30
4700 31
4701 30
4702 29
4703 31
4704 30
4705 31
4706 30
4707 31
4708 30
4709 30
4710 30
4711 30
4712 29
4713 29
4714 31
4715 30
4716 29
4717 30
4718 30
4719 30
4720 30
4721 31
4722 31
4723 29
4724 30
4725 31
4726 31
4727 30
4728 30
4729 31
4730 30
4731 29
4732 30
4733 30
4734 31
4735 31
4736 29
4737 30
4738 29
4739 29
4740 30
4741 30
4742 31
4743 30
4744 31
4745 30
4746 31
4747 30
4748 31
4749 30
4750 30
4751 30
4752 29
4753 31
4754 30
4755 31
4756 30
4757 31
4758 30
4759 30
4760 31
4761 31
4762 30
4763 30
4764 29
4765 30
4766 31
4767 31
4768 30
4769 31
4770 31
4771 31
4772 30
4773 30
4774 31
4775 31
4776 30
4777 31
4778 30
4779 29
4780 30
4781 30
4782 30
4783 30
4784 30
4785 30
4786 30
4787 31
4788 30
4789 31
4790 31
4791 29
4792 30
4793 30
4794 30
4795 30
4796 31
4797 30
4798 29
4799 30
4800 30
4801 29
4802 31
4803 31
4804 29
4805 29
4806 30
4807 30
4808 30
4809 30
4810 30
4811 31
4812 31
4813 29
4814 29
4815 29
4816 30
4817 30
4818 30
4819 30
4820 30
4821 30
4822 30
4823 31
4824 30
4825 29
4826 29
4827 30
4828 30
4829 30
4830 30
4831 31
4832 30
4833 31
4834 30
4835 30
4836 30
4837 31
4838 31
4839 31
4840 29
4841 31
4842 30
4843 30
4844 30
4845 29
4846 30
4847 31
4848 31
4849 30
4850 30
4851 31
4852 30
4853 29
4854 30
4855 30
4856 29
4857 30
4858 30
4859 30
4860 29
4861 29
4862 30
4863 31
4864 31
4865 29
4866 30
4867 30
4868 29
4869 31
4870 31
4871 30
4872 30
4873 30
4874 29
4875 30
4876 29
4877 30
4878 30
4879 30
4880 29
4881 30
4882 29
4883 30
4884 30
4885 31
4886 30
4887 30
4888 31
4889 29
4890 30
4891 31
4892 31
4893 30
4894 31
4895 30
4896 30
4897 30
4898 30
4899 31
4900 30
4901 30
4902 31
4903 30
4904 31
4905 29
4906 31
4907 30
4908 30
4909 30
4910 30
4911 30
4912 31
4913 31
4914 29
4915 30
4916 30
4917 29
4918 31
4919 30
4920 29
4921 29
4922 31
4923 30
4924 30
4925 30
4926 30
4927 29
4928 31
4929 31
4930 31
4931 30
4932 30
4933 29
4934 30
4935 30
4936 30
4937 30
4938 30
4939 30
4940 29
4941 30
4942 30
4943 30
4944 30
4945 31
4946 30
4947 31
4948 31
4949 30
4950 29
4951 30
4952 31
4953 30
4954 31
4955 30
4956 29
4957 31
4958 30
4959 30
4960 30
4961 30
4962 31
4963 30
4964 30
4965 30
4966 30
4967 30
4968 30
4969 30
4970 31
4971 30
4972 31
4973 30
4974 31
4975 30
4976 30
4977 30
4978 31
4979 30
4980 29
4981 31
4982 30
4983 30
4984 29
4985 30
4986 30
4987 30
4988 31
4989 30
4990 30
4991 31
4992 29
4993 30
4994 31
4995 30
4996 30
4997 30
4998 30
4999 30
5000 30
5001 30
5002 30
5003 30
5004 30
5005 30
5006 31
5007 31
5008 30
5009 29
5010 30
5011 30
5012 31
5013 31
5014 30
5015 30
5016 30
5017 31
5018 29
5019 29
5020 30
5021 29
5022 29
5023 30
5024 30
5025 30
5026 29
5027 29
5028 31
5029 30
5030 31
5031 30
5032 31
5033 30
5034 30
5035 30
5036 30
5037 30
5038 30
5039 30
5040 30
5041 30
5042 31
5043 31
5044 30
5045 30
5046 30
5047 31
5048 30
5049 30
5050 30
5051 31
5052 30
5053 30
5054 31
5055 30
5056 31
5057 30
5058 30
5059 30
5060 29
5061 31
5062 29
5063 31
5064 30
5065 29
5066 30
5067 30
5068 30
5069 30
5070 29
5071 29
5072 30
5073 30
5074 30
5075 29
5076 31
5077 30
5078 30
5079 31
5080 31
5081 29
5082 30
5083 31
5084 30
5085 30
5086 30
5087 30
5088 30
5089 30
5090 30
5091 31
5092 30
5093 30
5094 30
5095 31
5096 30
5097 30
5098 30
5099 31
5100 30
5101 30
5102 30
5103 30
5104 29
5105 31
5106 30
5107 30
5108 31
5109 30
5110 30
5111 30
5112 30
5113 30
5114 31
5115 30
5116 31
5117 31
5118 30
5119 30
5120 30
5121 30
5122 29
5123 30
5124 30
5125 30
5126 30
5127 31
5128 30
5129 31
5130 30
5131 29
5132 30
5133 30
5134 30
5135 31
5136 30
5137 30
5138 30
5139 30
5140 30
5141 30
5142 31
5143 31
5144 30
5145 29
5146 31
5147 30
5148 31
5149 30
5150 31
5151 30
5152 31
5153 30
5154 30
5155 30
5156 30
5157 31
5158 29
5159 30
5160 30
5161 30
5162 30
5163 30
5164 30
5165 31
5166 30
5167 30
5168 30
5169 29
5170 30
5171 30
5172 29
5173 30
5174 30
5175 30
5176 30
5177 29
5178 30
5179 30
5180 29
5181 30
5182 30
5183 30
5184 30
5185 31
5186 31
5187 30
5188 30
5189 30
5190 30
5191 31
5192 30
5193 29
5194 29
5195 30
5196 30
5197 30
5198 30
5199 31
5200 31
5201 30
5202 31
5203 30
5204 30
5205 31
5206 30
5207 30
5208 31
5209 30
5210 30
5211 30
5212 30
5213 30
5214 31
5215 30
5216 30
5217 30
5218 30
5219 30
5220 29
5221 31
5222 30
5223 30
5224 29
5225 31
5226 30
5227 31
5228 29
5229 30
5230 31
5231 29
5232 30
5233 30
5234 30
5235 30
5236 29
5237 30
5238 30
5239 31
5240 31
5241 29
5242 29
5243 30
5244 30
5245 30
5246 30
5247 30
5248 31
5249 30
5250 30
5251 30
5252 30
5253 30
5254 29
5255 31
5256 30
5257 29
5258 31
5259 31
5260 29
5261 30
5262 30
5263 31
5264 30
5265 30
5266 30
5267 30
5268 31
5269 31
5270 31
5271 30
5272 30
5273 31
5274 30
5275 30
5276 29
5277 31
5278 31
5279 30
5280 30
5281 30
5282 30
5283 30
5284 30
5285 29
5286 29
5287 30
5288 30
5289 31
5290 30
5291 29
5292 30
5293 30
5294 30
5295 30
5296 30
5297 30
5298 29
5299 29
5300 30
5301 31
5302 29
5303 29
5304 29
5305 29
5306 30
5307 31
5308 30
5309 30
5310 30
5311 30
5312 30
5313 30
5314 30
5315 31
5316 30
5317 30
5318 29
5319 29
5320 30
5321 30
5322 30
5323 31
5324 29
5325 30
5326 31
5327 30
5328 30
5329 29
5330 30
5331 31
5332 30
5333 30
5334 31
5335 31
5336 31
5337 30
5338 31
5339 30
5340 30
5341 30
5342 31
5343 30
5344 31
5345 30
5346 29
5347 30
5348 30
5349 31
5350 30
5351 30
5352 30
5353 30
5354 30
5355 30
5356 29
5357 31
5358 30
5359 31
5360 29
5361 30
5362 30
5363 31
5364 29
5365 30
5366 30
5367 30
5368 31
5369 30
5370 30
5371 31
5372 30
5373 30
5374 31
5375 30
5376 30
5377 30
5378 30
5379 31
5380 30
5381 29
5382 30
5383 30
5384 31
5385 30
5386 31
5387 30
5388 30
5389 30
5390 31
5391 30
5392 30
5393 31
5394 30
5395 31
5396 30
5397 29
5398 30
5399 30
5400 29
5401 30
5402 30
5403 30
5404 30
5405 29
5406 30
5407 30
5408 30
5409 30
5410 30
5411 30
5412 31
5413 30
5414 30
5415 30
5416 30
5417 30
5418 29
5419 30
5420 30
5421 31
5422 30
5423 30
5424 30
5425 30
5426 31
5427 31
5428 30
5429 30
5430 30
5431 31
5432 30
5433 30
5434 30
5435 30
5436 30
5437 31
5438 30
5439 30
5440 31
5441 29
5442 30
5443 30
5444 29
5445 30
5446 30
5447 30
5448 31
5449 30
5450 30
5451 29
5452 30
5453 31
5454 30
5455 30
5456 30
5457 30
5458 30
5459 30
5460 30
5461 29
5462 30
5463 30
5464 30
5465 30
5466 30
5467 31
5468 30
5469 30
5470 30
5471 29
5472 30
5473 31
5474 30
5475 30
5476 30
5477 29
5478 30
5479 31
5480 30
5481 30
5482 31
5483 31
5484 30
5485 30
5486 30
5487 30
5488 30
5489 30
5490 29
5491 30
5492 31
5493 30
5494 30
5495 31
5496 31
5497 30
5498 30
5499 30
5500 30
5501 31
5502 31
5503 31
5504 30
5505 29
5506 31
5507 30
5508 30
5509 29
5510 30
5511 31
5512 30
5513 30
5514 31
5515 31
5516 30
5517 30
5518 30
5519 31
5520 31
5521 31
5522 29
5523 30
5524 31
5525 31
5526 31
5527 29
5528 31
5529 30
5530 31
5531 30
5532 30
5533 29
5534 30
5535 30
5536 30
5537 30
5538 31
5539 30
5540 30
5541 29
5542 30
5543 30
5544 29
5545 30
5546 30
5547 30
5548 30
5549 30
5550 30
5551 29
5552 31
5553 30
5554 30
5555 30
5556 30
5557 30
5558 29
5559 29
5560 30
5561 30
5562 30
5563 30
5564 30
5565 30
5566 31
5567 31
5568 30
5569 31
5570 30
5571 31
5572 30
5573 30
5574 30
5575 30
5576 30
5577 29
5578 31
5579 30
5580 30
5581 30
5582 30
5583 30
5584 30
5585 30
5586 30
5587 30
5588 30
5589 30
5590 30
5591 29
5592 30
5593 30
5594 30
5595 30
5596 31
5597 30
5598 31
5599 30
5600 30
5601 31
5602 30
5603 31
5604 30
5605 30
5606 31
5607 29
5608 30
5609 30
5610 30
5611 30
5612 29
5613 30
5614 30
5615 30
5616 30
5617 30
5618 31
5619 30
5620 30
5621 30
5622 30
5623 30
5624 30
5625 30
5626 31
5627 30
5628 31
5629 30
5630 30
5631 31
5632 30
5633 30
5634 30
5635 30
5636 29
5637 30
5638 30
5639 31
5640 30
5641 30
5642 30
5643 30
5644 30
5645 29
5646 30
5647 30
5648 30
5649 30
5650 30
5651 30
5652 31
5653 30
5654 30
5655 31
5656 29
5657 30
5658 30
5659 31
5660 30
5661 31
5662 30
5663 30
5664 30
5665 30
5666 31
5667 30
5668 31
5669 30
5670 30
5671 29
5672 31
5673 30
5674 30
5675 31
5676 31
5677 30
5678 31
5679 31
5680 30
5681 30
5682 30
5683 30
5684 30
5685 30
5686 30
5687 30
5688 30
5689 30
5690 30
5691 29
5692 30
5693 30
5694 29
5695 31
5696 30
5697 29
5698 30
5699 30
5700 30
5701 31
5702 29
5703 30
5704 30
5705 31
5706 30
5707 31
5708 31
5709 30
5710 30
5711 29
5712 30
5713 29
5714 30
5715 30
5716 30
5717 31
5718 31
5719 29
5720 29
5721 29
5722 29
5723 31
5724 30
5725 30
5726 30
5727 31
5728 30
5729 30
5730 30
5731 30
5732 30
5733 31
5734 30
5735 29
5736 30
5737 30
5738 31
5739 31
5740 30
5741 29
5742 31
5743 30
5744 31
5745 31
5746 29
5747 31
5748 30
5749 30
5750 29
5751 31
5752 29
5753 29
5754 30
5755 30
5756 30
5757 30
5758 31
5759 30
5760 30
5761 30
5762 30
5763 31
5764 30
5765 30
5766 30
5767 30
5768 30
5769 31
5770 30
5771 30
5772 30
5773 30
5774 30
5775 30
5776 30
5777 30
5778 30
5779 30
5780 30
5781 30
5782 30
5783 30
5784 30
5785 31
5786 30
5787 31
5788 29
5789 31
5790 30
5791 30
5792 30
5793 30
5794 31
5795 30
5796 29
5797 30
5798 30
5799 30
5800 30
5801 30
5802 30
5803 30
5804 30
5805 30
5806 30
5807 30
5808 30
5809 30
5810 30
5811 30
5812 29
5813 31
5814 29
5815 30
5816 30
5817 31
5818 29
5819 31
5820 29
5821 30
5822 29
5823 29
5824 30
5825 31
5826 31
5827 30
5828 30
5829 30
5830 31
5831 30
5832 31
5833 29
5834 30
5835 31
5836 30
5837 30
5838 29
5839 30
5840 30
5841 29
5842 30
5843 30
5844 30
5845 30
5846 30
5847 31
5848 30
5849 29
5850 30
5851 30
5852 30
5853 30
5854 31
5855 30
5856 31
5857 30
5858 31
5859 30
5860 30
5861 30
5862 31
5863 29
5864 30
5865 30
5866 30
5867 30
5868 30
5869 30
5870 29
5871 30
5872 30
5873 30
5874 30
5875 30
5876 30
5877 31
5878 30
5879 30
5880 30
5881 30
5882 30
5883 31
5884 29
5885 30
5886 29
5887 31
5888 29
5889 30
5890 30
5891 30
5892 30
5893 30
5894 31
5895 31
5896 30
5897 30
5898 30
5899 31
5900 31
5901 31
5902 30
5903 31
5904 30
5905 30
5906 29
5907 29
5908 30
5909 31
5910 31
5911 29
5912 31
5913 31
5914 30
5915 30
5916 31
5917 31
5918 29
5919 30
5920 30
5921 31
5922 30
5923 30
5924 30
5925 30
5926 30
5927 30
5928 30
5929 30
5930 31
5931 30
5932 30
5933 30
5934 31
5935 30
5936 30
5937 30
5938 30
5939 31
5940 30
5941 29
5942 31
5943 30
5944 30
5945 31
5946 29
5947 30
5948 31
5949 31
5950 31
5951 30
5952 30
5953 30
5954 31
5955 30
5956 30
5957 31
5958 30
5959 31
5960 30
5961 30
5962 29
5963 30
5964 30
5965 30
5966 31
5967 30
5968 29
5969 30
5970 29
5971 30
5972 30
5973 30
5974 31
5975 30
5976 29
5977 30
5978 30
5979 30
5980 30
5981 31
5982 29
5983 31
5984 31
5985 30
5986 31
5987 31
5988 31
5989 29
5990 31
5991 30
5992 29
5993 30
5994 30
5995 29
5996 30
5997 31
5998 31
5999 30
6000 30
6001 30
6002 30
6003 30
6004 31
6005 30
6006 31
6007 30
6008 31
6009 30
6010 30
6011 29
6012 30
6013 29
6014 30
6015 31
6016 30
6017 30
6018 29
6019 30
6020 30
6021 31
6022 30
6023 30
6024 30
6025 30
6026 30
6027 30
6028 30
6029 30
6030 30
6031 30
6032 31
6033 30
6034 31
6035 30
6036 30
6037 30
6038 29
6039 30
6040 30
6041 30
6042 30
6043 31
6044 29
6045 30
6046 30
6047 30
6048 30
6049 30
6050 30
6051 29
6052 30
6053 30
6054 30
6055 30
6056 31
6057 30
6058 30
6059 30
6060 30
6061 29
6062 30
6063 30
6064 30
6065 31
6066 31
6067 29
6068 31
6069 30
6070 30
6071 30
6072 29
6073 30
6074 30
6075 31
6076 29
6077 29
6078 30
6079 30
6080 31
6081 29
6082 31
6083 30
6084 30
6085 30
6086 30
6087 30
6088 30
6089 30
6090 30
6091 30
6092 31
6093 30
6094 31
6095 30
6096 30
6097 30
6098 31
6099 29
6100 30
6101 30
6102 30
6103 30
6104 30
6105 30
6106 31
6107 31
6108 30
6109 30
6110 30
6111 30
6112 30
6113 30
6114 30
6115 30
6116 30
6117 29
6118 30
6119 30
6120 31
6121 29
6122 29
6123 29
6124 30
6125 30
6126 30
6127 30
6128 30
6129 31
6130 31
6131 30
6132 29
6133 31
6134 30
6135 30
6136 31
6137 30
6138 31
6139 30
6140 31
6141 30
6142 31
6143 29
6144 30
6145 31
6146 29
6147 29
6148 30
6149 30
6150 30
6151 29
6152 30
6153 30
6154 31
6155 30
6156 30
6157 30
6158 30
6159 30
6160 30
6161 30
6162 30
6163 31
6164 30
6165 30
6166 29
6167 31
6168 30
6169 31
6170 30
6171 30
6172 30
6173 31
6174 30
6175 29
6176 30
6177 30
6178 29
6179 30
6180 31
6181 30
6182 30
6183 31
6184 30
6185 30
6186 31
6187 29
6188 30
6189 30
6190 29
6191 30
6192 30
6193 31
6194 30
6195 31
6196 30
6197 29
6198 30
6199 30
6200 30
6201 30
6202 30
6203 30
6204 31
6205 29
6206 30
6207 30
6208 31
6209 30
6210 31
6211 29
6212 29
6213 31
6214 30
6215 29
6216 30
6217 30
6218 30
6219 30
6220 30
6221 31
6222 31
6223 30
6224 31
6225 31
6226 30
6227 30
6228 30
6229 29
6230 31
6231 31
6232 31
6233 30
6234 31
6235 30
6236 30
6237 30
6238 30
6239 31
6240 31
6241 30
6242 30
6243 30
6244 30
6245 30
6246 30
6247 30
6248 31
6249 30
6250 30
6251 30
6252 30
6253 30
6254 30
6255 31
6256 31
6257 30
6258 30
6259 31
6260 30
6261 30
6262 30
6263 30
6264 30
6265 30
6266 29
6267 31
6268 30
6269 30
6270 30
6271 30
6272 31
6273 30
6274 30
6275 30
6276 30
6277 30
6278 30
6279 29
6280 31
6281 30
6282 30
6283 30
6284 30
6285 30
6286 30
6287 30
6288 31
6289 31
6290 30
6291 29
6292 30
6293 30
6294 30
6295 30
6296 29
6297 30
6298 30
6299 31
6300 30
6301 29
6302 30
6303 30
6304 30
6305 30
6306 31
6307 31
6308 31
6309 30
6310 31
6311 30
6312 30
6313 30
6314 31
6315 30
6316 29
6317 30
6318 30
6319 31
6320 30
6321 29
6322 30
6323 31
6324 30
6325 30
6326 30
6327 29
6328 30
6329 30
6330 30
6331 31
6332 30
6333 30
6334 29
6335 30
6336 30
6337 30
6338 30
6339 30
6340 29
6341 30
6342 30
6343 30
6344 31
6345 30
6346 30
6347 30
6348 30
6349 29
6350 31
6351 30
6352 31
6353 29
6354 30
6355 30
6356 30
6357 31
6358 31
6359 30
6360 30
6361 30
6362 30
6363 30
6364 30
6365 30
6366 30
6367 30
6368 30
6369 30
6370 30
6371 30
6372 31
6373 30
6374 30
6375 31
6376 30
6377 29
6378 30
6379 30
6380 31
6381 30
6382 30
6383 30
6384 29
6385 30
6386 30
6387 30
6388 29
6389 31
6390 29
6391 29
6392 31
6393 30
6394 30
6395 31
6396 30
6397 29
6398 29
6399 30
6400 30
6401 29
6402 30
6403 30
6404 30
6405 30
6406 31
6407 31
6408 31
6409 30
6410 30
6411 30
6412 31
6413 31
6414 31
6415 29
6416 30
6417 31
6418 31
6419 30
6420 30
6421 30
6422 30
6423 30
6424 30
6425 31
6426 30
6427 30
6428 30
6429 30
6430 30
6431 30
6432 31
6433 30
6434 30
6435 30
6436 30
6437 30
6438 31
6439 30
6440 30
6441 31
6442 30
6443 29
6444 30
6445 30
6446 30
6447 31
6448 30
6449 30
6450 31
6451 30
6452 30
6453 30
6454 29
6455 31
6456 30
6457 30
6458 30
6459 31
6460 30
6461 30
6462 30
6463 30
6464 29
6465 30
6466 29
6467 30
6468 30
6469 30
6470 30
6471 30
6472 31
6473 30
6474 30
6475 30
6476 31
6477 30
6478 31
6479 30
6480 30
6481 30
6482 31
6483 30
6484 31
6485 30
6486 30
6487 29
6488 29
6489 31
6490 30
6491 30
6492 30
6493 31
6494 31
6495 30
6496 30
6497 30
6498 29
6499 31
6500 29
6501 31
6502 31
6503 31
6504 29
6505 31
6506 30
6507 30
6508 30
6509 31
6510 30
6511 30
6512 30
6513 30
6514 31
6515 30
6516 30
6517 30
6518 29
6519 30
6520 31
6521 30
6522 30
6523 30
6524 30
6525 30
6526 30
6527 31
6528 31
6529 30
6530 30
6531 30
6532 31
6533 30
6534 30
6535 30
6536 29
6537 30
6538 30
6539 31
6540 30
6541 29
6542 31
6543 29
6544 30
6545 31
6546 30
6547 31
6548 30
6549 30
6550 30
6551 29
6552 30
6553 29
6554 30
6555 30
6556 30
6557 30
6558 30
6559 30
6560 30
6561 30
6562 31
6563 31
6564 29
6565 30
6566 30
6567 30
6568 30
6569 30
6570 31
6571 30
6572 29
6573 30
6574 30
6575 30
6576 30
6577 30
6578 30
6579 30
6580 30
6581 30
6582 29
6583 30
6584 29
6585 30
6586 31
6587 31
6588 31
6589 29
6590 29
6591 30
6592 31
6593 31
6594 31
6595 30
6596 30
6597 30
6598 30
6599 30
6600 30
6601 30
6602 30
6603 30
6604 30
6605 29
6606 31
6607 31
6608 30
6609 30
6610 31
6611 29
6612 30
6613 31
6614 29
6615 30
6616 29
6617 29
6618 30
6619 30
6620 30
6621 30
6622 30
6623 30
6624 30
6625 31
6626 30
6627 30
6628 31
6629 30
6630 30
6631 31
6632 31
6633 29
6634 30
6635 30
6636 31
6637 30
6638 30
6639 30
6640 30
6641 29
6642 31
6643 31
6644 30
6645 30
6646 29
6647 29
6648 30
6649 30
6650 30
6651 30
6652 30
6653 30
6654 29
6655 30
6656 31
6657 31
6658 29
6659 31
6660 31
6661 30
6662 30
6663 30
6664 30
6665 31
6666 29
6667 30
6668 31
6669 30
6670 30
6671 30
6672 31
6673 31
6674 29
6675 30
6676 30
6677 31
6678 30
6679 30
6680 31
6681 29
6682 31
6683 30
6684 30
6685 29
6686 30
6687 30
6688 31
6689 30
6690 30
6691 30
6692 30
6693 30
6694 30
6695 31
6696 30
6697 29
6698 31
6699 29
6700 30
6701 31
6702 30
6703 30
6704 31
6705 29
6706 30
6707 31
6708 30
6709 29
6710 30
6711 30
6712 30
6713 31
6714 30
6715 31
6716 31
6717 30
6718 29
6719 30
6720 30
6721 30
6722 31
6723 31
6724 30
6725 30
6726 31
6727 29
6728 30
6729 30
6730 31
6731 30
6732 30
6733 31
6734 31
6735 30
6736 30
6737 31
6738 30
6739 30
6740 30
6741 30
6742 31
6743 29
6744 30
6745 30
6746 30
6747 29
6748 30
6749 30
6750 31
6751 30
6752 30
6753 30
6754 29
6755 29
6756 30
6757 30
6758 31
6759 29
6760 30
6761 31
6762 30
6763 30
6764 30
6765 30
6766 30
6767 30
6768 31
6769 30
6770 31
6771 30
6772 30
6773 30
6774 30
6775 31
6776 30
6777 30
6778 30
6779 30
6780 30
6781 30
6782 30
6783 30
6784 31
6785 30
6786 29
6787 31
6788 31
6789 30
6790 30
6791 29
6792 30
6793 30
6794 30
6795 30
6796 30
6797 30
6798 30
6799 29
6800 30
6801 30
6802 31
6803 30
6804 30
6805 31
6806 29
6807 29
6808 30
6809 31
6810 30
6811 30
6812 30
6813 30
6814 31
6815 30
6816 30
6817 30
6818 31
6819 31
6820 31
6821 30
6822 30
6823 31
6824 30
6825 30
6826 30
6827 30
6828 31
6829 29
6830 31
6831 30
6832 30
6833 30
6834 29
6835 30
6836 30
6837 31
6838 31
6839 29
6840 30
6841 29
6842 30
6843 30
6844 30
6845 30
6846 29
6847 30
6848 30
6849 30
6850 30
6851 29
6852 30
6853 30
6854 31
6855 31
6856 31
6857 30
6858 31
6859 30
6860 30
6861 31
6862 30
6863 30
6864 30
6865 30
6866 30
6867 29
6868 30
6869 31
6870 30
6871 31
6872 30
6873 31
6874 31
6875 30
6876 30
6877 31
6878 30
6879 30
6880 30
6881 30
6882 30
6883 29
6884 30
6885 30
6886 30
6887 30
6888 30
6889 30
6890 30
6891 30
6892 31
6893 29
6894 30
6895 30
6896 30
6897 30
6898 30
6899 29
6900 31
6901 31
6902 31
6903 30
6904 31
6905 29
6906 30
6907 30
6908 31
6909 31
6910 30
6911 30
6912 30
6913 30
6914 30
6915 30
6916 30
6917 30
6918 30
6919 30
6920 31
6921 30
6922 29
6923 30
6924 31
6925 30
6926 31
6927 31
6928 31
6929 30
6930 31
6931 31
6932 30
6933 29
6934 29
6935 29
6936 30
6937 31
6938 31
6939 30
6940 30
6941 29
6942 29
6943 30
6944 29
6945 29
6946 30
6947 30
6948 30
6949 31
6950 30
6951 30
6952 30
6953 30
6954 30
6955 31
6956 31
6957 29
6958 30
6959 31
6960 30
6961 30
6962 30
6963 30
6964 31
6965 30
6966 31
6967 30
6968 29
6969 29
6970 30
6971 30
6972 30
6973 30
6974 31
6975 30
6976 31
6977 31
6978 30
6979 31
6980 30
6981 30
6982 30
6983 30
6984 30
6985 30
6986 30
6987 29
6988 29
6989 29
6990 30
6991 30
6992 29
6993 30
6994 30
6995 30
6996 30
6997 30
6998 30
6999 29
7000 30
7001 31
7002 30
7003 30
7004 30
7005 31
7006 31
7007 29
7008 31
7009 31
7010 30
7011 30
7012 30
7013 30
7014 29
7015 30
7016 30
7017 30
7018 30
7019 30
7020 30
7021 30
7022 30
7023 30
7024 30
7025 30
7026 30
7027 30
7028 30
7029 30
7030 31
7031 30
7032 30
7033 30
7034 30
7035 31
7036 30
7037 31
7038 31
7039 30
7040 31
7041 30
7042 30
7043 30
7044 30
7045 30
7046 30
7047 30
7048 30
7049 31
7050 30
7051 30
7052 30
7053 30
7054 30
7055 30
7056 31
7057 30
7058 31
7059 30
7060 30
7061 30
7062 30
7063 30
7064 31
7065 31
7066 30
7067 30
7068 30
7069 30
7070 29
7071 29
7072 30
7073 29
7074 30
7075 30
7076 30
7077 30
7078 31
7079 31
7080 30
7081 29
7082 29
7083 31
7084 30
7085 30
7086 31
7087 30
7088 30
7089 30
7090 30
7091 30
7092 30
7093 30
7094 30
7095 30
7096 30
7097 30
7098 30
7099 30
7100 30
7101 30
7102 30
7103 29
7104 30
7105 30
7106 30
7107 30
7108 30
7109 30
7110 30
7111 30
7112 30
7113 31
7114 30
7115 30
7116 30
7117 30
7118 31
7119 30
7120 30
7121 30
7122 30
7123 30
7124 30
7125 30
7126 30
7127 31
7128 31
7129 30
7130 31
7131 30
7132 30
7133 31
7134 30
7135 31
7136 30
7137 30
7138 31
7139 30
7140 30
7141 30
7142 31
7143 30
7144 30
7145 30
7146 30
7147 30
7148 30
7149 30
7150 31
7151 30
7152 30
7153 29
7154 29
7155 31
7156 30
7157 30
7158 30
7159 30
7160 31
7161 29
7162 31
7163 30
7164 29
7165 30
7166 31
7167 30
7168 30
7169 30
7170 30
7171 30
7172 30
7173 30
7174 29
7175 30
7176 30
7177 30
7178 30
7179 30
7180 30
7181 30
7182 29
7183 30
7184 30
7185 30
7186 30
7187 29
7188 30
7189 30
7190 31
7191 30
7192 30
7193 29
7194 30
7195 30
7196 30
7197 31
7198 30
7199 30
7200 31
7201 30
7202 29
7203 29
7204 30
7205 30
7206 30
7207 30
7208 30
7209 30
7210 30
7211 31
7212 30
7213 29
7214 31
7215 30
7216 31
7217 30
7218 29
7219 30
7220 30
7221 30
7222 30
7223 30
7224 30
7225 30
7226 30
7227 30
7228 30
7229 30
7230 29
7231 29
7232 29
7233 30
7234 30
7235 30
7236 31
7237 30
7238 31
7239 30
7240 30
7241 30
7242 31
7243 30
7244 30
7245 31
7246 30
7247 29
7248 30
7249 29
7250 31
7251 30
7252 30
7253 29
7254 31
7255 30
7256 30
7257 30
7258 30
7259 31
7260 31
7261 30
7262 30
7263 30
7264 30
7265 30
7266 31
7267 30
7268 29
7269 30
7270 30
7271 30
7272 30
7273 31
7274 31
7275 30
7276 30
7277 30
7278 30
7279 29
7280 30
7281 30
7282 30
7283 31
7284 30
7285 30
7286 30
7287 30
7288 29
7289 30
7290 29
7291 30
7292 30
7293 31
7294 30
7295 29
7296 29
7297 30
7298 30
7299 30
7300 30
7301 31
7302 30
7303 30
7304 30
7305 30
7306 30
7307 29
7308 30
7309 30
7310 30
7311 30
7312 30
7313 30
7314 31
7315 30
7316 31
7317 30
7318 31
7319 31
7320 30
7321 29
7322 30
7323 30
7324 30
7325 29
7326 30
7327 30
7328 31
7329 30
7330 29
7331 29
7332 30
7333 30
7334 31
7335 31
7336 29
7337 30
7338 29
7339 30
7340 30
7341 30
7342 30
7343 30
7344 29
7345 30
7346 30
7347 30
7348 30
7349 31
7350 29
7351 30
7352 29
7353 30
7354 30
7355 30
7356 30
7357 31
7358 30
7359 29
7360 30
7361 31
7362 30
7363 30
7364 30
7365 30
7366 29
7367 31
7368 31
7369 29
7370 31
7371 31
7372 30
7373 30
7374 30
7375 31
7376 31
7377 30
7378 31
7379 30
7380 31
7381 31
7382 31
7383 30
7384 31
7385 29
7386 30
7387 31
7388 30
7389 31
7390 31
7391 30
7392 29
7393 31
7394 30
7395 29
7396 31
7397 30
7398 31
7399 30
7400 30
7401 30
7402 31
7403 30
7404 31
7405 30
7406 31
7407 31
7408 31
7409 30
7410 30
7411 30
7412 30
7413 30
7414 30
7415 30
7416 30
7417 30
7418 30
7419 30
7420 29
7421 29
7422 29
7423 30
7424 30
7425 31
7426 30
7427 31
7428 30
7429 30
7430 30
7431 29
7432 30
7433 30
7434 31
7435 30
7436 30
7437 30
7438 30
7439 30
7440 30
7441 30
7442 30
7443 30
7444 30
7445 30
7446 30
7447 30
7448 29
7449 30
7450 31
7451 30
7452 30
7453 30
7454 30
7455 29
7456 31
7457 31
7458 30
7459 30
7460 30
7461 30
7462 29
7463 30
7464 30
7465 29
7466 30
7467 30
7468 30
7469 30
7470 29
7471 30
7472 31
7473 30
7474 30
7475 30
7476 30
7477 30
7478 31
7479 30
7480 30
7481 30
7482 29
7483 31
7484 30
7485 29
7486 30
7487 30
7488 30
7489 30
7490 30
7491 31
7492 29
7493 31
7494 30
7495 31
7496 30
7497 30
7498 30
7499 30
7500 30
7501 30
7502 30
7503 30
7504 29
7505 30
7506 30
7507 31
7508 31
7509 29
7510 31
7511 31
7512 30
7513 31
7514 30
7515 30
7516 31
7517 30
7518 31
7519 30
7520 30
7521 30
7522 30
7523 31
7524 31
7525 30
7526 31
7527 30
7528 30
7529 30
7530 30
7531 30
7532 31
7533 30
7534 30
7535 30
7536 31
7537 30
7538 30
7539 31
7540 31
7541 30
7542 29
7543 30
7544 29
7545 30
7546 31
7547 30
7548 30
7549 31
7550 30
7551 30
7552 30
7553 30
7554 31
7555 30
7556 30
7557 30
7558 30
7559 30
7560 30
7561 30
7562 31
7563 30
7564 30
7565 30
7566 30
7567 31
7568 30
7569 31
7570 30
7571 31
7572 30
7573 29
7574 29
7575 30
7576 30
7577 31
7578 30
7579 29
7580 30
7581 30
7582 29
7583 30
7584 31
7585 30
7586 30
7587 31
7588 31
7589 31
7590 30
7591 30
7592 30
7593 30
7594 30
7595 30
7596 29
7597 31
7598 30
7599 30
7600 30
7601 31
7602 30
7603 30
7604 30
7605 30
7606 30
7607 30
7608 30
7609 30
7610 30
7611 29
7612 31
7613 30
7614 29
7615 31
7616 30
7617 30
7618 31
7619 29
7620 30
7621 30
7622 30
7623 31
7624 29
7625 30
7626 29
7627 31
7628 30
7629 31
7630 30
7631 30
7632 30
7633 31
7634 30
7635 31
7636 30
7637 31
7638 31
7639 30
7640 30
7641 30
7642 30
7643 30
7644 31
7645 29
7646 30
7647 30
7648 30
7649 31
7650 30
7651 31
7652 29
7653 31
7654 30
7655 31
7656 30
7657 31
7658 30
7659 29
7660 30
7661 30
7662 31
7663 29
7664 30
7665 30
7666 30
7667 31
7668 31
7669 29
7670 31
7671 30
7672 31
7673 29
7674 31
7675 30
7676 30
7677 29
7678 30
7679 30
7680 30
7681 29
7682 31
7683 30
7684 29
7685 31
7686 30
7687 30
7688 29
7689 30
7690 29
7691 31
7692 30
7693 31
7694 30
7695 30
7696 30
7697 30
7698 30
7699 30
7700 30
7701 31
7702 30
7703 31
7704 31
7705 30
7706 31
7707 30
7708 29
7709 30
7710 30
7711 30
7712 30
7713 31
7714 30
7715 31
7716 31
7717 30
7718 30
7719 31
7720 30
7721 30
7722 30
7723 30
7724 30
7725 30
7726 30
7727 30
7728 30
7729 31
7730 30
7731 30
7732 31
7733 30
7734 30
7735 29
7736 30
7737 30
7738 31
7739 30
7740 30
7741 29
7742 29
7743 30
7744 31
7745 30
7746 30
7747 31
7748 30
7749 30
7750 30
7751 30
7752 30
7753 30
7754 31
7755 30
7756 30
7757 30
7758 30
7759 30
7760 30
7761 30
7762 30
7763 30
7764 30
7765 30
7766 30
7767 30
7768 30
7769 30
7770 30
7771 31
7772 30
7773 30
7774 29
7775 30
7776 31
7777 29
7778 31
7779 31
7780 30
7781 30
7782 31
7783 31
7784 30
7785 31
7786 30
7787 30
7788 29
7789 31
7790 31
7791 30
7792 30
7793 30
7794 30
7795 30
7796 29
7797 30
7798 31
7799 29
7800 30
7801 31
7802 30
7803 30
7804 30
7805 31
7806 30
7807 31
7808 30
7809 30
7810 30
7811 29
7812 29
7813 30
7814 30
7815 29
7816 30
7817 29
7818 31
7819 29
7820 30
7821 29
7822 31
7823 31
7824 30
7825 30
7826 30
7827 30
7828 31
7829 30
7830 31
7831 31
7832 29
7833 29
7834 31
7835 29
7836 29
7837 30
7838 29
7839 30
7840 31
7841 30
7842 29
7843 30
7844 30
7845 31
7846 30
7847 31
7848 30
7849 30
7850 29
7851 30
7852 30
7853 30
7854 30
7855 30
7856 29
7857 30
7858 29
7859 31
7860 30
7861 30
7862 30
7863 31
7864 30
7865 29
7866 30
7867 29
7868 30
7869 30
7870 30
7871 31
7872 30
7873 31
7874 30
7875 31
7876 29
7877 30
7878 31
7879 30
7880 31
7881 31
7882 30
7883 30
7884 30
7885 31
7886 29
7887 30
7888 30
7889 30
7890 31
7891 29
7892 31
7893 30
7894 30
7895 30
7896 30
7897 30
7898 29
7899 30
7900 29
7901 31
7902 31
7903 30
7904 31
7905 30
7906 31
7907 31
7908 28
7909 30
7910 29
7911 31
7912 30
7913 31
7914 31
7915 29
7916 31
7917 30
7918 31
7919 29
7920 29
7921 29
7922 31
7923 30
7924 31
7925 30
7926 30
7927 30
7928 30
7929 30
7930 31
7931 30
7932 29
7933 30
7934 30
7935 30
7936 30
7937 31
7938 31
7939 30
7940 30
7941 30
7942 30
7943 31
7944 31
7945 30
7946 30
7947 31
7948 30
7949 31
7950 30
7951 30
7952 31
7953 29
7954 30
7955 30
7956 30
7957 30
7958 31
7959 30
7960 30
7961 30
7962 30
7963 30
7964 30
7965 30
7966 31
7967 30
7968 29
7969 30
7970 31
7971 30
7972 30
7973 30
7974 30
7975 30
7976 31
7977 29
7978 30
7979 30
7980 30
7981 30
7982 29
7983 31
7984 30
7985 29
7986 30
7987 30
7988 30
7989 30
7990 30
7991 30
7992 30
7993 31
7994 30
7995 30
7996 30
7997 29
7998 30
7999 31
8000 30
8001 30
8002 31
8003 30
8004 30
8005 29
8006 31
8007 29
8008 30
8009 30
8010 30
8011 30
8012 29
8013 30
8014 30
8015 29
8016 31
8017 30
8018 30
8019 31
8020 31
8021 30
8022 30
8023 31
8024 29
8025 30
8026 30
8027 31
8028 29
8029 30
8030 30
8031 30
8032 30
8033 31
8034 30
8035 31
8036 30
8037 30
8038 30
8039 30
8040 30
8041 31
8042 30
8043 30
8044 30
8045 30
8046 31
8047 30
8048 30
8049 30
8050 30
8051 31
8052 30
8053 30
8054 29
8055 30
8056 30
8057 31
8058 31
8059 30
8060 30
8061 30
8062 30
8063 30
8064 30
8065 29
8066 30
8067 30
8068 30
8069 30
8070 31
8071 30
8072 30
8073 30
8074 29
8075 30
8076 30
8077 30
8078 31
8079 31
8080 30
8081 31
8082 31
8083 29
8084 30
8085 30
8086 29
8087 31
8088 30
8089 30
8090 30
8091 31
8092 30
8093 30
8094 31
8095 30
8096 30
8097 30
8098 29
8099 31
8100 30
8101 30
8102 29
8103 30
8104 30
8105 30
8106 30
8107 30
8108 30
8109 30
8110 30
8111 30
8112 30
8113 30
8114 30
8115 29
8116 30
8117 30
8118 30
8119 30
8120 30
8121 31
8122 31
8123 31
8124 30
8125 31
8126 29
8127 31
8128 30
8129 31
8130 30
8131 30
8132 30
8133 31
8134 30
8135 30
8136 30
8137 31
8138 30
8139 29
8140 30
8141 30
8142 30
8143 30
8144 30
8145 30
8146 30
8147 30
8148 30
8149 31
8150 30
8151 30
8152 30
8153 30
8154 31
8155 31
8156 30
8157 30
8158 30
8159 29
8160 31
8161 30
8162 30
8163 31
8164 30
8165 30
8166 30
8167 30
8168 31
8169 29
8170 31
8171 30
8172 30
8173 31
8174 31
8175 30
8176 30
8177 30
8178 30
8179 31
8180 30
8181 30
8182 31
8183 30
8184 30
8185 30
8186 30
8187 29
8188 29
8189 30
8190 30
8191 31
8192 30
8193 31
8194 30
8195 31
8196 30
8197 30
8198 30
8199 30
8200 29
8201 31
8202 30
8203 30
8204 30
8205 30
8206 30
8207 30
8208 30
8209 30
8210 30
8211 31
8212 31
8213 30
8214 30
8215 30
8216 31
8217 30
8218 30
8219 30
8220 31
8221 30
8222 31
8223 30
8224 29
8225 29
8226 30
8227 31
8228 30
8229 29
8230 30
8231 30
8232 29
8233 30
8234 31
8235 31
8236 30
8237 30
8238 30
8239 29
8240 30
8241 30
8242 30
8243 31
8244 30
8245 30
8246 29
8247 31
8248 31
8249 31
8250 29
8251 31
8252 31
8253 30
8254 30
8255 30
8256 30
8257 30
8258 30
8259 30
8260 29
8261 29
8262 30
8263 30
8264 30
8265 29
8266 31
8267 30
8268 31
8269 31
8270 31
8271 29
8272 30
8273 29
8274 31
8275 30
8276 30
8277 31
8278 30
8279 30
8280 31
8281 30
8282 28
8283 31
8284 30
8285 30
8286 30
8287 29
8288 30
8289 29
8290 30
8291 30
8292 30
8293 31
8294 31
8295 30
8296 29
8297 30
8298 30
8299 31
8300 29
8301 30
8302 30
8303 29
8304 30
8305 30
8306 30
8307 30
8308 29
8309 30
8310 31
8311 30
8312 31
8313 29
8314 31
8315 30
8316 29
8317 29
8318 29
8319 30
8320 30
8321 30
8322 30
8323 30
8324 29
8325 30
8326 31
8327 30
8328 31
8329 29
8330 31
8331 30
8332 30
8333 30
8334 30
8335 29
8336 30
8337 30
8338 30
8339 31
8340 30
8341 29
8342 30
8343 31
8344 31
8345 30
8346 29
8347 30
8348 31
8349 31
8350 30
8351 30
8352 31
8353 30
8354 30
8355 31
8356 29
8357 30
8358 30
8359 31
8360 31
8361 30
8362 30
8363 30
8364 30
8365 30
8366 31
8367 31
8368 30
8369 30
8370 30
8371 30
8372 30
8373 30
8374 31
8375 30
8376 30
8377 30
8378 31
8379 31
8380 31
8381 30
8382 30
8383 30
8384 30
8385 31
8386 30
8387 31
8388 31
8389 29
8390 30
8391 30
8392 30
8393 30
8394 29
8395 30
8396 29
8397 31
8398 30
8399 28
8400 30
8401 30
8402 30
8403 30
8404 31
8405 29
8406 30
8407 30
8408 30
8409 30
8410 30
8411 30
8412 30
8413 31
8414 29
8415 31
8416 31
8417 30
8418 30
8419 31
8420 31
8421 30
8422 31
8423 29
8424 31
8425 30
8426 31
8427 30
8428 31
8429 29
8430 30
8431 30
8432 29
8433 30
8434 30
8435 30
8436 30
8437 30
8438 30
8439 30
8440 31
8441 30
8442 31
8443 30
8444 30
8445 29
8446 30
8447 31
8448 30
8449 30
8450 30
8451 30
8452 31
8453 29
8454 31
8455 31
8456 30
8457 30
8458 30
8459 29
8460 31
8461 30
8462 31
8463 31
8464 30
8465 31
8466 30
8467 30
8468 31
8469 30
8470 31
8471 30
8472 30
8473 31
8474 30
8475 30
8476 29
8477 31
8478 31
8479 30
8480 31
8481 30
8482 30
8483 30
8484 30
8485 31
8486 30
8487 31
8488 30
8489 30
8490 29
8491 30
8492 29
8493 31
8494 30
8495 30
8496 30
8497 30
8498 30
8499 30
8500 29
8501 30
8502 29
8503 30
8504 30
8505 30
8506 30
8507 30
8508 30
8509 30
8510 31
8511 30
8512 30
8513 30
8514 30
8515 29
8516 30
8517 30
8518 30
8519 30
8520 30
8521 30
8522 30
8523 29
8524 30
8525 30
8526 30
8527 30
8528 30
8529 30
8530 29
8531 31
8532 30
8533 30
8534 31
8535 31
8536 31
8537 29
8538 30
8539 30
8540 30
8541 31
8542 31
8543 31
8544 30
8545 31
8546 30
8547 30
8548 30
8549 30
8550 30
8551 29
8552 31
8553 30
8554 30
8555 30
8556 30
8557 30
8558 30
8559 29
8560 30
8561 31
8562 30
8563 30
8564 31
8565 30
8566 30
8567 31
8568 30
8569 29
8570 31
8571 30
8572 30
8573 31
8574 30
8575 30
8576 30
8577 31
8578 31
8579 30
8580 30
8581 31
8582 30
8583 30
8584 30
8585 30
8586 30
8587 30
8588 31
8589 29
8590 29
8591 29
8592 30
8593 30
8594 30
8595 29
8596 29
8597 31
8598 30
8599 31
8600 30
8601 31
8602 30
8603 30
8604 31
8605 30
8606 30
8607 30
8608 31
8609 30
8610 30
8611 31
8612 31
8613 29
8614 30
8615 31
8616 30
8617 30
8618 30
8619 30
8620 30
8621 30
8622 30
8623 31
8624 31
8625 30
8626 31
8627 31
8628 31
8629 30
8630 30
8631 30
8632 30
8633 30
8634 29
8635 30
8636 30
8637 30
8638 30
8639 29
8640 31
8641 30
8642 30
8643 30
8644 30
8645 30
8646 30
8647 29
8648 29
8649 31
8650 30
8651 30
8652 30
8653 30
8654 30
8655 30
8656 30
8657 31
8658 30
8659 30
8660 29
8661 30
8662 31
8663 31
8664 30
8665 30
8666 31
8667 30
8668 29
8669 29
8670 31
8671 30
8672 31
8673 31
8674 30
8675 30
8676 31
8677 29
8678 30
8679 30
8680 31
8681 30
8682 30
8683 30
8684 30
8685 30
8686 31
8687 30
8688 30
8689 30
8690 31
8691 31
8692 29
8693 30
8694 29
8695 31
8696 30
8697 30
8698 30
8699 30
8700 30
8701 30
8702 30
8703 30
8704 30
8705 30
8706 29
8707 30
8708 31
8709 30
8710 29
8711 30
8712 30
8713 30
8714 30
8715 30
8716 31
8717 31
8718 30
8719 29
8720 30
8721 30
8722 30
8723 30
8724 30
8725 31
8726 30
8727 30
8728 31
8729 29
8730 31
8731 30
8732 29
8733 31
8734 30
8735 30
8736 31
8737 30
8738 31
8739 30
8740 30
8741 30
8742 30
8743 30
8744 31
8745 29
8746 31
8747 30
8748 30
8749 30
8750 30
8751 30
8752 30
8753 30
8754 30
8755 31
8756 31
8757 30
8758 30
8759 31
8760 30
8761 30
8762 31
8763 30
8764 30
8765 30
8766 30
8767 30
8768 30
8769 31
8770 30
8771 30
8772 31
8773 30
8774 31
8775 30
8776 31
8777 30
8778 30
8779 30
8780 31
8781 30
8782 31
8783 30
8784 31
8785 30
8786 30
8787 31
8788 30
8789 30
8790 30
8791 30
8792 30
8793 31
8794 30
8795 30
8796 30
8797 29
8798 31
8799 30
8800 31
8801 31
8802 30
8803 30
8804 31
8805 30
8806 31
8807 30
8808 31
8809 31
8810 30
8811 30
8812 31
8813 30
8814 30
8815 31
8816 30
8817 29
8818 30
8819 30
8820 30
8821 29
8822 31
8823 30
8824 31
8825 31
8826 31
8827 29
8828 30
8829 30
8830 30
8831 30
8832 31
8833 29
8834 30
8835 29
8836 30
8837 30
8838 30
8839 31
8840 30
8841 31
8842 30
8843 30
8844 29
8845 30
8846 31
8847 31
8848 31
8849 30
8850 30
8851 30
8852 30
8853 30
8854 29
8855 30
8856 30
8857 30
8858 31
8859 30
8860 30
8861 30
8862 30
8863 30
8864 30
8865 29
8866 30
8867 30
8868 30
8869 30
8870 30
8871 30
8872 30
8873 30
8874 31
8875 30
8876 30
8877 30
8878 30
8879 30
8880 29
8881 30
8882 30
8883 30
8884 30
8885 31
8886 30
8887 30
8888 30
8889 30
8890 30
8891 31
8892 30
8893 30
8894 30
8895 31
8896 31
8897 30
8898 30
8899 30
8900 30
8901 29
8902 30
8903 31
8904 30
8905 29
8906 29
8907 30
8908 31
8909 30
8910 30
8911 30
8912 31
8913 30
8914 31
8915 30
8916 30
8917 30
8918 31
8919 31
8920 30
8921 30
8922 30
8923 30
8924 31
8925 31
8926 30
8927 29
8928 30
8929 31
8930 30
8931 30
8932 31
8933 31
8934 29
8935 31
8936 31
8937 31
8938 30
8939 31
8940 30
8941 30
8942 30
8943 31
8944 30
8945 31
8946 30
8947 29
8948 30
8949 30
8950 30
8951 30
8952 30
8953 29
8954 30
8955 30
8956 30
8957 30
8958 29
8959 29
8960 30
8961 30
8962 31
8963 29
8964 29
8965 30
8966 29
8967 30
8968 30
8969 30
8970 31
8971 30
8972 30
8973 30
8974 30
8975 30
8976 29
8977 31
8978 30
8979 30
8980 30
8981 30
8982 31
8983 30
8984 31
8985 31
8986 31
8987 30
8988 31
8989 30
8990 30
8991 31
8992 31
8993 30
8994 30
8995 30
8996 30
8997 30
8998 30
8999 31
9000 30
9001 31
9002 30
9003 30
9004 29
9005 30
9006 30
9007 31
9008 29
9009 30
9010 30
9011 30
9012 29
9013 30
9014 31
9015 30
9016 30
9017 31
9018 31
9019 31
9020 30
9021 29
9022 29
9023 30
9024 30
9025 30
9026 30
9027 30
9028 31
9029 30
9030 31
9031 30
9032 30
9033 30
9034 29
9035 30
9036 30
9037 30
9038 30
9039 30
9040 30
9041 30
9042 31
9043 31
9044 30
9045 30
9046 30
9047 31
9048 30
9049 29
9050 30
9051 30
9052 30
9053 30
9054 29
9055 30
9056 30
9057 31
9058 30
9059 30
9060 29
9061 29
9062 30
9063 30
9064 31
9065 31
9066 30
9067 31
9068 31
9069 30
9070 29
9071 30
9072 30
9073 30
9074 30
9075 31
9076 31
9077 29
9078 30
9079 29
9080 31
9081 30
9082 30
9083 30
9084 29
9085 30
9086 30
9087 30
9088 30
9089 30
9090 30
9091 29
9092 30
9093 30
9094 30
9095 30
9096 31
9097 30
9098 29
9099 30
9100 30
9101 30
9102 31
9103 30
9104 30
9105 31
9106 30
9107 29
9108 30
9109 31
9110 31
9111 29
9112 30
9113 31
9114 29
9115 31
9116 31
9117 30
9118 30
9119 29
9120 31
9121 31
9122 30
9123 31
9124 30
9125 30
9126 29
9127 30
9128 31
9129 30
9130 30
9131 30
9132 29
9133 29
9134 30
9135 30
9136 30
9137 30
9138 30
9139 31
9140 31
9141 30
9142 30
9143 30
9144 30
9145 30
9146 30
9147 31
9148 30
9149 29
9150 31
9151 30
9152 30
9153 30
9154 31
9155 30
9156 30
9157 30
9158 30
9159 30
9160 31
9161 30
9162 30
9163 31
9164 30
9165 29
9166 30
9167 31
9168 31
9169 30
9170 29
9171 31
9172 30
9173 30
9174 31
9175 31
9176 30
9177 30
9178 30
9179 30
9180 29
9181 30
9182 29
9183 30
9184 31
9185 29
9186 30
9187 31
9188 29
9189 29
9190 29
9191 31
9192 31
9193 30
9194 31
9195 30
9196 29
9197 30
9198 30
9199 30
9200 30
9201 31
9202 30
9203 30
9204 31
9205 30
9206 30
9207 31
9208 31
9209 30
9210 30
9211 30
9212 30
9213 30
9214 29
9215 30
9216 30
9217 30
9218 30
9219 31
9220 31
9221 30
9222 31
9223 30
9224 29
9225 29
9226 29
9227 30
9228 30
9229 30
9230 30
9231 30
9232 30
9233 30
9234 29
9235 30
9236 31
9237 29
9238 30
9239 31
9240 30
9241 30
9242 30
9243 31
9244 31
9245 29
9246 30
9247 29
9248 30
9249 30
9250 30
9251 31
9252 29
9253 30
9254 30
9255 30
9256 30
9257 30
9258 30
9259 30
9260 30
9261 29
9262 29
9263 31
9264 30
9265 30
9266 29
9267 30
9268 31
9269 30
9270 30
9271 30
9272 30
9273 31
9274 30
9275 29
9276 30
9277 30
9278 29
9279 30
9280 30
9281 30
9282 29
9283 31
9284 30
9285 31
9286 31
9287 30
9288 29
9289 31
9290 29
9291 31
9292 30
9293 30
9294 31
9295 29
9296 30
9297 30
9298 30
9299 30
9300 30
9301 29
9302 31
9303 31
9304 30
9305 31
9306 30
9307 30
9308 30
9309 30
9310 31
9311 30
9312 30
9313 29
9314 30
9315 29
9316 29
9317 31
9318 30
9319 31
9320 31
9321 30
9322 30
9323 30
9324 31
9325 30
9326 30
9327 30
9328 30
9329 31
9330 30
9331 31
9332 30
9333 30
9334 30
9335 31
9336 31
9337 30
9338 31
9339 30
9340 31
9341 31
9342 30
9343 30
9344 30
9345 30
9346 31
9347 31
9348 31
9349 29
9350 30
9351 31
9352 31
9353 30
9354 30
9355 30
9356 29
9357 29
9358 30
9359 31
9360 29
9361 31
9362 30
9363 31
9364 31
9365 30
9366 30
9367 30
9368 31
9369 31
9370 30
9371 31
9372 30
9373 30
9374 30
9375 30
9376 30
9377 30
9378 31
9379 30
9380 31
9381 30
9382 31
9383 31
9384 31
9385 30
9386 30
9387 30
9388 31
9389 30
9390 30
9391 31
9392 30
9393 30
9394 30
9395 30
9396 30
9397 29
9398 31
9399 31
9400 30
9401 31
9402 30
9403 30
9404 31
9405 30
9406 30
9407 30
9408 31
9409 31
9410 29
9411 31
9412 30
9413 29
9414 30
9415 31
9416 28
9417 30
9418 31
9419 31
9420 29
9421 30
9422 31
9423 29
9424 30
9425 30
9426 31
9427 30
9428 30
9429 29
9430 30
9431 30
9432 30
9433 31
9434 30
9435 31
9436 31
9437 30
9438 30
9439 30
9440 30
9441 31
9442 30
9443 31
9444 30
9445 31
9446 31
9447 30
9448 30
9449 31
9450 31
9451 31
9452 30
9453 29
9454 30
9455 30
9456 30
9457 31
9458 30
9459 31
9460 30
9461 30
9462 31
9463 30
9464 31
9465 31
9466 30
9467 29
9468 30
9469 30
9470 30
9471 31
9472 30
9473 30
9474 30
9475 31
9476 31
9477 31
9478 31
9479 30
9480 30
9481 31
9482 31
9483 30
9484 30
9485 30
9486 30
9487 30
9488 31
9489 29
9490 29
9491 30
9492 30
9493 31
9494 30
9495 30
9496 31
9497 29
9498 30
9499 30
9500 31
9501 29
9502 30
9503 30
9504 30
9505 30
9506 31
9507 30
9508 31
9509 31
9510 30
9511 29
9512 31
9513 31
9514 30
9515 30
9516 30
9517 30
9518 30
9519 30
9520 29
9521 30
9522 29
9523 30
9524 30
9525 29
9526 31
9527 30
9528 30
9529 30
9530 31
9531 30
9532 30
9533 30
9534 30
9535 30
9536 30
9537 31
9538 31
9539 30
9540 31
9541 30
9542 30
9543 30
9544 29
9545 29
9546 30
9547 30
9548 30
9549 30
9550 30
9551 30
9552 30
9553 30
9554 31
9555 30
9556 30
9557 31
9558 30
9559 29
9560 30
9561 31
9562 29
9563 29
9564 30
9565 30
9566 30
9567 30
9568 30
9569 29
9570 29
9571 30
9572 31
9573 29
9574 31
9575 31
9576 29
9577 30
9578 30
9579 30
9580 30
9581 30
9582 30
9583 30
9584 30
9585 31
9586 31
9587 31
9588 29
9589 30
9590 30
9591 30
9592 29
9593 30
9594 29
9595 31
9596 30
9597 30
9598 30
9599 31
9600 30
9601 31
9602 31
9603 30
9604 30
9605 29
9606 30
9607 30
9608 30
9609 30
9610 30
9611 30
9612 29
9613 30
9614 30
9615 30
9616 30
9617 31
9618 31
9619 30
9620 30
9621 31
9622 30
9623 30
9624 29
9625 31
9626 30
9627 31
9628 30
9629 30
9630 31
9631 30
9632 30
9633 30
9634 30
9635 30
9636 31
9637 30
9638 29
9639 30
9640 30
9641 29
9642 30
9643 30
9644 30
9645 30
9646 29
9647 29
9648 30
9649 29
9650 29
9651 30
9652 30
9653 29
9654 30
9655 30
9656 31
9657 31
9658 30
9659 31
9660 30
9661 31
9662 30
9663 31
9664 31
9665 30
9666 30
9667 31
9668 30
9669 31
9670 30
9671 30
9672 30
9673 30
9674 30
9675 30
9676 30
9677 30
9678 30
9679 30
9680 30
9681 29
9682 31
9683 30
9684 31
9685 30
9686 30
9687 29
9688 30
9689 30
9690 31
9691 30
9692 31
9693 31
9694 30
9695 30
9696 30
9697 29
9698 30
9699 31
9700 30
9701 30
9702 30
9703 31
9704 30
9705 29
9706 30
9707 30
9708 30
9709 30
9710 31
9711 31
9712 30
9713 30
9714 30
9715 30
9716 30
9717 29
9718 31
9719 31
9720 30
9721 31
9722 30
9723 31
9724 31
9725 31
9726 30
9727 31
9728 30
9729 30
9730 30
9731 30
9732 30
9733 30
9734 31
9735 31
9736 29
9737 30
9738 31
9739 31
9740 31
9741 29
9742 31
9743 30
9744 29
9745 31
9746 30
9747 31
9748 31
9749 31
9750 31
9751 29
9752 30
9753 29
9754 31
9755 30
9756 31
9757 31
9758 30
9759 30
9760 30
9761 30
9762 30
9763 30
9764 31
9765 30
9766 30
9767 30
9768 29
9769 30
9770 29
9771 30
9772 29
9773 30
9774 31
9775 30
9776 31
9777 31
9778 31
9779 30
9780 30
9781 30
9782 30
9783 30
9784 30
9785 31
9786 30
9787 30
9788 31
9789 30
9790 30
9791 30
9792 30
9793 31
9794 30
9795 31
9796 30
9797 29
9798 29
9799 30
9800 31
9801 30
9802 29
9803 30
9804 29
9805 30
9806 31
9807 30
9808 30
9809 31
9810 31
9811 29
9812 29
9813 30
9814 29
9815 30
9816 30
9817 30
9818 30
9819 30
9820 30
9821 29
9822 30
9823 30
9824 30
9825 30
9826 30
9827 29
9828 29
9829 30
9830 31
9831 30
9832 30
9833 30
9834 30
9835 30
9836 31
9837 30
9838 30
9839 30
9840 31
9841 30
9842 30
9843 30
9844 30
9845 29
9846 31
9847 31
9848 30
9849 30
9850 29
9851 30
9852 30
9853 30
9854 30
9855 30
9856 29
9857 30
9858 31
9859 30
9860 30
9861 31
9862 30
9863 30
9864 31
9865 30
9866 30
9867 30
9868 30
9869 29
9870 30
9871 30
9872 31
9873 30
9874 30
9875 29
9876 30
9877 31
9878 30
9879 30
9880 31
9881 30
9882 30
9883 30
9884 30
9885 30
9886 30
9887 30
9888 30
9889 31
9890 30
9891 30
9892 30
9893 30
9894 30
9895 29
9896 30
9897 30
9898 30
9899 30
9900 30
9901 30
9902 31
9903 30
9904 30
9905 29
9906 30
9907 30
9908 30
9909 31
9910 30
9911 30
9912 31
9913 30
9914 30
9915 31
9916 31
9917 30
9918 30
9919 31
9920 30
9921 29
9922 29
9923 30
9924 31
9925 29
9926 31
9927 29
9928 31
9929 30
9930 30
9931 30
9932 30
9933 31
9934 30
9935 30
9936 30
9937 30
9938 29
9939 30
9940 30
9941 30
9942 30
9943 30
9944 31
9945 30
9946 30
9947 30
9948 30
9949 30
9950 30
9951 30
9952 30
9953 30
9954 30
9955 31
9956 30
9957 31
9958 30
9959 30
9960 30
9961 30
9962 30
9963 31
9964 30
9965 30
9966 30
9967 30
9968 29
9969 29
9970 30
9971 30
9972 30
9973 30
9974 30
9975 31
9976 30
9977 30
9978 31
9979 30
9980 30
9981 29
9982 31
9983 31
9984 30
9985 29
9986 29
9987 30
9988 29
9989 30
9990 31
9991 31
9992 31
9993 30
9994 29
9995 30
9996 30
9997 30
9998 30
9999 31
10000 30
10001 30
10002 30
10003 30
10004 30
10005 31
10006 30
10007 29
10008 30
10009 29
10010 30
10011 30
10012 30
10013 30
10014 30
10015 30
10016 31
10017 31
10018 30
10019 30
10020 30
10021 30
10022 29
10023 31
10024 31
10025 30
10026 30
10027 29
10028 31
10029 29
10030 30
10031 29
10032 30
10033 31
10034 29
10035 31
10036 31
10037 30
10038 31
10039 30
10040 30
10041 30
10042 30
10043 30
10044 30
10045 30
10046 30
10047 31
10048 30
10049 30
10050 30
10051 30
10052 31
10053 31
10054 30
10055 30
10056 30
10057 30
10058 30
10059 31
10060 29
10061 30
10062 30
10063 30
10064 30
10065 30
10066 30
10067 30
10068 30
10069 30
10070 29
10071 31
10072 30
10073 30
10074 30
10075 30
10076 30
10077 30
10078 30
10079 30
10080 30
10081 30
10082 30
10083 30
10084 30
10085 30
10086 30
10087 30
10088 31
10089 31
10090 30
10091 31
10092 31
10093 31
10094 30
10095 30
10096 30
10097 30
10098 31
10099 31
10100 31
10101 31
10102 30
10103 30
10104 30
10105 29
10106 30
10107 31
10108 31
10109 31
10110 31
10111 31
10112 30
10113 31
10114 30
10115 30
10116 30
10117 29
10118 30
10119 30
10120 30
10121 29
10122 30
10123 31
10124 31
10125 31
10126 31
10127 31
10128 29
10129 31
10130 31
10131 30
10132 30
10133 29
10134 31
10135 30
10136 31
10137 30
10138 30
10139 31
10140 30
10141 30
10142 30
10143 30
10144 30
10145 31
10146 29
10147 29
10148 29
10149 31
10150 30
10151 30
10152 30
10153 30
10154 30
10155 30
10156 30
10157 29
10158 30
10159 31
10160 30
10161 30
10162 30
10163 30
10164 30
10165 30
10166 31
10167 30
10168 31
10169 30
10170 30
10171 30
10172 29
10173 31
10174 31
10175 30
10176 30
10177 31
10178 30
10179 30
10180 31
10181 30
10182 30
10183 30
10184 29
10185 31
10186 30
10187 30
10188 30
10189 31
10190 30
10191 30
10192 30
10193 30
10194 31
10195 30
10196 31
10197 30
10198 30
10199 30
10200 29
10201 30
10202 30
10203 30
10204 30
10205 30
10206 31
10207 29
10208 30
10209 30
10210 30
10211 30
10212 31
10213 30
10214 30
10215 30
10216 30
10217 31
10218 30
10219 30
10220 31
10221 30
10222 31
10223 30
10224 30
10225 30
10226 30
10227 29
10228 30
10229 30
10230 30
10231 30
10232 30
10233 31
10234 30
10235 30
10236 29
10237 31
10238 30
10239 30
10240 30
10241 30
10242 30
10243 30
10244 30
10245 30
10246 31
10247 31
10248 29
10249 31
10250 30
10251 30
10252 31
10253 31
10254 30
10255 30
10256 31
10257 31
10258 30
10259 31
10260 29
10261 30
10262 29
10263 30
10264 30
10265 30
10266 31
10267 31
10268 30
10269 30
10270 30
10271 30
10272 30
10273 31
10274 30
10275 30
10276 30
10277 30
10278 29
10279 30
10280 30
10281 31
10282 31
10283 30
10284 30
10285 30
10286 29
10287 31
10288 30
10289 30
10290 30
10291 30
10292 30
10293 31
10294 30
10295 31
10296 31
10297 29
10298 29
10299 31
10300 30
10301 31
10302 31
10303 29
10304 31
10305 30
10306 31
10307 29
10308 30
10309 31
10310 30
10311 30
10312 31
10313 30
10314 30
10315 29
10316 30
10317 29
10318 30
10319 30
10320 31
10321 30
10322 30
10323 30
10324 30
10325 31
10326 30
10327 31
10328 30
10329 29
10330 31
10331 30
10332 29
10333 30
10334 30
10335 30
10336 31
10337 29
10338 31
10339 31
10340 30
10341 30
10342 31
10343 31
10344 30
10345 30
10346 30
10347 31
10348 31
10349 30
10350 29
10351 30
10352 30
10353 29
10354 30
10355 29
10356 30
10357 30
10358 31
10359 30
10360 31
10361 30
10362 30
10363 30
10364 31
10365 31
10366 30
10367 31
10368 31
10369 30
10370 29
10371 29
10372 30
10373 30
10374 30
10375 31
10376 29
10377 30
10378 29
10379 29
10380 30
10381 31
10382 30
10383 29
10384 30
10385 30
10386 30
10387 31
10388 29
10389 29
10390 30
10391 30
10392 30
10393 30
10394 31
10395 29
10396 30
10397 31
10398 30
10399 31
10400 31
10401 30
10402 30
10403 30
10404 30
10405 30
10406 30
10407 29
10408 30
10409 30
10410 30
10411 30
10412 31
10413 31
10414 30
10415 30
10416 29
10417 30
10418 31
10419 30
10420 30
10421 31
10422 30
10423 31
10424 29
10425 30
10426 31
10427 30
10428 30
10429 30
10430 30
10431 30
10432 30
10433 30
10434 31
10435 30
10436 30
10437 30
10438 31
10439 29
10440 30
10441 30
10442 30
10443 31
10444 31
10445 30
10446 31
10447 30
10448 30
10449 30
10450 31
10451 31
10452 29
10453 31
10454 30
10455 29
10456 30
10457 30
10458 30
10459 31
10460 30
10461 30
10462 30
10463 29
10464 30
10465 30
10466 30
10467 30
10468 30
10469 30
10470 29
10471 30
10472 31
10473 30
10474 29
10475 30
10476 30
10477 30
10478 30
10479 30
10480 30
10481 29
10482 30
10483 31
10484 30
10485 30
10486 29
10487 29
10488 30
10489 31
10490 31
10491 29
10492 30
10493 30
10494 30
10495 30
10496 31
10497 30
10498 31
10499 29
10500 30
10501 29
10502 30
10503 31
10504 30
10505 30
10506 30
10507 30
10508 31
10509 29
10510 30
10511 30
10512 30
10513 30
10514 31
10515 31
10516 30
10517 29
10518 30
10519 30
10520 31
10521 29
10522 31
10523 29
10524 30
10525 30
10526 30
10527 31
10528 31
10529 30
10530 31
10531 30
10532 31
10533 31
10534 30
10535 30
10536 30
10537 31
10538 30
10539 30
10540 30
10541 31
10542 31
10543 31
10544 31
10545 30
10546 30
10547 31
10548 30
10549 29
10550 29
10551 29
10552 30
10553 30
10554 30
10555 29
10556 31
10557 30
10558 31
10559 31
10560 31
10561 30
10562 30
10563 30
10564 30
10565 30
10566 30
10567 31
10568 30
10569 30
10570 31
10571 29
10572 31
10573 30
10574 30
10575 29
10576 30
10577 30
10578 30
10579 31
10580 30
10581 30
10582 30
10583 31
10584 30
10585 30
10586 30
10587 30
10588 30
10589 31
10590 29
10591 30
10592 30
10593 30
10594 30
10595 30
10596 30
10597 31
10598 30
10599 30
10600 29
10601 31
10602 30
10603 30
10604 30
10605 30
10606 30
10607 30
10608 29
10609 30
10610 30
10611 30
10612 29
10613 31
10614 30
10615 30
10616 31
10617 30
10618 30
10619 30
10620 30
10621 31
10622 30
10623 30
10624 30
10625 30
10626 30
10627 30
10628 30
10629 30
10630 30
10631 31
10632 31
10633 30
10634 31
10635 30
10636 30
10637 30
10638 30
10639 30
10640 30
10641 30
10642 30
10643 31
10644 31
10645 31
10646 30
10647 30
10648 31
10649 30
10650 30
10651 30
10652 30
10653 29
10654 30
10655 30
10656 30
10657 30
10658 30
10659 30
10660 30
10661 31
10662 31
10663 31
10664 30
10665 30
10666 30
10667 30
10668 30
10669 30
10670 29
10671 31
10672 30
10673 30
10674 31
10675 30
10676 30
10677 31
10678 29
10679 30
10680 30
10681 31
10682 30
10683 29
10684 30
10685 31
10686 30
10687 30
10688 29
10689 30
10690 30
10691 31
10692 31
10693 30
10694 30
10695 30
10696 30
10697 30
10698 30
10699 29
10700 30
10701 29
10702 31
10703 29
10704 29
10705 30
10706 30
10707 31
10708 30
10709 30
10710 31
10711 30
10712 29
10713 30
10714 30
10715 30
10716 30
10717 29
10718 29
10719 30
10720 29
10721 30
10722 30
10723 31
10724 30
10725 31
10726 30
10727 31
10728 31
10729 29
10730 30
10731 29
10732 30
10733 30
10734 30
10735 30
10736 31
10737 30
10738 30
10739 30
10740 30
10741 30
10742 30
10743 29
10744 31
10745 30
10746 30
10747 31
10748 30
10749 30
10750 31
10751 31
10752 30
10753 30
10754 29
10755 30
10756 30
10757 30
10758 30
10759 31
10760 30
10761 30
10762 29
10763 30
10764 30
10765 30
10766 30
10767 31
10768 30
10769 31
10770 30
10771 30
10772 30
10773 30
10774 31
10775 30
10776 30
10777 31
10778 30
10779 31
10780 30
10781 29
10782 30
10783 30
10784 30
10785 30
10786 30
10787 30
10788 30
10789 30
10790 30
10791 31
10792 31
10793 30
10794 30
10795 31
10796 30
10797 31
10798 30
10799 30
10800 31
10801 30
10802 30
10803 30
10804 31
10805 30
10806 29
10807 31
10808 30
10809 30
10810 30
10811 30
10812 29
10813 31
10814 31
10815 31
10816 30
10817 30
10818 30
10819 29
10820 31
10821 30
10822 30
10823 30
10824 30
10825 30
10826 30
10827 31
10828 30
10829 31
10830 29
10831 31
10832 31
10833 30
10834 30
10835 30
10836 30
10837 29
10838 31
10839 31
10840 31
10841 30
10842 31
10843 30
10844 29
10845 30
10846 30
10847 30
10848 30
10849 30
10850 31
10851 29
10852 31
10853 31
10854 30
10855 31
10856 30
10857 30
10858 30
10859 31
10860 31
10861 29
10862 31
10863 30
10864 31
10865 29
10866 30
10867 29
10868 30
10869 31
10870 31
10871 31
10872 31
10873 30
10874 30
10875 30
10876 30
10877 31
10878 30
10879 30
10880 31
10881 30
10882 29
10883 30
10884 30
10885 30
10886 30
10887 29
10888 31
10889 30
10890 30
10891 30
10892 30
10893 31
10894 29
10895 30
10896 31
10897 30
10898 31
10899 31
10900 29
10901 30
10902 29
10903 30
10904 30
10905 29
10906 31
10907 30
10908 30
10909 29
10910 30
10911 31
10912 30
10913 30
10914 31
10915 30
10916 30
10917 30
10918 30
10919 30
10920 31
10921 31
10922 29
10923 29
10924 30
10925 31
10926 31
10927 30
10928 30
10929 30
10930 30
10931 30
10932 30
10933 30
10934 31
10935 30
10936 30
10937 29
10938 30
10939 31
10940 31
10941 29
10942 30
10943 31
10944 29
10945 30
10946 31
10947 29
10948 30
10949 30
10950 30
10951 30
10952 31
10953 30
10954 30
10955 30
10956 29
10957 30
10958 30
10959 30
10960 30
10961 30
10962 30
10963 31
10964 30
10965 30
10966 29
10967 30
10968 30
10969 29
10970 30
10971 30
10972 31
10973 30
10974 31
10975 30
10976 31
10977 30
10978 30
10979 30
10980 30
10981 31
10982 30
10983 30
10984 31
10985 30
10986 30
10987 30
10988 30
10989 29
10990 30
10991 31
10992 30
10993 30
10994 29
10995 29
10996 30
10997 31
10998 30
10999 30
11000 31
11001 30
11002 29
11003 29
11004 30
11005 29
11006 31
11007 31
11008 29
11009 30
11010 31
11011 30
11012 31
11013 31
11014 29
11015 30
11016 30
11017 29
11018 31
11019 30
11020 30
11021 30
11022 30
11023 31
11024 30
11025 29
11026 29
11027 30
11028 31
11029 30
11030 30
11031 30
11032 31
11033 30
11034 30
11035 31
11036 31
11037 30
11038 31
11039 31
11040 30
11041 30
11042 30
11043 31
11044 30
11045 30
11046 30
11047 30
11048 30
11049 30
11050 31
11051 30
11052 31
11053 30
11054 29
11055 30
11056 30
11057 30
11058 30
11059 31
11060 30
11061 30
11062 30
11063 31
11064 30
11065 30
11066 30
11067 30
11068 31
11069 30
11070 31
11071 30
11072 31
11073 30
11074 30
11075 30
11076 30
11077 30
11078 30
11079 31
11080 30
11081 31
11082 31
11083 30
11084 30
11085 29
11086 30
11087 30
11088 30
11089 30
11090 31
11091 30
11092 30
11093 29
11094 29
11095 30
11096 30
11097 30
11098 30
11099 30
11100 30
11101 30
11102 30
11103 30
11104 31
11105 29
11106 30
11107 29
11108 30
11109 30
11110 30
11111 30
11112 30
11113 30
11114 30
11115 31
11116 30
11117 30
11118 30
11119 30
11120 29
11121 30
11122 30
11123 31
11124 30
11125 30
11126 30
11127 30
11128 31
11129 30
11130 30
11131 29
11132 31
11133 30
11134 30
11135 30
11136 30
11137 30
11138 30
11139 30
11140 31
11141 30
11142 30
11143 30
11144 31
11145 30
11146 30
11147 31
11148 30
11149 30
11150 30
11151 30
11152 30
11153 31
11154 30
11155 30
11156 30
11157 31
11158 30
11159 31
11160 31
11161 30
11162 30
11163 30
11164 30
11165 30
11166 30
11167 31
11168 30
11169 31
11170 30
11171 30
11172 29
11173 30
11174 31
11175 30
11176 31
11177 30
11178 30
11179 30
11180 31
11181 30
11182 30
11183 30
11184 30
11185 31
11186 30
11187 30
11188 30
11189 31
11190 29
11191 30
11192 30
11193 30
11194 30
11195 31
11196 30
11197 31
11198 30
11199 31
11200 29
11201 30
11202 31
11203 30
11204 31
11205 30
11206 30
11207 30
11208 30
11209 31
11210 30
11211 31
11212 30
11213 30
11214 30
11215 29
11216 29
11217 30
11218 30
11219 30
11220 30
11221 31
11222 30
11223 29
11224 30
11225 30
11226 30
11227 31
11228 30
11229 30
11230 30
11231 31
11232 30
11233 31
11234 29
11235 30
11236 30
11237 29
11238 30
11239 31
11240 30
11241 30
11242 30
11243 31
11244 30
11245 30
11246 30
11247 30
11248 30
11249 30
11250 30
11251 29
11252 31
11253 29
11254 30
11255 30
11256 31
11257 30
11258 30
11259 30
11260 31
11261 30
11262 29
11263 30
11264 30
11265 30
11266 30
11267 31
11268 30
11269 31
11270 30
11271 31
11272 30
11273 31
11274 31
11275 30
11276 30
11277 30
11278 30
11279 29
11280 30
11281 31
11282 30
11283 30
11284 30
11285 29
11286 30
11287 30
11288 30
11289 31
11290 29
11291 30
11292 30
11293 30
11294 29
11295 30
11296 29
11297 30
11298 30
11299 30
11300 31
11301 31
11302 31
11303 30
11304 30
11305 31
11306 30
11307 31
11308 29
11309 29
11310 30
11311 29
11312 29
11313 30
11314 30
11315 29
11316 31
11317 31
11318 30
11319 30
11320 30
11321 30
11322 31
11323 30
11324 31
11325 29
11326 29
11327 28
11328 31
11329 30
11330 30
11331 31
11332 30
11333 30
11334 30
11335 29
11336 31
11337 30
11338 30
11339 30
11340 30
11341 29
11342 30
11343 30
11344 31
11345 30
11346 30
11347 29
11348 31
11349 30
11350 30
11351 29
11352 30
11353 30
11354 29
11355 31
11356 30
11357 30
11358 30
11359 31
11360 29
11361 31
11362 30
11363 31
11364 30
11365 31
11366 30
11367 30
11368 30
11369 30
11370 30
11371 30
11372 31
11373 31
11374 30
11375 30
11376 30
11377 30
11378 29
11379 30
11380 30
11381 30
11382 29
11383 31
11384 30
11385 30
11386 29
11387 30
11388 31
11389 30
11390 30
11391 29
11392 30
11393 30
11394 31
11395 30
11396 31
11397 30
11398 30
11399 30
11400 29
11401 31
11402 30
11403 30
11404 31
11405 30
11406 29
11407 30
11408 30
11409 29
11410 30
11411 30
11412 30
11413 30
11414 31
11415 30
11416 30
11417 31
11418 30
11419 30
11420 30
11421 30
11422 30
11423 30
11424 30
11425 30
11426 31
11427 31
11428 30
11429 30
11430 30
11431 29
11432 30
11433 29
11434 30
11435 30
11436 30
11437 30
11438 30
11439 30
11440 30
11441 30
11442 30
11443 30
11444 31
11445 31
11446 30
11447 30
11448 30
11449 31
11450 30
11451 30
11452 31
11453 30
11454 30
11455 30
11456 31
11457 30
11458 29
11459 29
11460 30
11461 31
11462 30
11463 30
11464 29
11465 31
11466 30
11467 30
11468 30
11469 29
11470 29
11471 30
11472 31
11473 30
11474 30
11475 30
11476 30
11477 31
11478 29
11479 30
11480 31
11481 30
11482 30
11483 31
11484 31
11485 30
11486 30
11487 30
11488 31
11489 29
11490 29
11491 31
11492 30
11493 30
11494 30
11495 29
11496 30
11497 30
11498 29
11499 30
11500 30
11501 30
11502 30
11503 30
11504 30
11505 31
11506 30
11507 30
11508 31
11509 30
11510 29
11511 31
11512 30
11513 29
11514 30
11515 30
11516 30
11517 30
11518 30
11519 31
11520 30
11521 29
11522 31
11523 30
11524 29
11525 30
11526 30
11527 30
11528 30
11529 29
11530 30
11531 31
11532 30
11533 30
11534 30
11535 31
11536 30
11537 31
11538 30
11539 31
11540 31
11541 31
11542 29
11543 30
11544 29
11545 30
11546 31
11547 31
11548 30
11549 31
11550 30
11551 29
11552 31
11553 30
11554 30
11555 30
11556 29
11557 30
11558 30
11559 30
11560 30
11561 30
11562 30
11563 31
11564 31
11565 30
11566 30
11567 30
11568 30
11569 30
11570 30
11571 30
11572 29
11573 30
11574 29
11575 30
11576 31
11577 29
11578 30
11579 30
11580 31
11581 30
11582 30
11583 31
11584 30
11585 29
11586 30
11587 30
11588 31
11589 29
11590 30
11591 30
11592 30
11593 30
11594 31
11595 30
11596 30
11597 30
11598 30
11599 29
11600 30
11601 30
11602 30
11603 29
11604 30
11605 30
11606 30
11607 29
11608 31
11609 30
11610 31
11611 31
11612 31
11613 31
11614 30
11615 30
11616 31
11617 30
11618 30
11619 29
11620 31
11621 30
11622 31
11623 30
11624 29
11625 31
11626 29
11627 29
11628 30
11629 29
11630 30
11631 31
11632 31
11633 30
11634 30
11635 30
11636 30
11637 30
11638 29
11639 31
11640 30
11641 31
11642 30
11643 31
11644 30
11645 31
11646 30
11647 31
11648 30
11649 30
11650 30
11651 30
11652 30
11653 31
11654 30
11655 29
11656 31
11657 30
11658 31
11659 30
11660 29
11661 30
11662 30
11663 30
11664 30
11665 30
11666 30
11667 31
11668 30
11669 30
11670 30
11671 30
11672 29
11673 30
11674 30
11675 30
11676 30
11677 30
11678 30
11679 31
11680 30
11681 30
11682 30
11683 30
11684 31
11685 30
11686 30
11687 30
11688 30
11689 31
11690 30
11691 29
11692 30
11693 30
11694 30
11695 30
11696 29
11697 31
11698 29
11699 30
11700 30
11701 30
11702 31
11703 30
11704 30
11705 30
11706 31
11707 31
11708 30
11709 31
11710 30
11711 30
11712 30
11713 30
11714 30
11715 29
11716 30
11717 30
11718 30
11719 30
11720 31
11721 30
11722 31
11723 30
11724 30
11725 30
11726 30
11727 30
11728 30
11729 30
11730 31
11731 31
11732 31
11733 30
11734 29
11735 30
11736 30
11737 31
11738 31
11739 30
11740 31
11741 30
11742 31
11743 30
11744 30
11745 31
11746 30
11747 29
11748 30
11749 30
11750 30
11751 30
11752 30
11753 30
11754 30
11755 30
11756 29
11757 31
11758 30
11759 30
11760 30
11761 30
11762 31
11763 31
11764 30
11765 30
11766 29
11767 30
11768 30
11769 30
11770 29
11771 29
11772 31
11773 30
11774 31
11775 30
11776 30
11777 30
11778 30
11779 29
11780 30
11781 30
11782 30
11783 31
11784 31
11785 29
11786 30
11787 31
11788 31
11789 30
11790 31
11791 30
11792 30
11793 29
11794 30
11795 30
11796 29
11797 30
11798 30
11799 30
11800 29
11801 30
11802 29
11803 30
11804 29
11805 30
11806 30
11807 30
11808 30
11809 31
11810 30
11811 30
11812 30
11813 30
11814 29
11815 30
11816 29
11817 30
11818 31
11819 31
11820 28
11821 30
11822 29
11823 30
11824 30
11825 31
11826 31
11827 30
11828 30
11829 31
11830 31
11831 31
11832 30
11833 30
11834 30
11835 31
11836 30
11837 30
11838 30
11839 30
11840 31
11841 31
11842 30
11843 29
11844 29
11845 30
11846 30
11847 30
11848 30
11849 30
11850 31
11851 29
11852 29
11853 30
11854 30
11855 29
11856 30
11857 30
11858 30
11859 30
11860 30
11861 30
11862 30
11863 31
11864 30
11865 30
11866 30
11867 30
11868 30
11869 29
11870 30
11871 30
11872 29
11873 30
11874 31
11875 30
11876 31
11877 30
11878 30
11879 30
11880 30
11881 29
11882 30
11883 31
11884 30
11885 31
11886 30
11887 30
11888 29
11889 30
11890 31
11891 30
11892 30
11893 31
11894 31
11895 31
11896 30
11897 29
11898 30
11899 30
11900 30
11901 31
11902 30
11903 31
11904 30
11905 31
11906 30
11907 29
11908 30
11909 30
11910 30
11911 30
11912 30
11913 30
11914 30
11915 30
11916 31
11917 31
11918 30
11919 30
11920 30
11921 31
11922 29
11923 30
11924 30
11925 30
11926 29
11927 29
11928 30
11929 30
11930 30
11931 29
11932 29
11933 30
11934 29
11935 29
11936 30
11937 30
11938 30
11939 31
11940 30
11941 30
11942 31
11943 30
11944 30
11945 30
11946 31
11947 30
11948 30
11949 31
11950 30
11951 29
11952 30
11953 29
11954 30
11955 29
11956 31
11957 30
11958 30
11959 30
11960 30
11961 29
11962 30
11963 30
11964 30
11965 29
11966 30
11967 31
11968 30
11969 31
11970 31
11971 30
11972 30
11973 31
11974 31
11975 30
11976 29
11977 30
11978 29
11979 30
11980 30
11981 30
11982 30
11983 30
11984 31
11985 30
11986 31
11987 31
11988 30
11989 30
11990 30
11991 30
11992 30
11993 30
11994 30
11995 30
11996 29
11997 30
11998 30
11999 30
12000 30
12001 30
12002 30
12003 30
12004 30
12005 30
12006 30
12007 30
12008 30
12009 31
12010 30
12011 30
12012 29
12013 30
12014 30
12015 31
12016 31
12017 30
12018 29
12019 31
12020 30
12021 30
12022 30
12023 31
12024 31
12025 31
12026 30
12027 30
12028 30
12029 31
12030 30
12031 30
12032 30
12033 31
12034 30
12035 30
12036 30
12037 30
12038 30
12039 30
12040 31
12041 30
12042 29
12043 30
12044 31
12045 31
12046 31
12047 30
12048 30
12049 30
12050 30
12051 30
12052 30
12053 31
12054 30
12055 31
12056 31
12057 30
12058 30
12059 31
12060 30
12061 30
12062 31
12063 31
12064 30
12065 30
12066 30
12067 30
12068 30
12069 30
12070 30
12071 31
12072 31
12073 31
12074 30
12075 30
12076 30
12077 28
12078 31
12079 30
12080 30
12081 30
12082 30
12083 30
12084 30
12085 30
12086 31
12087 30
12088 30
12089 30
12090 30
12091 30
12092 29
12093 30
12094 30
12095 30
12096 30
12097 30
12098 31
12099 29
