Polymer_Index N_1
0 25
1 25
2 25
3 25
4 25
5 25
6 25
7 25
8 24
9 25
10 25
11 24
12 25
13 24
14 25
15 25
16 25
17 24
18 24
19 25
20 25
21 25
22 24
23 25
24 25
25 24
26 25
27 25
28 25
29 25
30 25
31 26
32 25
33 25
34 24
35 25
36 25
37 25
38 25
39 24
40 24
41 24
42 25
43 24
44 25
45 24
46 24
47 25
48 24
49 26
50 25
51 25
52 24
53 24
54 25
55 25
56 25
57 24
58 25
59 25
60 25
61 25
62 25
63 24
64 25
65 25
66 25
67 25
68 25
69 25
70 25
71 24
72 24
73 25
74 25
75 25
76 25
77 24
78 25
79 25
80 25
81 25
82 25
83 25
84 24
85 25
86 24
87 25
88 24
89 25
90 25
91 25
92 24
93 24
94 25
95 25
96 25
97 25
98 24
99 25
100 25
101 25
102 25
103 25
104 25
105 24
106 25
107 25
108 24
109 25
110 26
111 25
112 25
113 24
114 25
115 25
116 25
117 25
118 25
119 25
120 25
121 25
122 25
123 25
124 24
125 25
126 25
127 25
128 24
129 25
130 25
131 25
132 25
133 25
134 25
135 25
136 25
137 25
138 25
139 25
140 25
141 25
142 24
143 25
144 25
145 25
146 25
147 25
148 25
149 25
150 25
151 24
152 24
153 24
154 25
155 25
156 24
157 25
158 24
159 25
160 25
161 25
162 25
163 25
164 25
165 25
166 24
167 25
168 25
169 25
170 25
171 24
172 25
173 24
174 25
175 24
176 24
177 25
178 25
179 25
180 25
181 24
182 24
183 24
184 25
185 24
186 24
187 24
188 25
189 25
190 25
191 25
192 24
193 24
194 25
195 25
196 25
197 25
198 25
199 25
200 25
201 25
202 25
203 25
204 25
205 24
206 25
207 25
208 24
209 24
210 25
211 25
212 25
213 25
214 25
215 25
216 25
217 25
218 25
219 24
220 25
221 26
222 25
223 24
224 24
225 25
226 25
227 25
228 25
229 24
230 25
231 25
232 25
233 24
234 25
235 25
236 25
237 25
238 24
239 25
240 25
241 25
242 25
243 24
244 25
245 25
246 25
247 25
248 25
249 24
250 25
251 25
252 25
253 25
254 25
255 25
256 25
257 25
258 25
259 24
260 25
261 24
262 25
263 24
264 25
265 25
266 25
267 24
268 24
269 25
270 24
271 25
272 24
273 25
274 24
275 25
276 25
277 24
278 25
279 25
280 25
281 24
282 25
283 25
284 25
285 25
286 24
287 25
288 25
289 24
290 25
291 25
292 25
293 24
294 26
295 25
296 25
297 25
298 25
299 25
300 25
301 25
302 24
303 25
304 24
305 25
306 25
307 25
308 25
309 24
310 25
311 25
312 25
313 25
314 25
315 25
316 25
317 25
318 25
319 25
320 24
321 25
322 24
323 25
324 25
325 25
326 25
327 25
328 24
329 24
330 25
331 25
332 24
333 25
334 24
335 25
336 25
337 25
338 25
339 25
340 25
341 24
342 25
343 25
344 25
345 24
346 25
347 25
348 25
349 25
350 25
351 25
352 25
353 25
354 25
355 24
356 25
357 24
358 25
359 25
360 25
361 25
362 25
363 24
364 25
365 25
366 24
367 24
368 25
369 25
370 25
371 24
372 24
373 25
374 25
375 25
376 25
377 25
378 25
379 25
380 24
381 25
382 24
383 25
384 25
385 25
386 25
387 25
388 25
389 25
390 25
391 25
392 25
393 24
394 24
395 25
396 25
397 25
398 25
399 23
400 25
401 24
402 24
403 24
404 24
405 25
406 25
407 24
408 25
409 24
410 24
411 25
412 25
413 25
414 24
415 24
416 25
417 24
418 25
419 25
420 24
421 25
422 24
423 25
424 24
425 24
426 25
427 24
428 25
429 25
430 25
431 25
432 25
433 25
434 24
435 25
436 25
437 25
438 25
439 24
440 25
441 25
442 25
443 25
444 25
445 24
446 24
447 25
448 24
449 25
450 24
451 25
452 24
453 24
454 24
455 25
456 25
457 25
458 25
459 25
460 25
461 25
462 25
463 25
464 25
465 24
466 25
467 25
468 25
469 24
470 25
471 25
472 24
473 25
474 24
475 24
476 25
477 25
478 25
479 24
480 25
481 25
482 24
483 25
484 25
485 24
486 25
487 25
488 24
489 25
490 24
491 24
492 25
493 25
494 25
495 25
496 24
497 24
498 24
499 25
500 24
501 25
502 25
503 24
504 25
505 25
506 25
507 24
508 25
509 25
510 25
511 25
512 25
513 24
514 25
515 25
516 24
517 24
518 24
519 25
520 24
521 25
522 24
523 25
524 25
525 24
526 25
527 25
528 24
529 25
530 24
531 24
532 25
533 25
534 25
535 24
536 25
537 25
538 24
539 25
540 25
541 25
542 24
543 24
544 25
545 24
546 25
547 25
548 25
549 24
550 25
551 24
552 25
553 25
554 25
555 25
556 25
557 25
558 24
559 25
560 24
561 25
562 25
563 25
564 24
565 25
566 25
567 25
568 24
569 25
570 25
571 25
572 25
573 24
574 24
575 25
576 24
577 25
578 25
579 25
580 24
581 24
582 25
583 25
584 24
585 25
586 25
587 24
588 25
589 25
590 25
591 25
592 25
593 25
594 25
595 24
596 24
597 25
598 25
599 25
600 24
601 24
602 25
603 25
604 25
605 24
606 24
607 25
608 24
609 25
610 25
611 25
612 25
613 25
614 25
615 25
616 25
617 25
618 25
619 24
620 25
621 24
622 25
623 25
624 24
625 24
626 25
627 24
628 23
629 25
630 25
631 25
632 24
633 24
634 24
635 24
636 25
637 25
638 24
639 25
640 25
641 25
642 24
643 24
644 24
645 24
646 25
647 25
648 25
649 25
650 24
651 25
652 25
653 25
654 24
655 25
656 25
657 25
658 25
659 24
660 24
661 25
662 25
663 25
664 25
665 25
666 25
667 25
668 24
669 25
670 25
671 24
672 24
673 25
674 24
675 24
676 24
677 25
678 25
679 24
680 25
681 25
682 25
683 25
684 24
685 24
686 25
687 24
688 25
689 25
690 24
691 24
692 24
693 24
694 25
695 25
696 24
697 24
698 25
699 25
700 25
701 25
702 25
703 24
704 24
705 25
706 25
707 25
708 25
709 24
710 25
711 25
712 25
713 25
714 25
715 25
716 24
717 26
718 25
719 25
720 25
721 25
722 25
723 25
724 25
725 25
726 24
727 25
728 24
729 25
730 24
731 25
732 25
733 24
734 25
735 24
736 25
737 25
738 25
739 25
740 24
741 25
742 24
743 25
744 24
745 25
746 25
747 25
748 25
749 24
750 25
751 25
752 25
753 24
754 24
755 25
756 25
757 25
758 25
759 24
760 25
761 24
762 25
763 25
764 24
765 25
766 25
767 25
768 25
769 25
770 25
771 25
772 25
773 25
774 25
775 25
776 24
777 24
778 25
779 25
780 25
781 25
782 25
783 24
784 24
785 24
786 25
787 25
788 25
789 24
790 25
791 25
792 25
793 25
794 25
795 25
796 25
797 25
798 24
799 25
800 25
801 24
802 25
803 25
804 25
805 25
806 24
807 25
808 24
809 26
810 25
811 25
812 25
813 24
814 24
815 25
816 25
817 25
818 25
819 25
820 25
821 25
822 25
823 25
824 25
825 25
826 25
827 25
828 25
829 24
830 25
831 25
832 25
833 24
834 25
835 25
836 24
837 24
838 25
839 25
840 25
841 25
842 25
843 24
844 25
845 25
846 24
847 25
848 25
849 24
850 25
851 25
852 25
853 25
854 24
855 25
856 25
857 24
858 24
859 25
860 25
861 25
862 25
863 25
864 25
865 25
866 25
867 24
868 25
869 24
870 24
871 25
872 25
873 25
874 24
875 24
876 25
877 24
878 25
879 25
880 24
881 25
882 25
883 24
884 25
885 24
886 25
887 25
888 24
889 25
890 24
891 23
892 25
893 24
894 25
895 25
896 24
897 25
898 25
899 25
900 25
901 24
902 25
903 25
904 24
905 24
906 24
907 24
908 24
909 25
910 25
911 24
912 24
913 25
914 24
915 24
916 25
917 24
918 25
919 25
920 25
921 24
922 25
923 25
924 25
925 25
926 24
927 24
928 24
929 25
930 25
931 25
932 24
933 25
934 25
935 24
936 25
937 24
938 25
939 25
940 25
941 25
942 25
943 25
944 24
945 24
946 25
947 24
948 24
949 24
950 26
951 25
952 25
953 25
954 24
955 25
956 25
957 25
958 24
959 25
960 24
961 25
962 25
963 24
964 24
965 25
966 24
967 25
968 25
969 25
970 25
971 24
972 25
973 25
974 25
975 25
976 25
977 25
978 25
979 25
980 24
981 24
982 25
983 25
984 25
985 25
986 24
987 25
988 24
989 24
990 24
991 25
992 24
993 24
994 24
995 25
996 25
997 24
998 24
999 24
1000 25
1001 25
1002 24
1003 25
1004 25
1005 25
1006 25
1007 25
1008 25
1009 25
1010 24
1011 25
1012 25
1013 24
1014 25
1015 25
1016 25
1017 24
1018 25
1019 25
1020 25
1021 24
1022 24
1023 25
1024 25
1025 25
1026 25
1027 25
1028 25
1029 25
1030 25
1031 25
1032 25
1033 24
1034 25
1035 25
1036 25
1037 25
1038 24
1039 24
1040 24
1041 25
1042 24
1043 25
1044 25
1045 25
1046 24
1047 25
1048 25
1049 25
1050 25
1051 25
1052 25
1053 24
1054 24
1055 24
1056 24
1057 25
1058 25
1059 25
1060 25
1061 25
1062 25
1063 24
1064 25
1065 25
1066 25
1067 24
1068 25
1069 25
1070 25
1071 24
1072 24
1073 25
1074 25
1075 25
1076 26
1077 25
1078 25
1079 25
1080 24
1081 24
1082 24
1083 24
1084 24
1085 25
1086 25
1087 25
1088 24
1089 25
1090 25
1091 25
1092 24
1093 25
1094 24
1095 25
1096 25
1097 25
1098 25
1099 24
1100 25
1101 24
1102 24
1103 24
1104 25
1105 25
1106 25
1107 24
1108 25
1109 25
1110 25
1111 25
1112 25
1113 24
1114 26
1115 24
1116 25
1117 24
1118 25
1119 24
1120 25
1121 25
1122 25
1123 25
1124 25
1125 24
1126 25
1127 25
1128 25
1129 24
1130 25
1131 24
1132 24
1133 25
1134 25
1135 25
1136 25
1137 24
1138 25
1139 24
1140 25
1141 25
1142 25
1143 25
1144 25
1145 25
1146 24
1147 24
1148 25
1149 25
1150 25
1151 25
1152 24
1153 25
1154 24
1155 25
1156 25
1157 25
1158 24
1159 25
1160 25
1161 25
1162 24
1163 25
1164 24
1165 25
1166 25
1167 24
1168 25
1169 25
1170 25
1171 25
1172 25
1173 25
1174 25
1175 24
1176 24
1177 25
1178 25
1179 24
1180 24
1181 24
1182 24
1183 24
1184 24
1185 24
1186 25
1187 25
1188 25
1189 25
1190 25
1191 25
1192 25
1193 24
1194 24
1195 25
1196 25
1197 25
1198 25
1199 25
1200 25
1201 25
1202 25
1203 25
1204 24
1205 24
1206 24
1207 25
1208 24
1209 25
1210 25
1211 25
1212 25
1213 24
1214 25
1215 25
1216 25
1217 24
1218 25
1219 24
1220 25
1221 25
1222 25
1223 24
1224 25
1225 24
1226 24
1227 25
1228 24
1229 26
1230 25
1231 25
1232 25
1233 24
1234 25
1235 25
1236 25
1237 25
1238 24
1239 24
1240 24
1241 25
1242 25
1243 24
1244 25
1245 24
1246 25
1247 25
1248 24
1249 24
1250 25
1251 24
1252 24
1253 24
1254 24
1255 25
1256 25
1257 25
1258 25
1259 25
1260 25
1261 24
1262 24
1263 25
1264 25
1265 25
1266 25
1267 25
1268 24
1269 25
1270 25
1271 25
1272 25
1273 25
1274 25
1275 24
1276 24
1277 24
1278 24
1279 25
1280 25
1281 25
1282 25
1283 25
1284 25
1285 25
1286 25
1287 25
1288 25
1289 25
1290 25
1291 24
1292 24
1293 25
1294 25
1295 25
1296 25
1297 25
1298 25
1299 25
1300 25
1301 25
1302 25
1303 25
1304 25
1305 24
1306 25
1307 24
1308 24
1309 25
1310 25
1311 25
1312 25
1313 24
1314 24
1315 25
1316 24
1317 25
1318 25
1319 25
1320 25
1321 25
1322 25
1323 25
1324 24
1325 25
1326 24
1327 25
1328 25
1329 24
1330 25
1331 25
1332 25
1333 25
1334 25
1335 24
1336 23
1337 24
1338 24
1339 24
1340 25
1341 24
1342 25
1343 25
1344 25
1345 25
1346 24
1347 25
1348 24
1349 23
1350 25
1351 25
1352 25
1353 24
1354 25
1355 25
1356 24
1357 24
1358 25
1359 25
1360 24
1361 25
1362 24
1363 25
1364 25
1365 26
1366 24
1367 25
1368 24
1369 25
1370 24
1371 25
1372 25
1373 24
1374 24
1375 24
1376 24
1377 25
1378 25
1379 25
1380 25
1381 25
1382 25
1383 25
1384 25
1385 25
1386 25
1387 25
1388 25
1389 25
1390 25
1391 25
1392 24
1393 25
1394 25
1395 25
1396 24
1397 24
1398 25
1399 24
1400 25
1401 25
1402 25
1403 25
1404 24
1405 25
1406 26
1407 25
1408 25
1409 25
1410 25
1411 24
1412 25
1413 24
1414 24
1415 25
1416 26
1417 25
1418 24
1419 24
1420 24
1421 25
1422 24
1423 25
1424 24
1425 25
1426 25
1427 24
1428 25
1429 25
1430 25
1431 25
1432 24
1433 25
1434 24
1435 25
1436 25
1437 25
1438 25
1439 25
1440 25
1441 25
1442 24
1443 24
1444 24
1445 24
1446 24
1447 25
1448 25
1449 25
1450 24
1451 25
1452 25
1453 25
1454 24
1455 24
1456 25
1457 25
1458 25
1459 25
1460 24
1461 25
1462 25
1463 25
1464 24
1465 24
1466 25
1467 25
1468 25
1469 24
1470 24
1471 25
1472 25
1473 25
1474 24
1475 24
1476 25
1477 25
1478 25
1479 25
1480 25
1481 25
1482 25
1483 25
1484 24
1485 25
1486 24
1487 25
1488 24
1489 25
1490 25
1491 25
1492 25
1493 24
1494 25
1495 25
1496 25
1497 24
1498 25
1499 25
1500 25
1501 24
1502 25
1503 24
1504 25
1505 25
1506 24
1507 24
1508 25
1509 25
1510 25
1511 24
1512 25
1513 25
1514 25
1515 24
1516 24
1517 25
1518 25
1519 25
1520 25
1521 25
1522 25
1523 25
1524 24
1525 25
1526 25
1527 24
1528 24
1529 25
1530 25
1531 25
1532 24
1533 25
1534 26
1535 24
1536 25
1537 24
1538 24
1539 25
1540 25
1541 25
1542 25
1543 25
1544 24
1545 24
1546 25
1547 25
1548 25
1549 25
1550 25
1551 24
1552 24
1553 24
1554 25
1555 24
1556 24
1557 25
1558 25
1559 25
1560 24
1561 25
1562 24
1563 25
1564 25
1565 25
1566 24
1567 25
1568 25
1569 24
1570 25
1571 25
1572 24
1573 24
1574 24
1575 25
1576 25
1577 25
1578 25
1579 25
1580 25
1581 25
1582 24
1583 24
1584 25
1585 25
1586 25
1587 24
1588 25
1589 24
1590 25
1591 25
1592 24
1593 24
1594 25
1595 24
1596 25
1597 25
1598 24
1599 25
1600 24
1601 24
1602 25
1603 25
1604 24
1605 25
1606 24
1607 24
1608 24
1609 25
1610 24
1611 24
1612 25
1613 25
1614 25
1615 24
1616 25
1617 25
1618 25
1619 25
1620 25
1621 25
1622 25
1623 25
1624 25
1625 25
1626 25
1627 24
1628 25
1629 25
1630 25
1631 24
1632 25
1633 25
1634 25
1635 25
1636 25
1637 25
1638 25
1639 24
1640 24
1641 24
1642 24
1643 25
1644 24
1645 25
1646 24
1647 25
1648 25
1649 25
1650 25
1651 25
1652 25
1653 24
1654 25
1655 25
1656 25
1657 25
1658 25
1659 24
1660 25
1661 25
1662 24
1663 25
1664 25
1665 24
1666 25
1667 25
1668 24
1669 25
1670 24
1671 24
1672 25
1673 26
1674 25
1675 25
1676 25
1677 25
1678 24
1679 25
1680 24
1681 25
1682 24
1683 24
1684 25
1685 24
1686 25
1687 25
1688 25
1689 25
1690 25
1691 24
1692 26
1693 25
1694 24
1695 24
1696 25
1697 25
1698 25
1699 25
1700 24
1701 25
1702 24
1703 25
1704 24
1705 24
1706 24
1707 24
1708 24
1709 25
1710 25
1711 24
1712 25
1713 24
1714 24
1715 25
1716 24
1717 25
1718 24
1719 24
1720 25
1721 24
1722 25
1723 25
1724 25
1725 25
1726 25
1727 25
1728 25
1729 24
1730 24
1731 25
1732 24
1733 25
1734 25
1735 25
1736 25
1737 25
1738 25
1739 24
1740 25
1741 25
1742 24
1743 24
1744 25
1745 25
1746 25
1747 25
1748 24
1749 25
1750 25
1751 25
1752 25
1753 25
1754 25
1755 24
1756 25
1757 25
1758 25
1759 25
1760 25
1761 25
1762 24
1763 25
1764 24
1765 25
1766 24
1767 25
1768 24
1769 25
1770 25
1771 26
1772 25
1773 25
1774 25
1775 25
1776 25
1777 24
1778 25
1779 25
1780 24
1781 24
1782 24
1783 25
1784 24
1785 25
1786 24
1787 24
1788 25
1789 24
1790 25
1791 25
1792 24
1793 25
1794 25
1795 24
1796 25
1797 25
1798 25
1799 25
1800 25
1801 25
1802 25
1803 25
1804 25
1805 25
1806 25
1807 25
1808 25
1809 24
1810 25
1811 25
1812 25
1813 26
1814 25
1815 25
1816 24
1817 25
1818 25
1819 24
1820 25
1821 25
1822 25
1823 25
1824 25
1825 26
1826 25
1827 25
1828 25
1829 25
1830 25
1831 25
1832 25
1833 24
1834 25
1835 24
1836 25
1837 25
1838 25
1839 24
1840 25
1841 25
1842 24
1843 25
1844 24
1845 25
1846 25
1847 25
1848 24
1849 25
1850 25
1851 25
1852 25
1853 25
1854 25
1855 26
1856 25
1857 25
1858 24
1859 25
1860 25
1861 25
1862 25
1863 25
1864 24
1865 26
1866 25
1867 25
1868 25
1869 24
1870 24
1871 24
1872 24
1873 25
1874 24
1875 24
1876 24
1877 25
1878 24
1879 25
1880 25
1881 25
1882 25
1883 25
1884 25
1885 25
1886 25
1887 24
1888 25
1889 24
1890 24
1891 25
1892 25
1893 25
1894 25
1895 25
1896 25
1897 24
1898 25
1899 25
1900 24
1901 25
1902 24
1903 25
1904 24
1905 24
1906 24
1907 25
1908 25
1909 25
1910 24
1911 25
1912 25
1913 25
1914 23
1915 24
1916 24
1917 24
1918 25
1919 25
1920 24
1921 25
1922 25
1923 24
1924 25
1925 25
1926 25
1927 25
1928 25
1929 25
1930 24
1931 25
1932 24
1933 25
1934 24
1935 25
1936 25
1937 24
1938 25
1939 24
1940 25
1941 25
1942 24
1943 25
1944 25
1945 25
1946 25
1947 24
1948 25
1949 25
1950 24
1951 25
1952 25
1953 24
1954 25
1955 24
1956 25
1957 25
1958 24
1959 25
1960 25
1961 25
1962 25
1963 24
1964 25
1965 25
1966 25
1967 24
1968 24
1969 25
1970 25
1971 25
1972 25
1973 25
1974 25
1975 25
1976 25
1977 25
1978 24
1979 24
1980 25
1981 25
1982 24
1983 25
1984 24
1985 25
1986 25
1987 25
1988 24
1989 25
1990 25
1991 25
1992 24
1993 25
1994 24
1995 25
1996 25
1997 25
1998 25
1999 25
2000 25
2001 24
2002 25
2003 25
2004 24
2005 25
2006 24
2007 24
2008 24
2009 25
2010 25
2011 25
2012 25
2013 25
2014 25
2015 25
2016 24
2017 25
2018 24
2019 25
2020 24
2021 23
2022 25
2023 25
2024 25
2025 24
2026 25
2027 24
2028 24
2029 25
2030 25
2031 24
2032 24
2033 24
2034 25
2035 24
2036 25
2037 25
2038 25
2039 24
2040 25
2041 25
2042 25
2043 25
2044 25
2045 24
2046 24
2047 24
2048 25
2049 25
2050 24
2051 25
2052 24
2053 24
2054 24
2055 24
2056 24
2057 24
2058 25
2059 24
2060 24
2061 25
2062 25
2063 25
2064 25
2065 25
2066 24
2067 25
2068 24
2069 24
2070 25
2071 25
2072 25
2073 25
2074 25
2075 24
2076 25
2077 25
2078 24
2079 25
2080 25
2081 25
2082 25
2083 25
2084 24
2085 24
2086 25
2087 25
2088 25
2089 25
2090 24
2091 25
2092 25
2093 25
2094 25
2095 25
2096 25
2097 25
2098 26
2099 24
2100 25
2101 24
2102 24
2103 25
2104 25
2105 24
2106 25
2107 25
2108 25
2109 25
2110 25
2111 25
2112 24
2113 25
2114 25
2115 25
2116 24
2117 25
2118 25
2119 25
2120 24
2121 24
2122 25
2123 25
2124 25
2125 25
2126 24
2127 25
2128 24
2129 25
2130 24
2131 25
2132 24
2133 24
2134 24
2135 24
2136 25
2137 25
2138 24
2139 24
2140 25
2141 25
2142 25
2143 25
2144 25
2145 25
2146 25
2147 25
2148 25
2149 25
2150 25
2151 24
2152 25
2153 24
2154 25
2155 25
2156 24
2157 25
2158 25
2159 25
2160 25
2161 25
2162 25
2163 25
2164 25
2165 25
2166 25
2167 25
2168 25
2169 24
2170 25
2171 25
2172 24
2173 24
2174 24
2175 24
2176 24
2177 24
2178 25
2179 25
2180 25
2181 25
2182 25
2183 25
2184 25
2185 24
2186 25
2187 25
2188 25
2189 24
2190 24
2191 25
2192 25
2193 25
2194 24
2195 25
2196 25
2197 24
2198 25
2199 24
2200 25
2201 25
2202 25
2203 24
2204 24
2205 24
2206 24
2207 24
2208 24
2209 25
2210 25
2211 25
2212 25
2213 25
2214 25
2215 24
2216 24
2217 25
2218 24
2219 25
2220 25
2221 24
2222 25
2223 25
2224 25
2225 25
2226 24
2227 25
2228 24
2229 25
2230 25
2231 24
2232 25
2233 25
2234 25
2235 25
2236 25
2237 25
2238 25
2239 25
2240 25
2241 25
2242 25
2243 24
2244 24
2245 25
2246 25
2247 25
2248 25
2249 24
2250 24
2251 25
2252 25
2253 25
2254 25
2255 25
2256 24
2257 24
2258 24
2259 25
2260 25
2261 25
2262 25
2263 24
2264 25
2265 25
2266 25
2267 25
2268 25
2269 25
2270 25
2271 24
2272 25
2273 25
2274 25
2275 25
2276 25
2277 24
2278 24
2279 25
2280 24
2281 25
2282 24
2283 25
2284 25
2285 25
2286 24
2287 25
2288 24
2289 25
2290 26
2291 25
2292 25
2293 26
2294 25
2295 25
2296 24
2297 25
2298 25
2299 25
2300 25
2301 24
2302 24
2303 25
2304 25
2305 24
2306 25
2307 25
2308 25
2309 24
2310 25
2311 25
2312 25
2313 24
2314 25
2315 24
2316 25
2317 25
2318 25
2319 25
2320 25
2321 24
2322 25
2323 25
2324 25
2325 24
2326 24
2327 25
2328 25
2329 25
2330 24
2331 25
2332 24
2333 24
2334 25
2335 24
2336 24
2337 25
2338 25
2339 24
2340 25
2341 25
2342 25
2343 25
2344 24
2345 25
2346 24
2347 24
2348 25
2349 24
2350 25
2351 25
2352 25
2353 24
2354 25
2355 25
2356 24
2357 24
2358 25
2359 24
2360 25
2361 25
2362 25
2363 24
2364 25
2365 25
2366 25
2367 24
2368 23
2369 24
2370 24
2371 24
2372 25
2373 25
2374 24
2375 25
2376 25
2377 25
2378 24
2379 25
2380 24
2381 25
2382 25
2383 24
2384 25
2385 25
2386 25
2387 25
2388 24
2389 24
2390 25
2391 25
2392 25
2393 25
2394 25
2395 25
2396 25
2397 25
2398 24
2399 24
2400 25
2401 25
2402 25
2403 24
2404 25
2405 25
2406 25
2407 24
2408 25
2409 24
2410 25
2411 24
2412 25
2413 25
2414 25
2415 25
2416 25
2417 25
2418 25
2419 25
2420 25
2421 24
2422 25
2423 25
2424 24
2425 25
2426 25
2427 24
2428 24
2429 25
2430 25
2431 24
2432 24
2433 25
2434 25
2435 25
2436 25
2437 25
2438 25
2439 25
2440 25
2441 25
2442 25
2443 25
2444 25
2445 24
2446 25
2447 25
2448 25
2449 25
2450 24
2451 25
2452 25
2453 25
2454 25
2455 24
2456 25
2457 24
2458 25
2459 24
2460 24
2461 25
2462 25
2463 24
2464 25
2465 25
2466 24
2467 24
2468 24
2469 25
2470 24
2471 25
2472 24
2473 25
2474 25
2475 25
2476 24
2477 25
2478 25
2479 25
2480 25
2481 25
2482 24
2483 25
2484 25
2485 24
2486 25
2487 24
2488 25
2489 24
2490 26
2491 25
2492 25
2493 24
2494 25
2495 24
2496 25
2497 25
2498 25
2499 24
2500 25
2501 24
2502 24
2503 25
2504 25
2505 25
2506 25
2507 25
2508 24
2509 24
2510 24
2511 25
2512 25
2513 25
2514 25
2515 25
2516 25
2517 25
2518 24
2519 24
2520 25
2521 25
2522 25
2523 24
2524 26
2525 24
2526 25
2527 25
2528 25
2529 24
2530 25
2531 25
2532 25
2533 24
2534 25
2535 25
2536 25
2537 26
2538 25
2539 26
2540 25
2541 25
2542 24
2543 25
2544 25
2545 25
2546 25
2547 25
2548 25
2549 25
2550 25
2551 24
2552 25
2553 25
2554 25
2555 25
2556 24
2557 24
2558 25
2559 25
2560 25
2561 24
2562 24
2563 24
2564 24
2565 25
2566 24
2567 25
2568 25
2569 25
2570 24
2571 25
2572 25
2573 25
2574 25
2575 24
2576 24
2577 25
2578 25
2579 25
2580 25
2581 24
2582 25
2583 25
2584 25
2585 24
2586 25
2587 24
2588 25
2589 25
2590 25
2591 25
2592 24
2593 25
2594 25
2595 25
2596 25
2597 24
2598 24
2599 25
2600 25
2601 25
2602 25
2603 25
2604 25
2605 25
2606 24
2607 24
2608 24
2609 24
2610 24
2611 25
2612 25
2613 25
2614 24
2615 25
2616 25
2617 25
2618 25
2619 25
2620 25
2621 25
2622 25
2623 25
2624 25
2625 25
2626 25
2627 25
2628 25
2629 24
2630 25
2631 25
2632 25
2633 25
2634 24
2635 25
2636 25
2637 25
2638 25
2639 24
2640 24
2641 25
2642 25
2643 25
2644 24
2645 24
2646 24
2647 25
2648 25
2649 25
2650 25
2651 24
2652 25
2653 25
2654 24
2655 25
2656 25
2657 25
2658 24
2659 25
2660 24
2661 25
2662 25
2663 25
2664 25
2665 24
2666 24
2667 25
2668 25
2669 25
2670 25
2671 25
2672 25
2673 25
2674 25
2675 25
2676 24
2677 25
2678 25
2679 24
2680 24
2681 25
2682 25
2683 25
2684 24
2685 25
2686 24
2687 25
2688 25
2689 25
2690 25
2691 25
2692 25
2693 24
2694 24
2695 25
2696 25
2697 25
2698 25
2699 24
2700 25
2701 25
2702 25
2703 25
2704 24
2705 25
2706 24
2707 25
2708 25
2709 25
2710 25
2711 24
2712 24
2713 25
2714 25
2715 25
2716 25
2717 24
2718 24
2719 24
2720 25
2721 24
2722 25
2723 25
2724 25
2725 24
2726 25
2727 25
2728 24
2729 25
2730 25
2731 25
2732 25
2733 25
2734 25
2735 25
2736 24
2737 24
2738 24
2739 25
2740 24
2741 25
2742 24
2743 25
2744 25
2745 25
2746 25
2747 25
2748 24
2749 25
2750 24
2751 25
2752 25
2753 24
2754 25
2755 25
2756 25
2757 25
2758 25
2759 26
2760 25
2761 24
2762 25
2763 24
2764 25
2765 25
2766 25
2767 25
2768 25
2769 24
2770 24
2771 25
2772 25
2773 25
2774 25
2775 24
2776 25
2777 25
2778 25
2779 25
2780 25
2781 25
2782 25
2783 25
2784 25
2785 24
2786 25
2787 25
2788 25
2789 25
2790 25
2791 25
2792 25
2793 25
2794 25
2795 24
2796 25
2797 25
2798 24
2799 24
2800 24
2801 24
2802 25
2803 25
2804 25
2805 25
2806 25
2807 25
2808 24
2809 25
2810 25
2811 25
2812 24
2813 25
2814 25
2815 25
2816 25
2817 25
2818 25
2819 25
2820 24
2821 25
2822 25
2823 24
2824 25
2825 25
2826 24
2827 24
2828 25
2829 25
2830 25
2831 24
2832 25
2833 25
2834 24
2835 25
2836 25
2837 25
2838 25
2839 24
2840 24
2841 25
2842 24
2843 24
2844 25
2845 26
2846 25
2847 24
2848 25
2849 25
2850 24
2851 25
2852 24
2853 24
2854 25
2855 25
2856 25
2857 24
2858 24
2859 25
2860 24
2861 24
2862 25
2863 25
2864 24
2865 24
2866 25
2867 25
2868 26
2869 25
2870 25
2871 25
2872 25
2873 25
2874 25
2875 25
2876 25
2877 25
2878 24
2879 25
2880 24
2881 24
2882 25
2883 24
2884 24
2885 25
2886 24
2887 25
2888 25
2889 25
2890 25
2891 24
2892 25
2893 25
2894 25
2895 25
2896 25
2897 25
2898 25
2899 24
2900 25
2901 25
2902 25
2903 25
2904 24
2905 25
2906 25
2907 25
2908 25
2909 25
2910 25
2911 25
2912 25
2913 25
2914 25
2915 25
2916 24
2917 25
2918 24
2919 24
2920 24
2921 25
2922 25
2923 24
2924 25
2925 25
2926 25
2927 25
2928 25
2929 24
2930 25
2931 24
2932 24
2933 25
2934 24
2935 25
2936 25
2937 24
2938 25
2939 25
2940 25
2941 25
2942 24
2943 25
2944 25
2945 25
2946 25
2947 25
2948 24
2949 25
2950 25
2951 25
2952 25
2953 25
2954 25
2955 25
2956 25
2957 24
2958 24
2959 25
2960 25
2961 25
2962 25
2963 25
2964 25
2965 25
2966 25
2967 24
2968 25
2969 25
2970 25
2971 25
2972 24
2973 25
2974 25
2975 24
2976 24
2977 25
2978 25
2979 25
2980 24
2981 25
2982 25
2983 24
2984 24
2985 24
2986 25
2987 25
2988 25
2989 25
2990 25
2991 25
2992 25
2993 24
2994 25
2995 25
2996 23
2997 24
2998 25
2999 25
3000 24
3001 25
3002 25
3003 25
3004 24
3005 24
3006 24
3007 24
3008 25
3009 25
3010 25
3011 25
3012 24
3013 25
3014 25
3015 24
3016 25
3017 24
3018 24
3019 25
3020 25
3021 25
3022 25
3023 25
3024 25
3025 25
3026 25
3027 25
3028 25
3029 25
3030 25
3031 24
3032 25
3033 25
3034 25
3035 25
3036 25
3037 25
3038 25
3039 25
3040 24
3041 24
3042 25
3043 24
3044 25
3045 24
3046 25
3047 25
3048 25
3049 25
3050 25
3051 24
3052 25
3053 25
3054 25
3055 24
3056 24
3057 25
3058 25
3059 25
3060 24
3061 24
3062 24
3063 24
3064 25
3065 25
3066 25
3067 25
3068 25
3069 25
3070 24
3071 25
3072 25
3073 25
3074 25
3075 25
3076 24
3077 24
3078 25
3079 25
3080 24
3081 25
3082 24
3083 25
3084 25
3085 25
3086 25
3087 25
3088 25
3089 25
3090 24
3091 24
3092 25
3093 25
3094 24
3095 24
3096 25
3097 25
3098 25
3099 24
3100 25
3101 25
3102 25
3103 24
3104 25
3105 25
3106 25
3107 24
3108 25
3109 25
3110 25
3111 24
3112 25
3113 25
3114 24
3115 25
3116 25
3117 25
3118 24
3119 25
3120 24
3121 24
3122 25
3123 25
3124 25
3125 25
3126 25
3127 24
3128 25
3129 24
3130 25
3131 24
3132 25
3133 24
3134 25
3135 25
3136 25
3137 25
3138 26
3139 24
3140 25
3141 25
3142 24
3143 25
3144 25
3145 25
3146 25
3147 25
3148 25
3149 25
3150 26
3151 24
3152 25
3153 25
3154 26
3155 24
3156 25
3157 24
3158 24
3159 24
3160 25
3161 24
3162 25
3163 25
3164 25
3165 24
3166 25
3167 25
3168 26
3169 25
3170 24
3171 25
3172 25
3173 25
3174 24
3175 24
3176 25
3177 25
3178 24
3179 24
3180 25
3181 25
3182 25
3183 24
3184 24
3185 24
3186 25
3187 25
3188 24
3189 24
3190 25
3191 24
3192 25
3193 24
3194 25
3195 24
3196 24
3197 24
3198 26
3199 24
3200 24
3201 24
3202 25
3203 24
3204 24
3205 24
3206 25
3207 25
3208 25
3209 25
3210 25
3211 26
3212 25
3213 25
3214 24
3215 24
3216 25
3217 25
3218 24
3219 24
3220 25
3221 25
3222 25
3223 25
3224 26
3225 25
3226 24
3227 25
3228 25
3229 25
3230 25
3231 25
3232 25
3233 25
3234 25
3235 25
3236 25
3237 25
3238 25
3239 24
3240 25
3241 25
3242 25
3243 25
3244 25
3245 25
3246 25
3247 25
3248 24
3249 25
3250 25
3251 25
3252 25
3253 24
3254 25
3255 25
3256 25
3257 24
3258 25
3259 24
3260 24
3261 25
3262 25
3263 25
3264 25
3265 25
3266 25
3267 24
3268 24
3269 25
3270 25
3271 25
3272 25
3273 24
3274 25
3275 24
3276 24
3277 25
3278 24
3279 25
3280 24
3281 25
3282 25
3283 24
3284 25
3285 25
3286 24
3287 25
3288 24
3289 25
3290 25
3291 25
3292 25
3293 25
3294 25
3295 25
3296 25
3297 25
3298 24
3299 25
3300 25
3301 25
3302 25
3303 25
3304 24
3305 25
3306 25
3307 25
3308 25
3309 24
3310 25
3311 24
3312 25
3313 24
3314 24
3315 24
3316 24
3317 25
3318 25
3319 25
3320 24
3321 24
3322 24
3323 24
3324 25
3325 24
3326 24
3327 24
3328 25
3329 25
3330 25
3331 25
3332 25
3333 26
3334 24
3335 24
3336 25
3337 24
3338 25
3339 25
3340 25
3341 25
3342 25
3343 25
3344 25
3345 24
3346 25
3347 25
3348 25
3349 25
3350 24
3351 25
3352 24
3353 25
3354 25
3355 24
3356 25
3357 24
3358 25
3359 25
3360 25
3361 25
3362 24
3363 25
3364 25
3365 25
3366 25
3367 24
3368 25
3369 25
3370 25
3371 25
3372 25
3373 25
3374 24
3375 25
3376 25
3377 25
3378 25
3379 25
3380 24
3381 24
3382 25
3383 25
3384 25
3385 25
3386 25
3387 24
3388 24
3389 24
3390 24
3391 25
3392 24
3393 24
3394 25
3395 25
3396 25
3397 25
3398 25
3399 25
3400 25
3401 24
3402 25
3403 25
3404 25
3405 25
3406 24
3407 24
3408 25
3409 25
3410 24
3411 25
3412 25
3413 25
3414 25
3415 25
3416 25
3417 25
3418 24
3419 24
3420 25
3421 25
3422 24
3423 24
3424 24
3425 24
3426 25
3427 25
3428 25
3429 25
3430 25
3431 25
3432 25
3433 25
3434 24
3435 24
3436 25
3437 24
3438 25
3439 24
3440 25
3441 25
3442 24
3443 25
3444 25
3445 25
3446 25
3447 25
3448 25
3449 24
3450 24
3451 24
3452 25
3453 24
3454 25
3455 25
3456 25
3457 25
3458 25
3459 24
3460 25
3461 25
3462 25
3463 24
3464 24
3465 25
3466 26
3467 24
3468 25
3469 26
3470 25
3471 25
3472 25
3473 25
3474 25
3475 23
3476 25
3477 24
3478 25
3479 25
3480 25
3481 25
3482 24
3483 25
3484 25
3485 24
3486 25
3487 24
3488 25
3489 25
3490 25
3491 24
3492 24
3493 25
3494 25
3495 24
3496 24
3497 24
3498 24
3499 25
3500 25
3501 25
3502 25
3503 25
3504 25
3505 24
3506 25
3507 24
3508 24
3509 24
3510 25
3511 25
3512 25
3513 24
3514 24
3515 24
3516 24
3517 24
3518 25
3519 25
3520 24
3521 25
3522 24
3523 24
3524 24
3525 24
3526 25
3527 24
3528 25
3529 25
3530 24
3531 24
3532 25
3533 24
3534 24
3535 25
3536 24
3537 25
3538 25
3539 24
3540 24
3541 24
3542 25
3543 25
3544 25
3545 24
3546 25
3547 25
3548 25
3549 25
3550 24
3551 25
3552 25
3553 25
3554 24
3555 25
3556 24
3557 24
3558 25
3559 25
3560 25
3561 25
3562 24
3563 25
3564 25
3565 24
3566 25
3567 24
3568 25
3569 25
3570 25
3571 25
3572 25
3573 24
3574 25
3575 24
3576 25
3577 25
3578 25
3579 24
3580 24
3581 25
3582 24
3583 25
3584 24
3585 25
3586 24
3587 24
3588 24
3589 25
3590 24
3591 25
3592 25
3593 25
3594 25
3595 24
3596 25
3597 25
3598 25
3599 24
3600 25
3601 24
3602 24
3603 25
3604 25
3605 25
3606 25
3607 25
3608 24
3609 25
3610 25
3611 24
3612 25
3613 24
3614 25
3615 25
3616 25
3617 24
3618 25
3619 25
3620 24
3621 25
3622 25
3623 25
3624 25
3625 24
3626 24
3627 25
3628 25
3629 25
3630 25
3631 25
3632 25
3633 24
3634 25
3635 25
3636 24
3637 24
3638 25
3639 25
3640 24
3641 25
3642 25
3643 24
3644 24
3645 25
3646 24
3647 25
3648 25
3649 24
3650 24
3651 24
3652 24
3653 25
3654 25
3655 25
3656 25
3657 24
3658 24
3659 25
3660 25
3661 25
3662 25
3663 25
3664 25
3665 25
3666 25
3667 24
3668 25
3669 25
3670 25
3671 25
3672 24
3673 24
3674 24
3675 24
3676 25
3677 24
3678 24
3679 25
3680 24
3681 25
3682 25
3683 24
3684 25
3685 24
3686 25
3687 24
3688 25
3689 25
3690 24
3691 25
3692 24
3693 25
3694 25
3695 24
3696 24
3697 25
3698 25
3699 25
3700 24
3701 24
3702 25
3703 24
3704 25
3705 25
3706 25
3707 24
3708 24
3709 24
3710 25
3711 24
3712 24
3713 25
3714 24
3715 24
3716 25
3717 24
3718 25
3719 24
3720 25
3721 25
3722 25
3723 25
3724 24
3725 25
3726 24
3727 25
3728 24
3729 25
3730 25
3731 25
3732 25
3733 24
3734 25
3735 25
3736 25
3737 25
3738 25
3739 24
3740 25
3741 24
3742 24
3743 25
3744 25
3745 24
3746 25
3747 25
3748 25
3749 24
3750 24
3751 25
3752 25
3753 24
3754 25
3755 24
3756 25
3757 24
3758 24
3759 25
3760 25
3761 25
3762 24
3763 25
3764 25
3765 25
3766 25
3767 24
3768 25
3769 24
3770 25
3771 25
3772 25
3773 25
3774 25
3775 25
3776 24
3777 25
3778 25
3779 25
3780 25
3781 25
3782 25
3783 25
3784 25
3785 25
3786 25
3787 25
3788 24
3789 25
3790 25
3791 25
3792 25
3793 25
3794 25
3795 24
3796 24
3797 25
3798 25
3799 25
3800 25
3801 25
3802 25
3803 24
3804 24
3805 25
3806 26
3807 25
3808 25
3809 25
3810 25
3811 25
3812 25
3813 25
3814 25
3815 24
3816 25
3817 24
3818 25
3819 24
3820 25
3821 25
3822 25
3823 25
3824 25
3825 25
3826 24
3827 25
3828 25
3829 24
3830 24
3831 25
3832 24
3833 25
3834 24
3835 24
3836 25
3837 24
3838 25
3839 25
3840 25
3841 24
3842 25
3843 25
3844 25
3845 25
3846 24
3847 25
3848 24
3849 25
3850 24
3851 25
3852 25
3853 25
3854 25
3855 25
3856 25
3857 25
3858 25
3859 25
3860 25
3861 24
3862 25
3863 24
3864 25
3865 25
3866 25
3867 25
3868 24
3869 24
3870 25
3871 24
3872 25
3873 24
3874 25
3875 25
3876 24
3877 25
3878 25
3879 24
3880 24
3881 25
3882 25
3883 24
3884 24
3885 24
3886 24
3887 25
3888 24
3889 25
3890 25
3891 24
3892 25
3893 24
3894 25
3895 25
3896 24
3897 25
3898 25
3899 25
3900 25
3901 26
3902 25
3903 26
3904 24
3905 25
3906 25
3907 24
3908 24
3909 25
3910 25
3911 25
3912 24
3913 25
3914 25
3915 25
3916 25
3917 24
3918 25
3919 24
3920 24
3921 25
3922 25
3923 25
3924 25
3925 25
3926 25
3927 25
3928 25
3929 25
3930 25
3931 24
3932 25
3933 24
3934 25
3935 24
3936 25
3937 25
3938 25
3939 25
3940 24
3941 25
3942 25
3943 24
3944 24
3945 25
3946 25
3947 24
3948 25
3949 24
3950 24
3951 25
3952 25
3953 24
3954 25
3955 25
3956 25
3957 24
3958 24
3959 25
3960 25
3961 25
3962 25
3963 24
3964 25
3965 25
3966 24
3967 25
3968 25
3969 25
3970 24
3971 24
3972 25
3973 25
3974 24
3975 24
3976 24
3977 25
3978 25
3979 25
3980 25
3981 25
3982 25
3983 25
3984 24
3985 25
3986 25
3987 25
3988 25
3989 25
3990 25
3991 25
3992 25
3993 25
3994 25
3995 24
3996 25
3997 25
3998 24
3999 24
4000 25
4001 25
4002 25
4003 25
4004 25
4005 24
4006 24
4007 25
4008 25
4009 25
4010 24
4011 25
4012 25
4013 25
4014 25
4015 24
4016 24
4017 25
4018 24
4019 25
4020 25
4021 25
4022 25
4023 25
4024 25
4025 24
4026 25
4027 25
4028 25
4029 25
4030 25
4031 24
4032 25
4033 25
4034 25
4035 25
4036 25
4037 25
4038 25
4039 25
4040 25
4041 24
4042 24
4043 25
4044 25
4045 25
4046 25
4047 25
4048 25
4049 25
4050 25
4051 24
4052 25
4053 25
4054 24
4055 24
4056 24
4057 24
4058 25
4059 25
4060 25
4061 25
4062 24
4063 25
4064 25
4065 24
4066 25
4067 25
4068 25
4069 25
4070 24
4071 24
4072 24
4073 25
4074 24
4075 25
4076 25
4077 25
4078 24
4079 25
4080 25
4081 25
4082 25
4083 25
4084 26
4085 25
4086 25
4087 24
4088 24
4089 24
4090 24
4091 24
4092 25
4093 25
4094 25
4095 24
4096 24
4097 26
4098 24
4099 24
4100 25
4101 25
4102 25
4103 24
4104 26
4105 25
4106 25
4107 25
4108 25
4109 25
4110 25
4111 24
4112 25
4113 25
4114 25
4115 25
4116 25
4117 24
4118 25
4119 25
4120 24
4121 25
4122 26
4123 25
4124 25
4125 25
4126 25
4127 26
4128 25
4129 24
4130 24
4131 25
4132 25
4133 24
4134 24
4135 25
4136 24
4137 25
4138 25
4139 25
4140 25
4141 25
4142 24
4143 25
4144 25
4145 24
4146 25
4147 25
4148 24
4149 24
4150 25
4151 25
4152 25
4153 25
4154 25
4155 25
4156 25
4157 25
4158 24
4159 25
4160 24
4161 24
4162 25
4163 25
4164 25
4165 24
4166 25
4167 25
4168 25
4169 24
4170 25
4171 25
4172 25
4173 25
4174 25
4175 25
4176 24
4177 25
4178 24
4179 25
4180 24
4181 24
4182 25
4183 25
4184 23
4185 25
4186 25
4187 25
4188 25
4189 25
4190 24
4191 24
4192 25
4193 24
4194 25
4195 25
4196 25
4197 25
4198 25
4199 25
4200 25
4201 25
4202 25
4203 24
4204 25
4205 25
4206 25
4207 24
4208 25
4209 25
4210 24
4211 24
4212 25
4213 25
4214 25
4215 25
4216 25
4217 25
4218 25
4219 25
4220 24
4221 24
4222 24
4223 25
4224 24
4225 24
4226 25
4227 24
4228 24
4229 25
4230 24
4231 25
4232 25
4233 25
4234 24
4235 25
4236 24
4237 25
4238 24
4239 24
4240 24
4241 24
4242 25
4243 25
4244 25
4245 25
4246 25
4247 24
4248 25
4249 25
4250 24
4251 25
4252 25
4253 25
4254 25
4255 25
4256 25
4257 25
4258 25
4259 25
4260 24
4261 25
4262 25
4263 24
4264 25
4265 25
4266 25
4267 25
4268 25
4269 25
4270 25
4271 24
4272 25
4273 25
4274 25
4275 25
4276 25
4277 25
4278 25
4279 25
4280 24
4281 25
4282 24
4283 24
4284 24
4285 24
4286 24
4287 25
4288 25
4289 24
4290 25
4291 24
4292 25
4293 25
4294 25
4295 24
4296 25
4297 25
4298 25
4299 25
4300 24
4301 24
4302 25
4303 25
4304 25
4305 24
4306 25
4307 25
4308 25
4309 25
4310 24
4311 24
4312 24
4313 25
4314 24
4315 24
4316 24
4317 25
4318 24
4319 25
4320 25
4321 25
4322 25
4323 24
4324 25
4325 25
4326 25
4327 25
4328 24
4329 25
4330 25
4331 25
4332 25
4333 25
4334 24
4335 25
4336 25
4337 24
4338 25
4339 24
4340 25
4341 25
4342 24
4343 25
4344 24
4345 24
4346 25
4347 24
4348 25
4349 25
4350 25
4351 25
4352 24
4353 25
4354 25
4355 24
4356 24
4357 25
4358 25
4359 25
4360 24
4361 24
4362 25
4363 25
4364 24
4365 25
4366 25
4367 24
4368 24
4369 24
4370 24
4371 25
4372 25
4373 25
4374 25
4375 25
4376 25
4377 24
4378 25
4379 25
4380 25
4381 24
4382 24
4383 24
4384 25
4385 24
4386 25
4387 25
4388 25
4389 24
4390 24
4391 24
4392 24
4393 25
4394 25
4395 25
4396 25
4397 25
4398 24
4399 25
4400 24
4401 24
4402 25
4403 25
4404 24
4405 24
4406 24
4407 25
4408 24
4409 25
4410 25
4411 25
4412 24
4413 25
4414 24
4415 25
4416 25
4417 25
4418 24
4419 25
4420 24
4421 25
4422 25
4423 24
4424 25
4425 25
4426 25
4427 25
4428 25
4429 25
4430 25
4431 25
4432 25
4433 25
4434 24
4435 25
4436 25
4437 24
4438 25
4439 25
4440 24
4441 25
4442 24
4443 25
4444 25
4445 25
4446 24
4447 25
4448 25
4449 24
4450 25
4451 24
4452 25
4453 25
4454 25
4455 25
4456 25
4457 25
4458 25
4459 25
4460 25
4461 24
4462 24
4463 25
4464 25
4465 25
4466 25
4467 24
4468 25
4469 25
4470 25
4471 24
4472 24
4473 25
4474 24
4475 25
4476 25
4477 24
4478 24
4479 25
4480 25
4481 25
4482 25
4483 25
4484 25
4485 25
4486 25
4487 25
4488 25
4489 25
4490 25
4491 24
4492 25
4493 25
4494 24
4495 25
4496 25
4497 25
4498 25
4499 25
4500 25
4501 25
4502 24
4503 25
4504 25
4505 24
4506 25
4507 25
4508 25
4509 24
4510 25
4511 25
4512 25
4513 24
4514 25
4515 25
4516 26
4517 25
4518 25
4519 24
4520 24
4521 24
4522 24
4523 24
4524 24
4525 25
4526 25
4527 25
4528 24
4529 25
4530 25
4531 25
4532 24
4533 24
4534 25
4535 24
4536 25
4537 24
4538 24
4539 25
4540 25
4541 24
4542 25
4543 25
4544 25
4545 24
4546 24
4547 24
4548 25
4549 25
4550 25
4551 25
4552 25
4553 25
4554 25
4555 25
4556 24
4557 24
4558 24
4559 24
4560 24
4561 24
4562 25
4563 25
4564 24
4565 25
4566 24
4567 25
4568 25
4569 24
4570 25
4571 25
4572 25
4573 25
4574 25
4575 25
4576 24
4577 24
4578 25
4579 25
4580 24
4581 25
4582 25
4583 25
4584 25
4585 25
4586 25
4587 24
4588 24
4589 25
4590 25
4591 24
4592 25
4593 25
4594 24
4595 25
4596 24
4597 25
4598 25
4599 25
4600 24
4601 24
4602 25
4603 24
4604 26
4605 25
4606 25
4607 24
4608 25
4609 25
4610 25
4611 25
4612 25
4613 25
4614 24
4615 24
4616 24
4617 25
4618 24
4619 25
4620 24
4621 24
4622 24
4623 24
4624 24
4625 25
4626 25
4627 25
4628 24
4629 24
4630 25
4631 25
4632 25
4633 25
4634 24
4635 25
4636 24
4637 24
4638 25
4639 25
4640 24
4641 25
4642 25
4643 25
4644 25
4645 25
4646 25
4647 25
4648 25
4649 25
4650 25
4651 25
4652 24
4653 24
4654 25
4655 24
4656 24
4657 25
4658 25
4659 25
4660 24
4661 25
4662 24
4663 25
4664 25
4665 25
4666 26
4667 25
4668 25
4669 26
4670 25
4671 25
4672 24
4673 25
4674 25
4675 25
4676 25
4677 24
4678 25
4679 25
4680 24
4681 25
4682 25
4683 24
4684 25
4685 25
4686 24
4687 24
4688 25
4689 25
4690 25
4691 25
4692 25
4693 25
4694 24
4695 25
4696 25
4697 25
4698 25
4699 24
4700 25
4701 24
4702 25
4703 25
4704 25
4705 24
4706 25
4707 25
4708 24
4709 25
4710 25
4711 25
4712 25
4713 24
4714 25
4715 25
4716 25
4717 25
4718 24
4719 25
4720 25
4721 25
4722 25
4723 25
4724 26
4725 25
4726 25
4727 24
4728 25
4729 24
4730 25
4731 24
4732 24
4733 25
4734 25
4735 24
4736 25
4737 24
4738 24
4739 25
4740 25
4741 25
4742 24
4743 25
4744 24
4745 25
4746 25
4747 25
4748 25
4749 25
4750 25
4751 25
4752 24
4753 25
4754 25
4755 25
4756 25
4757 25
4758 25
4759 25
4760 26
4761 24
4762 25
4763 25
4764 24
4765 24
4766 25
4767 24
4768 25
4769 25
4770 24
4771 25
4772 25
4773 25
4774 24
4775 25
4776 25
4777 25
4778 24
4779 25
4780 24
4781 24
4782 25
4783 24
4784 25
4785 25
4786 25
4787 25
4788 24
4789 25
4790 25
4791 24
4792 25
4793 24
4794 25
4795 25
4796 25
4797 25
4798 25
4799 25
4800 24
4801 24
4802 24
4803 25
4804 25
4805 25
4806 24
4807 24
4808 24
4809 24
4810 25
4811 25
4812 24
4813 25
4814 25
4815 24
4816 25
4817 24
4818 25
4819 24
4820 25
4821 25
4822 25
4823 24
4824 24
4825 25
4826 24
4827 24
4828 25
4829 24
4830 25
4831 25
4832 25
4833 25
4834 25
4835 25
4836 24
4837 24
4838 25
4839 25
4840 24
4841 24
4842 25
4843 24
4844 25
4845 25
4846 25
4847 24
4848 24
4849 25
4850 25
4851 25
4852 24
4853 25
4854 25
4855 24
4856 25
4857 25
4858 24
4859 25
4860 25
4861 25
4862 24
4863 25
4864 25
4865 24
4866 24
4867 24
4868 25
4869 25
4870 25
4871 24
4872 24
4873 25
4874 25
4875 25
4876 24
4877 24
4878 24
4879 25
4880 24
4881 25
4882 25
4883 25
4884 25
4885 25
4886 25
4887 25
4888 25
4889 25
4890 25
4891 24
4892 25
4893 25
4894 25
4895 25
4896 25
4897 24
4898 24
4899 25
4900 25
4901 24
4902 24
4903 25
4904 25
4905 25
4906 25
4907 25
4908 25
4909 25
4910 25
4911 25
4912 25
4913 24
4914 25
4915 24
4916 24
4917 24
4918 25
4919 25
4920 25
4921 25
4922 24
4923 25
4924 25
4925 25
4926 25
4927 25
4928 25
4929 25
4930 25
4931 25
4932 24
4933 25
4934 25
4935 25
4936 25
4937 25
4938 25
4939 25
4940 25
4941 25
4942 24
4943 25
4944 25
4945 25
4946 24
4947 25
4948 25
4949 25
4950 25
4951 24
4952 25
4953 25
4954 24
4955 25
4956 24
4957 25
4958 25
4959 25
4960 24
4961 25
4962 24
4963 24
4964 25
4965 24
4966 25
4967 25
4968 26
4969 25
4970 25
4971 25
4972 24
4973 25
4974 24
4975 25
4976 25
4977 25
4978 25
4979 25
4980 25
4981 25
4982 25
4983 24
4984 24
4985 25
4986 24
4987 25
4988 24
4989 25
4990 25
4991 24
4992 24
4993 25
4994 25
4995 25
4996 25
4997 25
4998 25
4999 25
5000 25
5001 25
5002 25
5003 25
5004 25
5005 25
5006 24
5007 25
5008 24
5009 25
5010 25
5011 25
5012 25
5013 25
5014 24
5015 24
5016 25
5017 24
5018 24
5019 24
5020 25
5021 24
5022 25
5023 25
5024 25
5025 24
5026 25
5027 25
5028 24
5029 25
5030 25
5031 24
5032 25
5033 24
5034 24
5035 25
5036 25
5037 25
5038 25
5039 25
5040 25
5041 25
5042 25
5043 25
5044 24
5045 24
5046 25
5047 25
5048 25
5049 25
5050 24
5051 24
5052 25
5053 24
5054 25
5055 24
5056 24
5057 24
5058 25
5059 24
5060 25
5061 25
5062 25
5063 25
5064 24
5065 25
5066 25
5067 24
5068 25
5069 24
5070 25
5071 24
5072 25
5073 25
5074 25
5075 24
5076 25
5077 25
5078 25
5079 24
5080 25
5081 25
5082 25
5083 24
5084 25
5085 25
5086 25
5087 25
5088 24
5089 25
5090 25
5091 25
5092 25
5093 25
5094 25
5095 25
5096 25
5097 25
5098 25
5099 25
5100 25
5101 25
5102 25
5103 24
5104 25
5105 25
5106 25
5107 25
5108 25
5109 25
5110 25
5111 25
5112 25
5113 24
5114 24
5115 24
5116 25
5117 25
5118 25
5119 24
5120 25
5121 24
5122 24
5123 24
5124 24
5125 25
5126 24
5127 24
5128 25
5129 25
5130 24
5131 25
5132 25
5133 25
5134 25
5135 25
5136 25
5137 25
5138 24
5139 25
5140 25
5141 25
5142 25
5143 25
5144 25
5145 25
5146 25
5147 25
5148 25
5149 24
5150 24
5151 25
5152 25
5153 25
5154 24
5155 24
5156 24
5157 25
5158 25
5159 24
5160 25
5161 25
5162 25
5163 25
5164 25
5165 25
5166 25
5167 24
5168 26
5169 25
5170 25
5171 25
5172 25
5173 24
5174 25
5175 25
5176 24
5177 25
5178 25
5179 24
5180 24
5181 24
5182 24
5183 25
5184 24
5185 24
5186 24
5187 24
5188 25
5189 25
5190 25
5191 25
5192 25
5193 25
5194 25
5195 24
5196 24
5197 25
5198 25
5199 25
5200 25
5201 25
5202 24
5203 25
5204 24
5205 24
5206 25
5207 24
5208 24
5209 24
5210 24
5211 24
5212 24
5213 24
5214 25
5215 24
5216 25
5217 25
5218 25
5219 25
5220 25
5221 25
5222 25
5223 25
5224 25
5225 25
5226 25
5227 25
5228 25
5229 25
5230 24
5231 25
5232 24
5233 24
5234 25
5235 24
5236 25
5237 25
5238 25
5239 25
5240 25
5241 25
5242 25
5243 24
5244 24
5245 24
5246 25
5247 24
5248 24
5249 25
5250 25
5251 25
5252 25
5253 24
5254 25
5255 25
5256 25
5257 25
5258 25
5259 24
5260 25
5261 24
5262 25
5263 25
5264 24
5265 26
5266 25
5267 24
5268 24
5269 24
5270 25
5271 24
5272 25
5273 24
5274 24
5275 25
5276 24
5277 25
5278 25
5279 25
5280 25
5281 24
5282 25
5283 25
5284 25
5285 24
5286 25
5287 25
5288 24
5289 24
5290 25
5291 24
5292 24
5293 25
5294 24
5295 25
5296 25
5297 25
5298 24
5299 25
5300 25
5301 24
5302 24
5303 25
5304 25
5305 25
5306 25
5307 24
5308 25
5309 25
5310 25
5311 24
5312 25
5313 25
5314 25
5315 25
5316 24
5317 25
5318 24
5319 25
5320 25
5321 24
5322 25
5323 24
5324 25
5325 25
5326 24
5327 25
5328 25
5329 25
5330 24
5331 25
5332 25
5333 25
5334 25
5335 25
5336 25
5337 25
5338 25
5339 24
5340 25
5341 25
5342 25
5343 25
5344 25
5345 25
5346 26
5347 24
5348 24
5349 25
5350 25
5351 25
5352 25
5353 24
5354 24
5355 25
5356 25
5357 24
5358 25
5359 25
5360 25
5361 24
5362 25
5363 25
5364 25
5365 25
5366 25
5367 24
5368 24
5369 24
5370 24
5371 25
5372 24
5373 24
5374 25
5375 25
5376 25
5377 25
5378 24
5379 25
5380 24
5381 25
5382 24
5383 25
5384 24
5385 25
5386 25
5387 25
5388 25
5389 24
5390 25
5391 25
5392 25
5393 25
5394 25
5395 25
5396 25
5397 25
5398 25
5399 25
5400 25
5401 25
5402 25
5403 25
5404 24
5405 24
5406 24
5407 25
5408 25
5409 25
5410 25
5411 25
5412 24
5413 24
5414 25
5415 25
5416 25
5417 25
5418 24
5419 25
5420 25
5421 25
5422 25
5423 24
5424 25
5425 24
5426 25
5427 25
5428 24
5429 24
5430 24
5431 24
5432 25
5433 25
5434 25
5435 24
5436 24
5437 24
5438 25
5439 25
5440 25
5441 25
5442 24
5443 25
5444 25
5445 25
5446 24
5447 24
5448 25
5449 23
5450 25
5451 25
5452 25
5453 25
5454 25
5455 25
5456 25
5457 25
5458 25
5459 25
5460 25
5461 24
5462 25
5463 24
5464 24
5465 24
5466 24
5467 25
5468 25
5469 24
5470 24
5471 25
5472 25
5473 25
5474 25
5475 25
5476 25
5477 24
5478 24
5479 26
5480 25
5481 25
5482 24
5483 24
5484 25
5485 25
5486 24
5487 25
5488 25
5489 25
5490 24
5491 25
5492 25
5493 25
5494 24
5495 25
5496 24
5497 24
5498 25
5499 24
5500 25
5501 25
5502 25
5503 25
5504 25
5505 25
5506 24
5507 24
5508 25
5509 24
5510 24
5511 25
5512 25
5513 24
5514 25
5515 25
5516 25
5517 25
5518 25
5519 25
5520 25
5521 25
5522 25
5523 25
5524 25
5525 24
5526 25
5527 24
5528 25
5529 25
5530 25
5531 25
5532 24
5533 25
5534 24
5535 25
5536 24
5537 26
5538 24
5539 25
5540 25
5541 25
5542 25
5543 25
5544 25
5545 24
5546 25
5547 24
5548 25
5549 24
5550 25
5551 25
5552 25
5553 25
5554 24
5555 25
5556 25
5557 25
5558 25
5559 24
5560 25
5561 25
5562 25
5563 25
5564 25
5565 25
5566 25
5567 25
5568 25
5569 25
5570 25
5571 24
5572 25
5573 25
5574 24
5575 25
5576 25
5577 25
5578 25
5579 25
5580 25
5581 24
5582 24
5583 25
5584 25
5585 25
5586 25
5587 25
5588 25
5589 24
5590 24
5591 25
5592 24
5593 25
5594 25
5595 25
5596 25
5597 25
5598 24
5599 25
5600 24
5601 25
5602 24
5603 25
5604 25
5605 25
5606 25
5607 25
5608 24
5609 25
5610 25
5611 25
5612 25
5613 24
5614 25
5615 25
5616 24
5617 25
5618 24
5619 24
5620 25
5621 24
5622 24
5623 24
5624 25
5625 24
5626 25
5627 25
5628 24
5629 25
5630 25
5631 25
5632 25
5633 25
5634 25
5635 25
5636 24
5637 25
5638 25
5639 25
5640 25
5641 24
5642 25
5643 25
5644 24
5645 25
5646 25
5647 24
5648 25
5649 25
5650 25
5651 24
5652 25
5653 24
5654 25
5655 25
5656 25
5657 25
5658 24
5659 25
5660 25
5661 25
5662 24
5663 24
5664 25
5665 25
5666 25
5667 25
5668 25
5669 25
5670 25
5671 25
5672 25
5673 25
5674 25
5675 23
5676 25
5677 25
5678 25
5679 25
5680 25
5681 24
5682 25
5683 25
5684 25
5685 24
5686 25
5687 24
5688 24
5689 24
5690 25
5691 25
5692 25
5693 25
5694 25
5695 25
5696 25
5697 25
5698 24
5699 24
5700 25
5701 24
5702 25
5703 25
5704 25
5705 24
5706 25
5707 25
5708 25
5709 25
5710 24
5711 24
5712 25
5713 25
5714 25
5715 24
5716 24
5717 25
5718 25
5719 25
5720 25
5721 25
5722 24
5723 25
5724 25
5725 24
5726 25
5727 25
5728 25
5729 25
5730 25
5731 24
5732 25
5733 25
5734 25
5735 25
5736 25
5737 25
5738 25
5739 24
5740 25
5741 25
5742 25
5743 24
5744 25
5745 25
5746 25
5747 24
5748 25
5749 25
5750 25
5751 25
5752 25
5753 25
5754 25
5755 25
5756 24
5757 25
5758 24
5759 24
5760 24
5761 25
5762 25
5763 24
5764 25
5765 25
5766 25
5767 24
5768 25
5769 24
5770 24
5771 24
5772 24
5773 25
5774 25
5775 24
5776 24
5777 24
5778 25
5779 25
5780 25
5781 25
5782 25
5783 25
5784 24
5785 24
5786 25
5787 25
5788 25
5789 26
5790 24
5791 25
5792 24
5793 25
5794 25
5795 25
5796 25
5797 25
5798 25
5799 24
5800 25
5801 25
5802 25
5803 25
5804 25
5805 25
5806 25
5807 25
5808 25
5809 25
5810 25
5811 25
5812 24
5813 25
5814 25
5815 25
5816 25
5817 25
5818 24
5819 25
5820 25
5821 25
5822 25
5823 24
5824 25
5825 25
5826 25
5827 24
5828 25
5829 25
5830 25
5831 25
5832 25
5833 25
5834 25
5835 25
5836 24
5837 25
5838 24
5839 24
5840 24
5841 24
5842 24
5843 24
5844 25
5845 25
5846 25
5847 23
5848 24
5849 25
5850 25
5851 25
5852 24
5853 25
5854 25
5855 24
5856 25
5857 24
5858 25
5859 25
5860 24
5861 25
5862 24
5863 25
5864 24
5865 24
5866 25
5867 25
5868 24
5869 24
5870 24
5871 24
5872 24
5873 25
5874 25
5875 25
5876 24
5877 25
5878 25
5879 25
5880 25
5881 25
5882 25
5883 24
5884 25
5885 25
5886 25
5887 26
5888 25
5889 25
5890 24
5891 25
5892 24
5893 24
5894 25
5895 25
5896 24
5897 25
5898 24
5899 24
5900 25
5901 25
5902 25
5903 25
5904 25
5905 25
5906 25
5907 24
5908 24
5909 25
5910 25
5911 25
5912 25
5913 24
5914 25
5915 26
5916 24
5917 25
5918 24
5919 25
5920 24
5921 24
5922 25
5923 25
5924 25
5925 25
5926 25
5927 24
5928 24
5929 24
5930 25
5931 24
5932 25
5933 25
5934 24
5935 25
5936 24
5937 25
5938 25
5939 25
5940 25
5941 24
5942 25
5943 24
5944 25
5945 24
5946 24
5947 25
5948 25
5949 25
5950 25
5951 25
5952 25
5953 24
5954 25
5955 24
5956 25
5957 25
5958 25
5959 25
5960 24
5961 25
5962 24
5963 24
5964 25
5965 25
5966 24
5967 24
5968 24
5969 24
5970 24
5971 25
5972 25
5973 24
5974 25
5975 24
5976 25
5977 25
5978 24
5979 24
5980 25
5981 25
5982 25
5983 24
5984 25
5985 24
5986 24
5987 25
5988 24
5989 25
5990 25
5991 24
5992 25
5993 25
5994 25
5995 25
5996 25
5997 25
5998 25
5999 25
6000 25
6001 24
6002 25
6003 24
6004 25
6005 25
6006 25
6007 25
6008 25
6009 25
6010 24
6011 24
6012 25
6013 25
6014 25
6015 24
6016 26
6017 25
6018 24
6019 24
6020 25
6021 25
6022 24
6023 25
6024 24
6025 25
6026 24
6027 24
6028 25
6029 25
6030 25
6031 25
6032 25
6033 25
6034 25
6035 25
6036 24
6037 24
6038 26
6039 25
6040 25
6041 25
6042 25
6043 25
6044 24
6045 25
6046 25
6047 25
6048 24
6049 25
6050 25
6051 24
6052 24
6053 25
6054 24
6055 25
6056 25
6057 25
6058 24
6059 24
6060 25
6061 24
6062 25
6063 24
6064 25
6065 25
6066 25
6067 24
6068 25
6069 24
6070 25
6071 25
6072 25
6073 25
6074 25
6075 25
6076 25
6077 25
6078 25
6079 25
6080 25
6081 24
6082 25
6083 25
6084 25
6085 24
6086 25
6087 25
6088 25
6089 25
6090 25
6091 25
6092 24
6093 25
6094 24
6095 24
6096 25
6097 25
6098 25
6099 25
6100 24
6101 25
6102 25
6103 25
6104 25
6105 25
6106 24
6107 25
6108 25
6109 25
6110 25
6111 25
6112 24
6113 25
6114 24
6115 24
6116 24
6117 25
6118 24
6119 25
6120 24
6121 25
6122 25
6123 25
6124 25
6125 25
6126 25
6127 25
6128 25
6129 25
6130 25
6131 25
6132 25
6133 25
6134 25
6135 25
6136 24
6137 25
6138 25
6139 25
6140 25
6141 25
6142 25
6143 24
6144 25
6145 25
6146 24
6147 25
6148 24
6149 25
6150 25
6151 24
6152 25
6153 25
6154 24
6155 25
6156 24
6157 25
6158 25
6159 25
6160 25
6161 25
6162 25
6163 25
6164 25
6165 24
6166 25
6167 24
6168 24
6169 24
6170 25
6171 25
6172 25
6173 25
6174 25
6175 25
6176 25
6177 26
6178 25
6179 24
6180 24
6181 25
6182 25
6183 25
6184 25
6185 25
6186 24
6187 25
6188 25
6189 25
6190 24
6191 25
6192 25
6193 24
6194 25
6195 25
6196 25
6197 24
6198 25
6199 25
6200 25
6201 25
6202 24
6203 24
6204 25
6205 25
6206 24
6207 25
6208 24
6209 24
6210 24
6211 25
6212 25
6213 25
6214 25
6215 25
6216 25
6217 25
6218 24
6219 25
6220 24
6221 25
6222 25
6223 25
6224 24
6225 25
6226 25
6227 24
6228 25
6229 25
6230 25
6231 25
6232 25
6233 25
6234 24
6235 25
6236 25
6237 24
6238 24
6239 24
6240 25
6241 25
6242 25
6243 25
6244 25
6245 25
6246 25
6247 26
6248 25
6249 24
6250 25
6251 25
6252 25
6253 25
6254 25
6255 25
6256 25
6257 25
6258 25
6259 25
6260 24
6261 25
6262 25
6263 25
6264 25
6265 25
6266 25
6267 24
6268 24
6269 24
6270 25
6271 25
6272 26
6273 24
6274 25
6275 25
6276 25
6277 25
6278 24
6279 24
6280 26
6281 25
6282 25
6283 25
6284 25
6285 25
6286 25
6287 25
6288 25
6289 24
6290 24
6291 25
6292 25
6293 24
6294 25
6295 25
6296 24
6297 25
6298 24
6299 25
6300 25
6301 25
6302 25
6303 24
6304 25
6305 24
6306 25
6307 25
6308 25
6309 24
6310 25
6311 25
6312 25
6313 25
6314 24
6315 25
6316 25
6317 25
6318 25
6319 25
6320 25
6321 25
6322 25
6323 25
6324 25
6325 24
6326 24
6327 26
6328 24
6329 24
6330 25
6331 25
6332 24
6333 25
6334 24
6335 25
6336 24
6337 24
6338 24
6339 25
6340 25
6341 24
6342 25
6343 24
6344 24
6345 25
6346 25
6347 25
6348 24
6349 24
6350 26
6351 25
6352 24
6353 25
6354 24
6355 25
6356 24
6357 25
6358 25
6359 25
6360 25
6361 24
6362 23
6363 24
6364 25
6365 24
6366 25
6367 25
6368 25
6369 24
6370 25
6371 25
6372 25
6373 24
6374 25
6375 25
6376 24
6377 25
6378 25
6379 25
6380 25
6381 25
6382 25
6383 24
6384 24
6385 25
6386 24
6387 24
6388 25
6389 25
6390 24
6391 25
6392 25
6393 24
6394 25
6395 25
6396 25
6397 25
6398 24
6399 24
6400 25
6401 25
6402 25
6403 25
6404 24
6405 25
6406 25
6407 25
6408 25
6409 24
6410 25
6411 24
6412 25
6413 24
6414 25
6415 24
6416 25
6417 25
6418 25
6419 25
6420 25
6421 25
6422 25
6423 24
6424 25
6425 25
6426 25
6427 24
6428 25
6429 24
6430 25
6431 25
6432 24
6433 25
6434 24
6435 25
6436 25
6437 25
6438 24
6439 25
6440 25
6441 24
6442 24
6443 25
6444 25
6445 25
6446 25
6447 25
6448 25
6449 25
6450 24
6451 24
6452 24
6453 24
6454 25
6455 25
6456 25
6457 25
6458 24
6459 25
6460 24
6461 25
6462 24
6463 25
6464 24
6465 25
6466 25
6467 24
6468 25
6469 25
6470 24
6471 25
6472 25
6473 24
6474 25
6475 24
6476 24
6477 25
6478 25
6479 25
6480 25
6481 25
6482 25
6483 25
6484 25
6485 24
6486 25
6487 25
6488 25
6489 25
6490 24
6491 24
6492 24
6493 25
6494 25
6495 24
6496 24
6497 25
6498 25
6499 25
6500 25
6501 25
6502 25
6503 25
6504 24
6505 24
6506 25
6507 25
6508 24
6509 25
6510 24
6511 25
6512 24
6513 25
6514 24
6515 24
6516 25
6517 24
6518 25
6519 25
6520 25
6521 25
6522 25
6523 25
6524 25
6525 25
6526 25
6527 25
6528 24
6529 24
6530 24
6531 25
6532 25
6533 25
6534 24
6535 25
6536 24
6537 25
6538 25
6539 24
6540 25
6541 25
6542 25
6543 24
6544 24
6545 25
6546 25
6547 25
6548 25
6549 25
6550 25
6551 24
6552 24
6553 24
6554 24
6555 24
6556 25
6557 24
6558 25
6559 25
6560 25
6561 25
6562 25
6563 25
6564 25
6565 25
6566 25
6567 25
6568 25
6569 25
6570 24
6571 24
6572 25
6573 24
6574 24
6575 24
6576 24
6577 24
6578 25
6579 25
6580 25
6581 25
6582 24
6583 25
6584 25
6585 24
6586 25
6587 24
6588 25
6589 25
6590 24
6591 24
6592 24
6593 24
6594 25
6595 25
6596 25
6597 25
6598 24
6599 25
6600 24
6601 24
6602 25
6603 25
6604 25
6605 24
6606 25
6607 25
6608 25
6609 25
6610 25
6611 24
6612 25
6613 25
6614 25
6615 25
6616 25
6617 25
6618 25
6619 24
6620 25
6621 25
6622 24
6623 25
6624 25
6625 25
6626 25
6627 25
6628 25
6629 24
6630 25
6631 24
6632 25
6633 25
6634 24
6635 24
6636 24
6637 25
6638 24
6639 25
6640 24
6641 25
6642 24
6643 25
6644 24
6645 25
6646 24
6647 24
6648 25
6649 25
6650 25
6651 25
6652 25
6653 25
6654 24
6655 25
6656 25
6657 25
6658 24
6659 25
6660 24
6661 25
6662 25
6663 25
6664 24
6665 25
6666 25
6667 25
6668 25
6669 25
6670 25
6671 25
6672 25
6673 25
6674 25
6675 24
6676 24
6677 25
6678 25
6679 24
6680 24
6681 25
6682 25
6683 25
6684 25
6685 24
6686 24
6687 25
6688 25
6689 25
6690 24
6691 25
6692 25
6693 25
6694 24
6695 24
6696 25
6697 25
6698 25
6699 25
6700 25
6701 25
6702 25
6703 24
6704 25
6705 25
6706 24
6707 25
6708 25
6709 25
6710 25
6711 25
6712 25
6713 25
6714 25
6715 25
6716 25
6717 25
6718 25
6719 24
6720 24
6721 25
6722 25
6723 25
6724 25
6725 25
6726 24
6727 24
6728 25
6729 25
6730 24
6731 25
6732 24
6733 25
6734 24
6735 25
6736 25
6737 25
6738 24
6739 25
6740 24
6741 25
6742 25
6743 25
6744 24
6745 24
6746 24
6747 25
6748 25
6749 24
6750 24
6751 24
6752 25
6753 24
6754 25
6755 25
6756 24
6757 25
6758 24
6759 24
6760 24
6761 25
6762 25
6763 25
6764 25
6765 25
6766 25
6767 24
6768 25
6769 25
6770 25
6771 25
6772 24
6773 25
6774 25
6775 25
6776 25
6777 25
6778 25
6779 25
6780 25
6781 25
6782 24
6783 24
6784 25
6785 24
6786 25
6787 25
6788 25
6789 25
6790 24
6791 25
6792 24
6793 24
6794 24
6795 25
6796 24
6797 24
6798 25
6799 25
6800 24
6801 25
6802 25
6803 24
6804 25
6805 25
6806 25
6807 24
6808 24
6809 24
6810 25
6811 24
6812 24
6813 24
6814 24
6815 25
6816 24
6817 25
6818 25
6819 25
6820 25
6821 25
6822 25
6823 24
6824 24
6825 24
6826 25
6827 24
6828 24
6829 24
6830 24
6831 24
6832 25
6833 25
6834 25
6835 24
6836 25
6837 25
6838 25
6839 25
6840 26
6841 24
6842 25
6843 25
6844 25
6845 25
6846 24
6847 25
6848 25
6849 25
6850 24
6851 25
6852 25
6853 25
6854 25
6855 25
6856 25
6857 25
6858 25
6859 25
6860 25
6861 25
6862 25
6863 25
6864 25
6865 25
6866 25
6867 24
6868 25
6869 24
6870 25
6871 24
6872 25
6873 25
6874 25
6875 25
6876 25
6877 25
6878 24
6879 25
6880 25
6881 25
6882 25
6883 24
6884 25
6885 24
6886 25
6887 25
6888 25
6889 25
6890 25
6891 25
6892 24
6893 25
6894 24
6895 24
6896 25
6897 25
6898 25
6899 25
6900 25
6901 24
6902 24
6903 25
6904 25
6905 24
6906 24
6907 25
6908 24
6909 25
6910 25
6911 24
6912 25
6913 25
6914 24
6915 24
6916 24
6917 25
6918 24
6919 25
6920 24
6921 25
6922 23
6923 25
6924 25
6925 24
6926 24
6927 25
6928 24
6929 25
6930 25
6931 24
6932 24
6933 25
6934 25
6935 25
6936 24
6937 25
6938 25
6939 25
6940 24
6941 24
6942 24
6943 24
6944 24
6945 24
6946 25
6947 25
6948 25
6949 25
6950 24
6951 25
6952 24
6953 25
6954 25
6955 24
6956 24
6957 24
6958 25
6959 25
6960 25
6961 25
6962 25
6963 24
6964 25
6965 25
6966 25
6967 25
6968 25
6969 24
