Polymer_Index N_1
0 31
1 33
2 30
3 33
4 32
5 32
6 32
7 31
8 32
9 32
10 32
11 33
12 31
13 33
14 32
15 33
16 32
17 31
18 32
19 31
20 32
21 32
22 33
23 31
24 32
25 31
26 32
27 31
28 32
29 32
30 31
31 32
32 32
33 33
34 32
35 31
36 31
37 32
38 32
39 32
40 31
41 32
42 32
43 32
44 33
45 32
46 32
47 32
48 32
49 32
50 32
51 32
52 32
53 32
54 32
55 32
56 32
57 31
58 32
59 32
60 32
61 32
62 31
63 32
64 33
65 32
66 32
67 32
68 32
69 32
70 31
71 31
72 31
73 33
74 32
75 31
76 32
77 32
78 32
79 33
80 33
81 33
82 32
83 32
84 32
85 31
86 32
87 32
88 32
89 32
90 33
91 32
92 32
93 32
94 32
95 32
96 32
97 31
98 31
99 32
100 32
101 32
102 32
103 32
104 32
105 31
106 32
107 32
108 32
109 32
110 31
111 32
112 31
113 32
114 31
115 32
116 32
117 32
118 32
119 31
120 31
121 31
122 32
123 32
124 31
125 33
126 32
127 32
128 33
129 32
130 32
131 33
132 31
133 32
134 32
135 32
136 32
137 32
138 32
139 32
140 32
141 32
142 32
143 31
144 32
145 33
146 33
147 32
148 32
149 32
150 32
151 31
152 32
153 32
154 33
155 31
156 32
157 32
158 33
159 32
160 33
161 32
162 32
163 31
164 32
165 32
166 32
167 31
168 32
169 32
170 32
171 33
172 31
173 32
174 32
175 32
176 32
177 31
178 31
179 32
180 32
181 32
182 33
183 32
184 32
185 31
186 33
187 32
188 32
189 33
190 32
191 32
192 32
193 31
194 32
195 30
196 31
197 33
198 32
199 31
200 33
201 33
202 31
203 33
204 31
205 31
206 32
207 32
208 32
209 33
210 33
211 32
212 33
213 31
214 32
215 31
216 32
217 32
218 31
219 32
220 32
221 33
222 32
223 31
224 31
225 32
226 33
227 32
228 31
229 31
230 33
231 32
232 31
233 31
234 31
235 31
236 32
237 31
238 32
239 33
240 32
241 32
242 32
243 32
244 32
245 33
246 32
247 32
248 32
249 32
250 32
251 32
252 32
253 32
254 31
255 32
256 31
257 32
258 31
259 33
260 33
261 32
262 32
263 33
264 32
265 31
266 32
267 32
268 32
269 32
270 31
271 32
272 32
273 32
274 32
275 32
276 32
277 32
278 32
279 32
280 31
281 33
282 32
283 32
284 31
285 32
286 32
287 32
288 32
289 31
290 32
291 32
292 32
293 32
294 31
295 33
296 32
297 32
298 32
299 33
300 32
301 32
302 32
303 32
304 31
305 32
306 32
307 32
308 32
309 31
310 32
311 32
312 32
313 32
314 31
315 32
316 31
317 32
318 32
319 32
320 31
321 32
322 31
323 32
324 32
325 32
326 33
327 32
328 31
329 33
330 33
331 31
332 32
333 32
334 33
335 32
336 32
337 32
338 32
339 32
340 32
341 31
342 32
343 32
344 32
345 33
346 31
347 31
348 31
349 31
350 32
351 32
352 32
353 32
354 32
355 32
356 32
357 32
358 33
359 31
360 32
361 31
362 32
363 31
364 32
365 32
366 31
367 32
368 32
369 32
370 31
371 31
372 32
373 32
374 33
375 32
376 32
377 31
378 32
379 32
380 32
381 32
382 32
383 32
384 31
385 32
386 32
387 31
388 32
389 33
390 32
391 31
392 31
393 32
394 32
395 31
396 32
397 32
398 32
399 33
400 32
401 32
402 32
403 32
404 32
405 32
406 31
407 32
408 32
409 32
410 31
411 31
412 32
413 32
414 32
415 31
416 32
417 33
418 32
419 31
420 32
421 32
422 33
423 32
424 32
425 31
426 32
427 31
428 32
429 31
430 32
431 32
432 32
433 32
434 32
435 32
436 32
437 33
438 32
439 32
440 32
441 31
442 32
443 31
444 32
445 32
446 31
447 31
448 32
449 32
450 32
451 31
452 31
453 32
454 32
455 32
456 32
457 32
458 32
459 32
460 32
461 31
462 32
463 32
464 33
465 32
466 31
467 32
468 33
469 32
470 31
471 32
472 32
473 32
474 31
475 32
476 31
477 31
478 32
479 32
480 32
481 31
482 32
483 32
484 32
485 32
486 32
487 33
488 32
489 31
490 32
491 32
492 32
493 32
494 31
495 32
496 32
497 31
498 32
499 32
500 31
501 32
502 33
503 32
504 32
505 33
506 32
507 32
508 32
509 32
510 32
511 32
512 33
513 32
514 31
515 31
516 32
517 32
518 32
519 32
520 32
521 32
522 33
523 32
524 32
525 32
526 32
527 32
528 32
529 32
530 31
531 33
532 32
533 32
534 31
535 33
536 32
537 33
538 32
539 31
540 33
541 32
542 33
543 32
544 32
545 32
546 32
547 31
548 33
549 32
550 32
551 32
552 32
553 32
554 31
555 32
556 32
557 31
558 32
559 32
560 31
561 32
562 31
563 32
564 31
565 32
566 32
567 32
568 33
569 32
570 31
571 32
572 32
573 32
574 31
575 32
576 31
577 32
578 32
579 32
580 32
581 32
582 33
583 32
584 32
585 32
586 32
587 32
588 31
589 32
590 31
591 31
592 32
593 33
594 31
595 32
596 32
597 31
598 32
599 32
600 31
601 31
602 32
603 31
604 32
605 32
606 32
607 31
608 31
609 32
610 31
611 31
612 33
613 31
614 31
615 31
616 32
617 31
618 32
619 31
620 32
621 32
622 32
623 32
624 31
625 32
626 32
627 33
628 32
629 33
630 33
631 32
632 32
633 33
634 31
635 32
636 32
637 32
638 31
639 32
640 32
641 32
642 32
643 33
644 32
645 31
646 33
647 31
648 33
649 32
650 32
651 31
652 32
653 32
654 31
655 32
656 33
657 31
658 32
659 31
660 31
661 31
662 31
663 32
664 32
665 32
666 32
667 32
668 32
669 32
670 32
671 32
672 32
673 31
674 32
675 32
676 31
677 32
678 32
679 32
680 33
681 32
682 31
683 33
684 31
685 31
686 31
687 32
688 32
689 32
690 32
691 32
692 32
693 32
694 32
695 31
696 32
697 32
698 31
699 32
700 32
701 32
702 32
703 32
704 31
705 32
706 32
707 32
708 32
709 32
710 33
711 31
712 32
713 31
714 32
715 32
716 31
717 32
718 32
719 32
720 33
721 32
722 32
723 31
724 32
725 32
726 32
727 32
728 32
729 31
730 31
731 32
732 32
733 31
734 32
735 32
736 32
737 31
738 31
739 32
740 32
741 33
742 32
743 33
744 32
745 33
746 31
747 32
748 33
749 33
750 32
751 31
752 32
753 33
754 32
755 32
756 32
757 32
758 32
759 32
760 32
761 32
762 32
763 32
764 32
765 32
766 31
767 31
768 32
769 32
770 32
771 33
772 32
773 32
774 32
775 32
776 33
777 32
778 31
779 33
780 32
781 32
782 32
783 32
784 32
785 33
786 32
787 33
788 32
789 31
790 31
791 33
792 32
793 32
794 32
795 32
796 32
797 32
798 33
799 31
800 32
801 31
802 32
803 32
804 32
805 32
806 33
807 32
808 32
809 32
810 32
811 32
812 32
813 32
814 32
815 31
816 31
817 32
818 31
819 31
820 32
821 32
822 31
823 33
824 32
825 32
826 32
827 31
828 32
829 32
830 30
831 32
832 32
833 33
834 32
835 32
836 32
837 32
838 32
839 32
840 31
841 32
842 33
843 32
844 32
845 32
846 32
847 31
848 32
849 32
850 32
851 32
852 32
853 32
854 32
855 32
856 32
857 32
858 32
859 32
860 32
861 32
862 32
863 31
864 32
865 32
866 33
867 33
868 32
869 32
870 31
871 32
872 31
873 32
874 32
875 32
876 32
877 31
878 31
879 32
880 33
881 32
882 32
883 32
884 32
885 32
886 32
887 32
888 32
889 32
890 32
891 31
892 32
893 32
894 32
895 32
896 32
897 32
898 31
899 32
900 32
901 32
902 32
903 32
904 31
905 32
906 33
907 32
908 32
909 32
910 31
911 32
912 33
913 32
914 33
915 31
916 32
917 32
918 32
919 32
920 32
921 32
922 32
923 32
924 32
925 31
926 32
927 32
928 32
929 32
930 31
931 32
932 32
933 33
934 32
935 32
936 32
937 32
938 31
939 32
940 32
941 32
942 32
943 32
944 32
945 32
946 32
947 32
948 31
949 31
950 32
951 32
952 32
953 32
954 32
955 32
956 33
957 32
958 31
959 32
960 33
961 32
962 32
963 33
964 32
965 32
966 32
967 31
968 31
969 33
970 33
971 32
972 31
973 32
974 32
975 31
976 32
977 32
978 32
979 32
980 33
981 33
982 31
983 31
984 32
985 32
986 31
987 32
988 32
989 33
990 32
991 31
992 33
993 32
994 33
995 32
996 31
997 31
998 32
999 33
1000 32
1001 31
1002 31
1003 32
1004 32
1005 32
1006 32
1007 32
1008 31
1009 31
1010 31
1011 31
1012 32
1013 32
1014 31
1015 32
1016 32
1017 32
1018 31
1019 32
1020 31
1021 32
1022 32
1023 32
1024 32
1025 31
1026 32
1027 32
1028 32
1029 32
1030 32
1031 32
1032 33
1033 32
1034 32
1035 32
1036 32
1037 32
1038 32
1039 32
1040 32
1041 32
1042 32
1043 32
1044 32
1045 32
1046 32
1047 33
1048 32
1049 32
1050 33
1051 32
1052 32
1053 32
1054 32
1055 32
1056 31
1057 32
1058 32
1059 33
1060 32
1061 32
1062 32
1063 31
1064 33
1065 33
1066 31
1067 31
1068 33
1069 31
1070 31
1071 32
1072 32
1073 31
1074 31
1075 31
1076 32
1077 32
1078 32
1079 31
1080 33
1081 32
1082 32
1083 32
1084 32
1085 32
1086 33
1087 31
1088 32
1089 32
1090 32
1091 32
1092 32
1093 32
1094 32
1095 32
1096 32
1097 31
1098 32
1099 31
1100 33
1101 32
1102 32
1103 32
1104 33
1105 32
1106 32
1107 31
1108 32
1109 31
1110 31
1111 32
1112 33
1113 31
1114 32
1115 33
1116 32
1117 33
1118 32
1119 31
1120 31
1121 32
1122 32
1123 31
1124 32
1125 33
1126 32
1127 32
1128 32
1129 31
1130 32
1131 32
1132 32
1133 31
1134 32
1135 32
1136 31
1137 32
1138 33
1139 32
1140 32
1141 32
1142 32
1143 31
1144 31
1145 31
1146 32
1147 32
1148 33
1149 32
1150 32
1151 32
1152 31
1153 32
1154 32
1155 32
1156 32
1157 32
1158 32
1159 32
1160 32
1161 32
1162 32
1163 32
1164 32
1165 31
1166 32
1167 33
1168 32
1169 32
1170 33
1171 33
1172 32
1173 32
1174 32
1175 32
1176 32
1177 31
1178 32
1179 32
1180 32
1181 33
1182 32
1183 32
1184 32
1185 32
1186 31
1187 33
1188 32
1189 32
1190 32
1191 32
1192 33
1193 32
1194 32
1195 32
1196 30
1197 32
1198 31
1199 33
1200 32
1201 32
1202 32
1203 32
1204 32
1205 32
1206 32
1207 31
1208 32
1209 32
1210 32
1211 31
1212 32
1213 32
1214 31
1215 33
1216 32
1217 32
1218 31
1219 32
1220 31
1221 32
1222 33
1223 32
1224 32
1225 33
1226 31
1227 32
1228 31
1229 32
1230 32
1231 33
1232 32
1233 32
1234 33
1235 32
1236 32
1237 32
1238 32
1239 31
1240 31
1241 33
1242 32
1243 32
1244 32
1245 32
1246 32
1247 32
1248 32
1249 32
1250 33
1251 32
1252 33
1253 32
1254 32
1255 31
1256 32
1257 32
1258 32
1259 32
1260 33
1261 32
1262 31
1263 32
1264 32
1265 32
1266 32
1267 33
1268 31
1269 33
1270 32
1271 31
1272 32
1273 32
1274 32
1275 32
1276 31
1277 32
1278 32
1279 32
1280 32
1281 32
1282 33
1283 32
1284 31
1285 32
1286 32
1287 33
1288 33
1289 31
1290 32
1291 33
1292 32
1293 31
1294 32
1295 32
1296 31
1297 32
1298 32
1299 32
1300 32
1301 32
1302 32
1303 31
1304 32
1305 32
1306 32
1307 32
1308 32
1309 32
1310 31
1311 33
1312 32
1313 32
1314 31
1315 31
1316 31
1317 31
1318 31
1319 32
1320 32
1321 32
1322 31
1323 31
1324 31
1325 32
1326 32
1327 32
1328 31
1329 31
1330 31
1331 31
1332 32
1333 32
1334 32
1335 32
1336 31
1337 32
1338 32
1339 32
1340 33
1341 32
1342 31
1343 32
1344 32
1345 32
1346 32
1347 31
1348 32
1349 31
1350 31
1351 32
1352 32
1353 32
1354 32
1355 31
1356 32
1357 31
1358 31
1359 31
1360 31
1361 32
1362 32
1363 31
1364 32
1365 32
1366 33
1367 32
1368 32
1369 32
1370 32
1371 32
1372 32
1373 32
1374 32
1375 32
1376 32
1377 32
1378 32
1379 32
1380 32
1381 31
1382 33
1383 31
1384 31
1385 32
1386 32
1387 32
1388 31
1389 31
1390 32
1391 32
1392 31
1393 31
1394 32
1395 31
1396 32
1397 31
1398 31
1399 32
1400 31
1401 33
1402 31
1403 32
1404 32
1405 32
1406 32
1407 32
1408 33
1409 31
1410 32
1411 31
1412 31
1413 32
1414 32
1415 32
1416 31
1417 32
1418 33
1419 32
1420 32
1421 31
1422 32
1423 32
1424 31
1425 32
1426 32
1427 33
1428 33
1429 32
1430 32
1431 32
1432 32
1433 32
1434 32
1435 32
1436 32
1437 33
1438 32
1439 32
1440 32
1441 33
1442 32
1443 32
1444 31
1445 32
1446 33
1447 32
1448 32
1449 33
1450 32
1451 31
1452 32
1453 31
1454 32
1455 32
1456 32
1457 31
1458 32
1459 33
1460 32
1461 31
1462 32
1463 32
1464 32
1465 31
1466 31
1467 33
1468 33
1469 31
1470 33
1471 32
1472 32
1473 32
1474 32
1475 32
1476 32
1477 32
1478 32
1479 32
1480 32
1481 31
1482 33
1483 33
1484 32
1485 32
1486 32
1487 32
1488 32
1489 32
1490 32
1491 32
1492 32
1493 32
1494 31
1495 32
1496 30
1497 32
1498 33
1499 31
1500 32
1501 33
1502 32
1503 31
1504 32
1505 32
1506 33
1507 32
1508 32
1509 32
1510 31
1511 32
1512 31
1513 32
1514 32
1515 32
1516 31
1517 32
1518 32
1519 31
1520 32
1521 31
1522 32
1523 33
1524 31
1525 32
1526 32
1527 31
1528 31
1529 31
1530 32
1531 31
1532 31
1533 32
1534 33
1535 32
1536 32
1537 31
1538 32
1539 33
1540 32
1541 32
1542 33
1543 32
1544 32
1545 32
1546 32
1547 31
1548 32
1549 31
1550 32
1551 31
1552 32
1553 32
1554 31
1555 31
1556 33
1557 32
1558 32
1559 32
1560 31
1561 32
1562 32
1563 31
1564 32
1565 32
1566 32
1567 33
1568 33
1569 32
1570 33
1571 33
1572 31
1573 32
1574 32
1575 32
1576 32
1577 31
1578 32
1579 31
1580 32
1581 32
1582 32
1583 32
1584 32
1585 32
1586 32
1587 32
1588 31
1589 32
1590 33
1591 31
1592 32
1593 31
1594 31
1595 32
1596 32
1597 31
1598 33
1599 33
1600 32
1601 33
1602 32
1603 32
1604 32
1605 32
1606 32
1607 32
1608 33
1609 31
1610 31
1611 32
1612 31
1613 32
1614 32
1615 31
1616 31
1617 32
1618 32
1619 32
1620 32
1621 31
1622 32
1623 33
1624 32
1625 31
1626 32
1627 31
1628 32
1629 32
1630 32
1631 32
1632 31
1633 33
1634 31
1635 33
1636 32
1637 32
1638 31
1639 32
1640 31
1641 31
1642 33
1643 32
1644 32
1645 33
1646 31
1647 32
1648 32
1649 32
1650 33
1651 32
1652 31
1653 32
1654 31
1655 32
1656 32
1657 32
1658 32
1659 32
1660 32
1661 32
1662 32
1663 33
1664 32
1665 31
1666 32
1667 31
1668 32
1669 31
1670 32
1671 32
1672 31
1673 32
1674 33
1675 32
1676 32
1677 32
1678 31
1679 32
1680 31
1681 32
1682 31
1683 32
1684 32
1685 31
1686 33
1687 33
1688 33
1689 32
1690 31
1691 31
1692 33
1693 31
1694 32
1695 33
1696 32
1697 32
1698 32
1699 32
1700 32
1701 31
1702 32
1703 33
1704 32
1705 33
1706 33
1707 31
1708 33
1709 33
1710 31
1711 32
1712 32
1713 31
1714 32
1715 32
1716 32
1717 32
1718 31
1719 31
1720 32
1721 32
1722 32
1723 32
1724 33
1725 32
1726 32
1727 32
1728 31
1729 32
1730 32
1731 32
1732 33
1733 32
1734 32
1735 31
1736 32
1737 31
1738 32
1739 32
1740 31
1741 31
1742 32
1743 32
1744 32
1745 32
1746 32
1747 32
1748 31
1749 33
1750 32
1751 32
1752 32
1753 31
1754 32
1755 33
1756 32
1757 32
1758 31
1759 33
1760 32
1761 32
1762 31
1763 31
1764 32
1765 32
1766 31
1767 32
1768 32
1769 33
1770 32
1771 32
1772 32
1773 33
1774 32
1775 32
1776 32
1777 33
1778 31
1779 32
1780 32
1781 33
1782 32
1783 33
1784 33
1785 32
1786 32
1787 31
1788 31
1789 33
1790 32
1791 31
1792 32
1793 32
1794 32
1795 32
1796 32
1797 32
1798 31
1799 31
1800 32
1801 32
1802 32
1803 31
1804 32
1805 32
1806 33
1807 30
1808 31
1809 32
1810 33
1811 33
1812 33
1813 32
1814 32
1815 32
1816 31
1817 32
1818 32
1819 31
1820 32
1821 32
1822 33
1823 32
1824 32
1825 31
1826 32
1827 32
1828 32
1829 31
1830 32
1831 32
1832 32
1833 32
1834 31
1835 32
1836 31
1837 32
1838 32
1839 33
1840 32
1841 33
1842 31
1843 32
1844 32
1845 32
1846 31
1847 32
1848 32
1849 32
1850 32
1851 31
1852 32
1853 31
1854 32
1855 31
1856 32
1857 32
1858 31
1859 32
1860 32
1861 31
1862 32
1863 31
1864 32
1865 32
1866 32
1867 32
1868 32
1869 32
1870 32
1871 32
1872 32
1873 32
1874 32
1875 32
1876 32
1877 32
1878 33
1879 32
1880 33
1881 32
1882 32
1883 32
1884 32
1885 33
1886 32
1887 32
1888 32
1889 32
1890 32
1891 33
1892 32
1893 31
1894 33
1895 33
1896 32
1897 32
1898 32
1899 32
1900 32
1901 31
1902 33
1903 33
1904 33
1905 31
1906 32
1907 32
1908 31
1909 33
1910 32
1911 32
1912 32
1913 32
1914 31
1915 32
1916 32
1917 33
1918 32
1919 32
1920 32
1921 32
1922 32
1923 31
1924 33
1925 32
1926 32
1927 31
1928 32
1929 32
1930 32
1931 33
1932 32
1933 32
1934 32
1935 32
1936 31
1937 32
1938 32
1939 31
1940 31
1941 32
1942 32
1943 32
1944 32
1945 32
1946 31
1947 32
1948 33
1949 32
1950 33
1951 32
1952 31
1953 32
1954 32
1955 31
1956 31
1957 31
1958 32
1959 32
1960 33
1961 32
1962 32
1963 32
1964 32
1965 32
1966 31
1967 32
1968 32
1969 32
1970 32
1971 33
1972 32
1973 31
1974 32
1975 32
1976 32
1977 32
1978 32
1979 31
1980 32
1981 32
1982 31
1983 31
1984 32
1985 30
1986 33
1987 31
1988 32
1989 33
1990 33
1991 32
1992 32
1993 32
1994 31
1995 32
1996 31
1997 32
1998 31
1999 32
2000 33
2001 32
2002 33
2003 32
2004 32
2005 32
2006 32
2007 32
2008 33
2009 32
2010 33
2011 30
2012 31
2013 32
2014 31
2015 32
2016 31
2017 32
2018 32
2019 32
2020 32
2021 33
2022 32
2023 31
2024 32
2025 32
2026 32
2027 31
2028 32
2029 31
2030 31
2031 33
2032 32
2033 32
2034 33
2035 32
2036 33
2037 33
2038 33
2039 32
2040 32
2041 32
2042 32
2043 31
2044 33
2045 32
2046 32
2047 32
2048 32
2049 32
2050 33
2051 31
2052 32
2053 32
2054 32
2055 31
2056 31
2057 32
2058 31
2059 31
2060 32
2061 33
2062 32
2063 31
2064 32
2065 32
2066 33
2067 33
2068 32
2069 31
2070 31
2071 32
2072 31
2073 32
2074 31
2075 32
2076 32
2077 32
2078 31
2079 32
2080 32
2081 32
2082 32
2083 32
2084 32
2085 32
2086 32
2087 32
2088 32
2089 32
2090 32
2091 33
2092 32
2093 32
2094 32
2095 32
2096 32
2097 31
2098 32
2099 32
2100 31
2101 32
2102 32
2103 33
2104 31
2105 32
2106 33
2107 31
2108 32
2109 33
2110 31
2111 32
2112 32
2113 32
2114 31
2115 32
2116 32
2117 31
2118 32
2119 32
2120 31
2121 31
2122 33
2123 33
2124 31
2125 32
2126 32
2127 31
2128 33
2129 32
2130 32
2131 31
2132 32
2133 31
2134 32
2135 32
2136 32
2137 31
2138 32
2139 32
2140 31
2141 32
2142 32
2143 32
2144 32
2145 32
2146 31
2147 32
2148 32
2149 32
2150 32
2151 31
2152 32
2153 32
2154 31
2155 32
2156 32
2157 32
2158 31
2159 31
2160 32
2161 32
2162 32
2163 32
2164 31
2165 32
2166 32
2167 32
2168 31
2169 32
2170 32
2171 32
2172 32
2173 32
2174 32
2175 31
2176 33
2177 33
2178 32
2179 32
2180 31
2181 32
2182 32
2183 32
2184 31
2185 30
2186 32
2187 33
2188 31
2189 32
2190 32
2191 31
2192 32
2193 32
2194 33
2195 32
2196 31
2197 31
2198 32
2199 32
2200 32
2201 32
2202 32
2203 32
2204 32
2205 32
2206 32
2207 33
2208 31
2209 32
2210 32
2211 32
2212 33
2213 31
2214 32
2215 33
2216 32
2217 32
2218 32
2219 32
2220 32
2221 31
2222 32
2223 32
2224 32
2225 32
2226 33
2227 32
2228 32
2229 32
2230 33
2231 31
2232 32
2233 32
2234 31
2235 33
2236 31
2237 32
2238 32
2239 32
2240 32
2241 31
2242 31
2243 32
2244 32
2245 31
2246 32
2247 32
2248 33
2249 32
2250 32
2251 33
2252 31
2253 33
2254 32
2255 33
2256 32
2257 32
2258 33
2259 32
2260 32
2261 32
2262 32
2263 32
2264 32
2265 33
2266 32
2267 31
2268 33
2269 32
2270 31
2271 32
2272 31
2273 32
2274 32
2275 32
2276 32
2277 33
2278 32
2279 32
2280 33
2281 32
2282 32
2283 33
2284 33
2285 32
2286 32
2287 32
2288 32
2289 33
2290 32
2291 31
2292 32
2293 32
2294 32
2295 32
2296 33
2297 32
2298 32
2299 32
2300 31
2301 32
2302 32
2303 31
2304 32
2305 32
2306 32
2307 32
2308 32
2309 32
2310 32
2311 32
2312 32
2313 33
2314 31
2315 32
2316 32
2317 31
2318 32
2319 32
2320 31
2321 32
2322 31
2323 32
2324 32
2325 31
2326 32
2327 32
2328 32
2329 32
2330 33
2331 32
2332 33
2333 31
2334 31
2335 31
2336 31
2337 32
2338 32
2339 32
2340 32
2341 32
2342 31
2343 32
2344 32
2345 32
2346 32
2347 32
2348 32
2349 32
2350 32
2351 31
2352 32
2353 32
2354 32
2355 32
2356 32
2357 32
2358 31
2359 31
2360 31
2361 31
2362 33
2363 32
2364 31
2365 32
2366 32
2367 32
2368 32
2369 32
2370 32
2371 32
2372 32
2373 32
2374 31
2375 32
2376 32
2377 32
2378 32
2379 32
2380 32
2381 32
2382 32
2383 31
2384 32
2385 32
2386 32
2387 32
2388 32
2389 32
2390 32
2391 32
2392 32
2393 31
2394 32
2395 32
2396 31
2397 32
2398 32
2399 32
2400 32
2401 33
2402 32
2403 32
2404 32
2405 32
2406 32
2407 32
2408 32
2409 32
2410 31
2411 32
2412 32
2413 31
2414 31
2415 32
2416 33
2417 32
2418 31
2419 32
2420 32
2421 31
2422 32
2423 31
2424 32
2425 31
2426 32
2427 32
2428 32
2429 32
2430 32
2431 31
2432 32
2433 32
2434 32
2435 32
2436 31
2437 31
2438 31
2439 33
2440 32
2441 32
2442 32
2443 31
2444 32
2445 33
2446 32
2447 31
2448 32
2449 32
2450 33
2451 32
2452 32
2453 32
2454 32
2455 32
2456 32
2457 32
2458 32
2459 32
2460 32
2461 31
2462 32
2463 31
2464 32
2465 31
2466 32
2467 31
2468 32
2469 32
2470 31
2471 33
2472 31
2473 32
2474 32
2475 33
2476 32
2477 33
2478 32
2479 31
2480 32
2481 31
2482 32
2483 32
2484 32
2485 32
2486 32
2487 32
2488 32
2489 32
2490 32
2491 32
2492 32
2493 32
2494 32
2495 32
2496 31
2497 32
2498 33
2499 31
2500 32
2501 31
2502 31
2503 31
2504 32
2505 31
2506 32
2507 32
2508 31
2509 32
2510 32
2511 32
2512 32
2513 32
2514 32
2515 32
2516 31
2517 32
2518 31
2519 32
2520 32
2521 32
2522 32
2523 31
2524 33
2525 32
2526 32
2527 32
2528 32
2529 32
2530 32
2531 32
2532 31
2533 33
2534 31
2535 31
2536 31
2537 31
2538 32
2539 32
2540 32
2541 31
2542 32
2543 32
2544 31
2545 31
2546 32
2547 32
2548 32
2549 32
2550 30
2551 32
2552 33
2553 32
2554 32
2555 33
2556 33
2557 31
2558 31
2559 33
2560 31
2561 32
2562 31
2563 32
2564 32
2565 32
2566 32
2567 33
2568 32
2569 33
2570 32
2571 32
2572 31
2573 32
2574 31
2575 32
2576 33
2577 32
2578 31
2579 32
2580 32
2581 32
2582 32
2583 32
2584 32
2585 32
2586 31
2587 31
2588 32
2589 32
2590 32
2591 32
2592 32
2593 32
2594 32
2595 33
2596 32
2597 31
2598 31
2599 32
2600 32
2601 32
2602 32
2603 32
2604 32
2605 32
2606 32
2607 32
2608 31
2609 33
2610 32
2611 32
2612 32
2613 32
2614 32
2615 32
2616 32
2617 32
2618 31
2619 32
2620 31
2621 33
2622 31
2623 32
2624 33
2625 32
2626 32
2627 32
2628 32
2629 31
2630 32
2631 32
2632 31
2633 31
2634 33
2635 32
2636 31
2637 31
2638 32
2639 32
2640 33
2641 31
2642 31
2643 32
2644 32
2645 32
2646 33
2647 32
2648 32
2649 31
2650 32
2651 32
2652 32
2653 32
2654 33
2655 33
2656 32
2657 31
2658 31
2659 32
2660 32
2661 32
2662 32
2663 31
2664 32
2665 32
2666 33
2667 31
2668 32
2669 33
2670 32
2671 32
2672 33
2673 32
2674 32
2675 32
2676 32
2677 32
2678 31
2679 31
2680 32
2681 32
2682 32
2683 32
2684 33
2685 33
2686 31
2687 32
2688 31
2689 33
2690 32
2691 32
2692 32
2693 32
2694 32
2695 32
2696 32
2697 32
2698 31
2699 32
2700 32
2701 32
2702 31
2703 32
2704 31
2705 32
2706 32
2707 31
2708 32
2709 32
2710 31
2711 32
2712 32
2713 31
2714 32
2715 32
2716 31
2717 32
2718 31
2719 32
2720 32
2721 32
2722 32
2723 32
2724 32
2725 32
2726 32
2727 32
2728 31
2729 31
2730 32
2731 33
2732 32
2733 32
2734 31
2735 32
2736 32
2737 32
2738 32
2739 32
2740 32
2741 32
2742 32
2743 32
2744 32
2745 32
2746 31
2747 33
2748 31
2749 32
2750 32
2751 32
2752 32
2753 32
2754 32
2755 31
2756 32
2757 32
2758 32
2759 32
2760 33
2761 32
2762 32
2763 32
2764 32
2765 32
2766 32
2767 32
2768 32
2769 32
2770 32
2771 33
2772 32
2773 32
2774 31
2775 32
2776 32
2777 32
2778 32
2779 32
2780 32
2781 32
2782 31
2783 32
2784 32
2785 31
2786 32
2787 32
2788 33
2789 32
2790 31
2791 32
2792 32
2793 31
2794 32
2795 32
2796 32
2797 31
2798 33
2799 32
2800 32
2801 32
2802 31
2803 33
2804 32
2805 31
2806 33
2807 33
2808 32
2809 33
2810 32
2811 33
2812 32
2813 31
2814 32
2815 32
2816 32
2817 32
2818 32
2819 33
2820 33
2821 33
2822 32
2823 32
2824 32
2825 32
2826 32
2827 31
2828 32
2829 32
2830 31
2831 32
2832 32
2833 33
2834 31
2835 32
2836 33
2837 31
2838 32
2839 32
2840 32
2841 32
2842 33
2843 32
2844 32
2845 32
2846 32
2847 32
2848 32
2849 32
2850 32
2851 32
2852 33
2853 32
2854 32
2855 32
2856 32
2857 33
2858 31
2859 33
2860 32
2861 32
2862 32
2863 32
2864 32
2865 32
2866 33
2867 31
2868 32
2869 32
2870 32
2871 33
2872 32
2873 31
2874 31
2875 32
2876 32
2877 31
2878 32
2879 32
2880 32
2881 32
2882 32
2883 33
2884 32
2885 32
2886 32
2887 32
2888 32
2889 31
2890 31
2891 32
2892 32
2893 33
2894 32
2895 32
2896 32
2897 32
2898 31
2899 32
2900 33
2901 32
2902 31
2903 32
2904 32
2905 32
2906 32
2907 31
2908 32
2909 32
2910 32
2911 32
2912 33
2913 32
2914 32
2915 32
2916 32
2917 32
2918 32
2919 31
2920 31
2921 32
2922 32
2923 33
2924 31
2925 31
2926 32
2927 32
2928 32
2929 32
2930 32
2931 32
2932 32
2933 32
2934 32
2935 31
2936 31
2937 32
2938 32
2939 32
2940 32
2941 31
2942 31
2943 31
2944 32
2945 31
2946 33
2947 31
2948 33
2949 32
2950 31
2951 32
2952 31
2953 32
2954 32
2955 33
2956 31
2957 32
2958 31
2959 32
2960 31
2961 32
2962 32
2963 32
2964 32
2965 32
2966 31
2967 33
2968 32
2969 32
2970 31
2971 33
2972 33
2973 32
2974 31
2975 32
2976 33
2977 31
2978 32
2979 31
2980 32
2981 31
2982 32
2983 32
2984 31
2985 32
2986 32
2987 32
2988 33
2989 31
2990 31
2991 31
2992 33
2993 32
2994 32
2995 33
2996 31
2997 33
2998 32
2999 32
3000 33
3001 32
3002 32
3003 32
3004 32
3005 32
3006 32
3007 32
3008 32
3009 32
3010 32
3011 32
3012 31
3013 32
3014 31
3015 33
3016 31
3017 31
3018 32
3019 31
3020 31
3021 32
3022 31
3023 32
3024 32
3025 33
3026 32
3027 32
3028 32
3029 33
3030 32
3031 32
3032 33
3033 32
3034 31
3035 33
3036 33
3037 31
3038 31
3039 33
3040 32
3041 32
3042 31
3043 32
3044 32
3045 32
3046 32
3047 32
3048 32
3049 32
3050 32
3051 32
3052 32
3053 32
3054 31
3055 31
3056 32
3057 32
3058 31
3059 31
3060 33
3061 32
3062 32
3063 32
3064 31
3065 33
3066 32
3067 32
3068 31
3069 31
3070 32
3071 31
3072 32
3073 32
3074 32
3075 32
3076 33
3077 32
3078 31
3079 33
3080 32
3081 31
3082 32
3083 31
3084 32
3085 32
3086 32
3087 32
3088 32
3089 32
3090 32
3091 32
3092 32
3093 32
3094 31
3095 32
3096 32
3097 32
3098 32
3099 32
3100 31
3101 32
3102 31
3103 33
3104 31
3105 32
3106 31
3107 33
3108 31
3109 32
3110 32
3111 32
3112 32
3113 32
3114 32
3115 33
3116 32
3117 33
3118 31
3119 31
3120 32
3121 32
3122 32
3123 32
3124 32
3125 32
3126 31
3127 31
3128 32
3129 32
3130 31
3131 31
3132 32
3133 32
3134 32
3135 32
3136 33
3137 32
3138 32
3139 32
3140 32
3141 32
3142 31
3143 32
3144 31
3145 32
3146 32
3147 32
3148 32
3149 32
3150 30
3151 31
3152 33
3153 32
3154 32
3155 32
3156 32
3157 31
3158 32
3159 31
3160 32
3161 33
3162 31
3163 31
3164 32
3165 31
3166 32
3167 33
3168 32
3169 32
3170 32
3171 33
3172 32
3173 31
3174 32
3175 32
3176 33
3177 31
3178 32
3179 32
3180 32
3181 32
3182 32
3183 31
3184 32
3185 32
3186 32
3187 32
3188 31
3189 32
3190 32
3191 32
3192 32
3193 32
3194 32
3195 33
3196 32
3197 32
3198 32
3199 31
3200 32
3201 31
3202 32
3203 32
3204 33
3205 32
3206 32
3207 32
3208 31
3209 31
3210 31
3211 32
3212 32
3213 33
3214 32
3215 32
3216 31
3217 32
3218 31
3219 31
3220 33
3221 33
3222 32
3223 31
3224 32
3225 32
3226 31
3227 32
3228 31
3229 32
3230 33
3231 32
3232 32
3233 32
3234 32
3235 31
3236 32
3237 33
3238 33
3239 33
3240 32
3241 32
3242 32
3243 32
3244 32
3245 31
3246 32
3247 33
3248 33
3249 33
3250 32
3251 33
3252 32
3253 31
3254 32
3255 32
3256 32
3257 32
3258 32
3259 31
3260 32
3261 32
3262 31
3263 32
3264 32
3265 32
3266 32
3267 32
3268 32
3269 32
3270 31
3271 32
3272 32
3273 32
3274 33
3275 32
3276 33
3277 32
3278 31
3279 32
3280 33
3281 33
3282 32
3283 32
3284 32
3285 32
3286 33
3287 32
3288 31
3289 31
3290 32
3291 32
3292 31
3293 31
3294 31
3295 32
3296 31
3297 32
3298 31
3299 32
3300 32
3301 31
3302 32
3303 32
3304 32
3305 32
3306 33
3307 32
3308 32
3309 31
3310 32
3311 31
3312 32
3313 32
3314 32
3315 32
3316 32
3317 32
3318 31
3319 32
3320 32
3321 32
3322 32
3323 32
3324 32
3325 33
3326 33
3327 31
3328 32
3329 32
3330 32
3331 32
3332 31
3333 32
3334 33
3335 31
3336 33
3337 32
3338 31
3339 32
3340 32
3341 32
3342 32
3343 32
3344 32
3345 33
3346 32
3347 32
3348 32
3349 32
3350 32
3351 32
3352 31
3353 32
3354 32
3355 32
3356 33
3357 33
3358 33
3359 32
3360 32
3361 32
3362 32
3363 32
3364 32
3365 32
3366 32
3367 31
3368 32
3369 33
3370 31
3371 33
3372 31
3373 31
3374 32
3375 31
3376 31
3377 32
3378 32
3379 32
3380 31
3381 32
3382 32
3383 32
3384 32
3385 33
3386 33
3387 32
3388 32
3389 32
3390 31
3391 32
3392 31
3393 32
3394 33
3395 32
3396 32
3397 32
3398 31
3399 32
3400 31
3401 32
3402 32
3403 32
3404 33
3405 32
3406 32
3407 32
3408 32
3409 32
3410 32
3411 32
3412 32
3413 32
3414 32
3415 31
3416 33
3417 32
3418 31
3419 33
3420 32
3421 32
3422 32
3423 31
3424 32
3425 32
3426 32
3427 32
3428 32
3429 31
3430 32
3431 33
3432 32
3433 32
3434 31
3435 32
3436 31
3437 32
3438 31
3439 32
3440 32
3441 31
3442 31
3443 32
3444 33
3445 32
3446 31
3447 32
3448 31
3449 33
3450 32
3451 32
3452 31
3453 32
3454 31
3455 32
3456 32
3457 32
3458 33
3459 32
3460 32
3461 33
3462 31
3463 32
3464 31
3465 32
3466 32
3467 31
3468 32
3469 31
3470 31
3471 33
3472 32
3473 32
3474 32
3475 31
3476 32
3477 32
3478 32
3479 32
3480 31
3481 32
3482 32
3483 31
3484 33
3485 32
3486 32
3487 32
3488 32
3489 32
3490 32
3491 31
3492 32
3493 32
3494 32
3495 32
3496 32
3497 31
3498 32
3499 32
3500 31
3501 33
3502 32
3503 33
3504 32
3505 33
3506 32
3507 31
3508 32
3509 33
3510 31
3511 32
3512 32
3513 32
3514 32
3515 30
3516 31
3517 32
3518 32
3519 32
3520 32
3521 32
3522 32
3523 32
3524 32
3525 32
3526 31
3527 31
3528 32
3529 32
3530 32
3531 31
3532 32
3533 31
3534 32
3535 32
3536 32
3537 32
3538 32
3539 32
3540 31
3541 31
3542 32
3543 32
3544 31
3545 32
3546 32
3547 32
3548 32
3549 32
3550 32
3551 32
3552 32
3553 32
3554 32
3555 33
3556 32
3557 32
3558 32
3559 32
3560 32
3561 32
3562 32
3563 32
3564 32
3565 32
3566 32
3567 33
3568 33
3569 31
3570 32
3571 32
3572 32
3573 33
3574 32
3575 32
3576 33
3577 32
3578 32
3579 32
3580 31
3581 33
3582 32
3583 32
3584 32
3585 32
3586 31
3587 33
3588 32
3589 31
3590 31
3591 32
3592 32
3593 32
3594 32
3595 33
3596 32
3597 31
3598 31
3599 32
3600 33
3601 32
3602 32
3603 33
3604 32
3605 31
3606 32
3607 32
3608 33
3609 31
3610 31
3611 32
3612 31
3613 32
3614 31
3615 33
3616 32
3617 32
3618 32
3619 32
3620 31
3621 32
3622 33
3623 32
3624 32
3625 32
3626 32
3627 31
3628 31
3629 33
3630 31
3631 32
3632 32
3633 32
3634 31
3635 32
3636 33
3637 31
3638 31
3639 32
3640 32
3641 32
3642 31
3643 32
3644 32
3645 32
3646 32
3647 32
3648 33
3649 32
3650 32
3651 32
3652 32
3653 32
3654 32
3655 32
3656 32
3657 33
3658 32
3659 31
3660 32
3661 33
3662 32
3663 32
3664 32
3665 32
3666 32
3667 31
3668 32
3669 32
3670 33
3671 31
3672 32
3673 32
3674 32
3675 31
3676 32
3677 32
3678 32
3679 32
3680 31
3681 32
3682 32
3683 32
3684 31
3685 31
3686 31
3687 31
3688 32
3689 32
3690 32
3691 31
3692 32
3693 32
3694 31
3695 32
3696 31
3697 31
3698 32
3699 31
3700 32
3701 32
3702 32
3703 32
3704 31
3705 31
3706 32
3707 32
3708 31
3709 31
3710 32
3711 32
3712 31
3713 32
3714 32
3715 33
3716 32
3717 31
3718 33
3719 32
3720 31
3721 32
3722 32
3723 31
3724 33
3725 33
3726 32
3727 32
3728 33
3729 32
3730 32
3731 32
3732 31
3733 31
3734 32
3735 32
3736 31
3737 32
3738 33
3739 32
3740 31
3741 32
3742 32
3743 33
3744 32
3745 33
3746 33
3747 32
3748 32
3749 33
3750 32
3751 31
3752 32
3753 31
3754 33
3755 33
3756 32
3757 32
3758 32
3759 32
3760 32
3761 32
3762 32
3763 31
3764 32
3765 30
3766 32
3767 32
3768 32
3769 32
3770 32
3771 31
3772 32
3773 33
3774 32
3775 31
3776 31
3777 31
3778 31
3779 32
3780 32
3781 32
3782 32
3783 33
3784 32
3785 33
3786 31
3787 32
3788 32
3789 32
3790 31
3791 32
3792 32
3793 32
3794 32
3795 32
3796 32
3797 31
3798 32
3799 33
3800 32
3801 32
3802 32
3803 32
3804 32
3805 32
3806 32
3807 30
3808 31
3809 32
3810 32
3811 33
3812 32
3813 33
3814 32
3815 32
3816 32
3817 32
3818 31
3819 31
3820 32
3821 32
3822 32
3823 32
3824 32
3825 32
3826 31
3827 32
3828 32
3829 32
3830 33
3831 32
3832 31
3833 32
3834 32
3835 33
3836 31
3837 32
3838 33
3839 33
3840 32
3841 31
3842 32
3843 32
3844 32
3845 31
3846 31
3847 32
3848 32
3849 32
3850 31
3851 31
3852 32
3853 31
3854 32
3855 32
3856 33
3857 33
3858 32
3859 32
3860 33
3861 32
3862 32
3863 32
3864 32
3865 31
3866 32
3867 32
3868 31
3869 32
3870 33
3871 32
3872 32
3873 32
3874 32
3875 31
3876 33
3877 32
3878 31
3879 32
3880 32
3881 32
3882 31
3883 32
3884 33
3885 32
3886 33
3887 33
3888 32
3889 32
3890 32
3891 33
3892 31
3893 31
3894 33
3895 32
3896 32
3897 32
3898 31
3899 33
3900 31
3901 32
3902 32
3903 32
3904 32
3905 32
3906 32
3907 31
3908 31
3909 32
3910 32
3911 32
3912 32
3913 32
3914 32
3915 33
3916 31
3917 32
3918 32
3919 32
3920 31
3921 32
3922 32
3923 32
3924 32
3925 31
3926 32
3927 32
3928 32
3929 32
3930 32
3931 32
3932 32
3933 32
3934 33
3935 32
3936 32
3937 30
3938 32
3939 32
3940 32
3941 33
3942 31
3943 32
3944 31
3945 31
3946 32
3947 32
3948 31
3949 32
3950 32
3951 32
3952 31
3953 32
3954 32
3955 33
3956 32
3957 33
3958 31
3959 32
3960 32
3961 33
3962 32
3963 31
3964 33
3965 32
3966 30
3967 32
3968 31
3969 32
3970 31
3971 32
3972 31
3973 32
3974 32
3975 33
3976 32
3977 32
3978 32
3979 33
3980 33
3981 32
3982 32
3983 32
3984 32
3985 32
3986 33
3987 32
3988 32
3989 32
3990 31
3991 32
3992 32
3993 31
3994 31
3995 32
3996 32
3997 32
3998 32
3999 33
4000 32
4001 32
4002 32
4003 32
4004 32
4005 33
4006 33
4007 32
4008 32
4009 32
4010 32
4011 33
4012 32
4013 31
4014 32
4015 32
4016 32
4017 32
4018 32
4019 31
4020 32
4021 32
4022 32
4023 33
4024 32
4025 33
4026 31
4027 32
4028 32
4029 32
4030 32
4031 32
4032 31
4033 31
4034 33
4035 32
4036 32
4037 32
4038 32
4039 32
4040 32
4041 32
4042 32
4043 31
4044 31
4045 32
4046 32
4047 32
4048 31
4049 32
4050 31
4051 31
4052 31
4053 31
4054 32
4055 31
4056 32
4057 32
4058 32
4059 32
4060 32
4061 32
4062 32
4063 32
4064 32
4065 32
4066 32
4067 33
4068 32
4069 32
4070 32
4071 32
4072 31
4073 32
4074 32
4075 31
4076 32
4077 32
4078 31
4079 32
4080 31
4081 31
4082 32
4083 32
4084 33
4085 32
4086 32
4087 31
4088 32
4089 32
4090 32
4091 31
4092 32
4093 33
4094 32
4095 32
4096 32
4097 32
4098 33
4099 33
4100 32
4101 33
4102 32
4103 31
4104 32
4105 31
4106 32
4107 31
4108 32
4109 31
4110 32
4111 32
4112 31
4113 32
4114 32
4115 32
4116 33
4117 31
4118 32
4119 32
4120 31
4121 31
4122 32
4123 32
4124 32
4125 31
4126 32
4127 31
4128 32
4129 32
4130 32
4131 33
4132 32
4133 31
4134 33
4135 32
4136 32
4137 32
4138 31
4139 32
4140 32
4141 31
4142 31
4143 33
4144 32
4145 31
4146 32
4147 31
4148 32
4149 32
4150 32
4151 33
4152 32
4153 32
4154 32
4155 30
4156 32
4157 32
4158 32
4159 32
4160 31
4161 32
4162 32
4163 32
4164 31
4165 32
4166 32
4167 32
4168 31
4169 33
4170 33
4171 32
4172 32
4173 31
4174 33
4175 32
4176 33
4177 32
4178 32
4179 33
4180 32
4181 31
4182 32
4183 31
4184 32
4185 32
4186 32
4187 32
4188 32
4189 32
4190 32
4191 32
4192 33
4193 30
4194 32
4195 32
4196 31
4197 32
4198 32
4199 32
4200 32
4201 32
4202 32
4203 31
4204 32
4205 32
4206 32
4207 30
4208 32
4209 32
4210 32
4211 31
4212 31
4213 31
4214 32
4215 32
4216 31
4217 32
4218 32
4219 31
4220 33
4221 32
4222 33
4223 31
4224 32
4225 32
4226 32
4227 32
4228 32
4229 31
4230 32
4231 31
4232 31
4233 32
4234 32
4235 32
4236 32
4237 32
4238 32
4239 33
4240 31
4241 32
4242 32
4243 32
4244 32
4245 32
4246 32
4247 31
4248 32
4249 32
4250 33
4251 32
4252 32
4253 32
4254 32
4255 32
4256 31
4257 32
4258 33
4259 32
4260 31
4261 32
4262 32
4263 32
4264 32
4265 32
4266 33
4267 32
4268 32
4269 32
4270 31
4271 31
4272 33
4273 32
4274 32
4275 31
4276 32
4277 32
4278 31
4279 32
4280 32
4281 32
4282 32
4283 31
4284 31
4285 32
4286 32
4287 33
4288 32
4289 32
4290 31
4291 31
4292 32
4293 32
4294 32
4295 31
4296 33
4297 31
4298 31
4299 32
4300 31
4301 32
4302 31
4303 32
4304 32
4305 32
4306 31
4307 32
4308 32
4309 32
4310 32
4311 31
4312 32
4313 32
4314 32
4315 32
4316 32
4317 31
4318 32
4319 31
4320 31
4321 32
4322 33
4323 32
4324 32
4325 32
4326 32
4327 32
4328 31
4329 32
4330 31
4331 32
4332 32
4333 32
4334 32
4335 32
4336 31
4337 31
4338 33
4339 31
4340 32
4341 32
4342 32
4343 31
4344 31
4345 31
4346 33
4347 32
4348 32
4349 32
4350 31
4351 31
4352 33
4353 32
4354 33
4355 32
4356 32
4357 32
4358 32
4359 32
4360 32
4361 33
4362 32
4363 31
4364 32
4365 32
4366 33
4367 32
4368 31
4369 32
4370 30
4371 33
4372 31
4373 32
4374 33
4375 31
4376 31
4377 32
4378 32
4379 32
4380 31
4381 32
4382 32
4383 32
4384 31
4385 32
4386 32
4387 32
4388 32
4389 31
4390 32
4391 32
4392 31
4393 33
4394 31
4395 31
4396 32
4397 31
4398 32
4399 31
4400 32
4401 32
4402 32
4403 32
4404 31
4405 32
4406 32
4407 32
4408 32
4409 31
4410 31
4411 32
4412 32
4413 31
4414 32
4415 33
4416 32
4417 32
4418 32
4419 32
4420 32
4421 32
4422 32
4423 33
4424 32
4425 31
4426 32
4427 32
4428 33
4429 32
4430 32
4431 32
4432 31
4433 31
4434 32
4435 32
4436 32
4437 31
4438 32
4439 32
4440 32
4441 31
4442 32
4443 31
4444 32
4445 31
4446 31
4447 31
4448 32
4449 33
4450 32
4451 32
4452 32
4453 33
4454 32
4455 32
4456 32
4457 32
4458 32
4459 32
4460 32
4461 32
4462 32
4463 31
4464 32
4465 32
4466 32
4467 32
4468 32
4469 32
4470 31
4471 33
4472 32
4473 32
4474 32
4475 32
4476 31
4477 32
4478 32
4479 32
4480 33
4481 31
4482 31
4483 32
4484 32
4485 32
4486 32
4487 32
4488 32
4489 31
4490 32
4491 31
4492 31
4493 32
4494 32
4495 32
4496 32
4497 32
4498 32
4499 32
4500 32
4501 32
4502 31
4503 32
4504 33
4505 31
4506 32
4507 33
4508 32
4509 31
4510 33
4511 32
4512 31
4513 32
4514 32
4515 32
4516 32
4517 32
4518 31
4519 32
4520 32
4521 32
4522 31
4523 32
4524 30
4525 32
4526 32
4527 32
4528 32
4529 31
4530 32
4531 32
4532 32
4533 32
4534 32
4535 32
4536 32
4537 31
4538 31
4539 32
4540 32
4541 33
4542 33
4543 31
4544 32
4545 32
4546 32
4547 32
4548 32
4549 31
4550 33
4551 32
4552 32
4553 32
4554 33
4555 31
4556 33
4557 32
4558 32
4559 32
4560 32
4561 32
4562 32
4563 32
4564 32
4565 33
4566 31
4567 32
4568 33
4569 31
4570 32
4571 32
4572 32
4573 32
4574 31
4575 31
4576 31
4577 32
4578 31
4579 32
4580 32
4581 32
4582 32
4583 32
4584 32
4585 33
4586 31
4587 32
4588 32
4589 32
4590 33
4591 32
4592 32
4593 32
4594 33
4595 33
4596 32
4597 32
4598 32
4599 32
4600 32
4601 32
4602 32
4603 32
4604 32
4605 32
4606 33
4607 32
4608 32
4609 32
4610 32
4611 31
4612 32
4613 32
4614 33
4615 32
4616 32
4617 32
4618 31
4619 33
4620 32
4621 32
4622 32
4623 31
4624 32
4625 32
4626 32
4627 31
4628 33
4629 31
4630 32
4631 31
4632 33
4633 32
4634 31
4635 32
4636 32
4637 32
4638 32
4639 32
4640 31
4641 31
4642 33
4643 32
4644 32
4645 31
4646 31
4647 33
4648 33
4649 31
4650 32
4651 31
4652 33
4653 32
4654 31
4655 31
4656 33
4657 32
4658 33
4659 32
4660 32
4661 31
4662 32
4663 32
4664 32
4665 32
4666 32
4667 32
4668 32
4669 31
4670 32
4671 32
4672 32
4673 32
4674 32
4675 31
4676 32
4677 31
4678 32
4679 32
4680 33
4681 32
4682 33
4683 31
4684 31
4685 32
4686 33
4687 33
4688 32
4689 31
4690 32
4691 31
4692 33
4693 32
4694 32
4695 32
4696 31
4697 32
4698 32
4699 31
4700 32
4701 31
4702 31
4703 32
4704 32
4705 32
4706 32
4707 32
4708 31
4709 32
4710 32
4711 32
4712 32
4713 32
4714 32
4715 32
4716 32
4717 32
4718 32
4719 32
4720 32
4721 32
4722 32
4723 33
4724 32
4725 31
4726 32
4727 32
4728 32
4729 33
4730 32
4731 31
4732 32
4733 32
4734 31
4735 32
4736 31
4737 32
4738 32
4739 31
4740 32
4741 33
4742 32
4743 32
4744 33
4745 31
4746 32
4747 33
4748 32
4749 32
4750 33
4751 32
4752 32
4753 32
4754 32
4755 32
4756 31
4757 33
4758 32
4759 32
4760 31
4761 33
4762 32
4763 31
4764 33
4765 32
4766 32
4767 31
4768 32
4769 32
4770 32
4771 32
4772 32
4773 32
4774 32
4775 32
4776 33
4777 30
4778 33
4779 32
4780 32
4781 31
4782 33
4783 32
4784 32
4785 33
4786 32
4787 31
4788 32
4789 32
4790 32
4791 32
4792 32
4793 32
4794 32
4795 31
4796 33
4797 32
4798 31
4799 32
4800 31
4801 32
4802 31
4803 32
4804 32
4805 33
4806 31
4807 31
4808 33
4809 32
4810 33
4811 33
4812 32
4813 31
4814 32
4815 31
4816 32
4817 33
4818 32
4819 32
4820 32
4821 32
4822 32
4823 31
4824 32
4825 32
4826 32
4827 32
4828 31
4829 32
4830 32
4831 32
4832 32
4833 32
4834 33
4835 33
4836 32
4837 31
4838 32
4839 32
4840 33
4841 33
4842 31
4843 31
4844 33
4845 31
4846 33
4847 31
4848 32
4849 31
4850 32
4851 32
4852 33
4853 32
4854 32
4855 32
4856 32
4857 31
4858 32
4859 33
4860 32
4861 32
4862 33
4863 33
4864 31
4865 32
4866 32
4867 32
4868 32
4869 32
4870 32
4871 32
4872 32
4873 32
4874 32
4875 32
4876 32
4877 32
4878 33
4879 31
4880 32
4881 32
4882 31
4883 32
4884 32
4885 31
4886 31
4887 32
4888 31
4889 33
4890 32
4891 32
4892 32
4893 32
4894 32
4895 32
4896 32
4897 32
4898 31
4899 32
4900 32
4901 32
4902 32
4903 32
4904 31
4905 32
4906 32
4907 32
4908 32
4909 32
4910 32
4911 33
4912 32
4913 31
4914 33
4915 32
4916 32
4917 32
4918 31
4919 32
4920 32
4921 31
4922 32
4923 32
4924 31
4925 32
4926 33
4927 32
4928 32
4929 32
4930 32
4931 32
4932 33
4933 31
4934 32
4935 31
4936 32
4937 32
4938 31
4939 31
4940 32
4941 32
4942 32
4943 32
4944 32
4945 32
4946 32
4947 33
4948 31
4949 31
4950 33
4951 33
4952 31
4953 31
4954 32
4955 31
4956 32
4957 32
4958 32
4959 32
4960 32
4961 31
4962 31
4963 32
4964 32
4965 32
4966 32
4967 32
4968 32
4969 32
4970 32
4971 33
4972 31
4973 31
4974 32
4975 32
4976 33
4977 32
4978 32
4979 32
4980 33
4981 31
4982 33
4983 32
4984 32
4985 32
4986 33
4987 33
4988 31
4989 32
4990 33
4991 31
4992 31
4993 32
4994 31
4995 33
4996 32
4997 32
4998 32
4999 32
5000 33
5001 32
5002 32
5003 33
5004 32
5005 32
5006 31
5007 32
5008 33
5009 31
5010 32
5011 32
5012 32
5013 32
5014 32
5015 32
5016 33
5017 32
5018 33
5019 31
5020 32
5021 33
5022 32
5023 32
5024 32
5025 32
5026 31
5027 32
5028 33
5029 32
5030 32
5031 33
5032 32
5033 32
5034 31
5035 32
5036 32
5037 32
5038 32
5039 31
5040 32
5041 31
5042 33
5043 33
5044 32
5045 31
5046 32
5047 32
5048 32
5049 33
5050 32
5051 32
5052 32
5053 31
5054 32
5055 31
5056 31
5057 33
5058 32
5059 32
5060 32
5061 31
5062 32
5063 32
5064 31
5065 32
5066 31
5067 32
5068 32
5069 32
5070 32
5071 32
5072 32
5073 32
5074 32
5075 31
5076 32
5077 31
5078 32
5079 31
5080 33
5081 31
5082 33
5083 32
5084 31
5085 33
5086 32
5087 32
5088 32
5089 32
5090 32
5091 32
5092 32
5093 32
5094 32
5095 31
5096 32
5097 32
5098 32
5099 32
5100 32
5101 32
5102 32
5103 31
5104 32
5105 32
5106 31
5107 31
5108 32
5109 32
5110 31
5111 32
5112 32
5113 32
5114 32
5115 32
5116 32
5117 32
5118 32
5119 32
5120 31
5121 32
5122 33
5123 31
5124 32
5125 33
5126 32
5127 32
5128 33
5129 32
5130 32
5131 33
5132 32
5133 32
5134 31
5135 32
5136 32
5137 33
5138 32
5139 32
5140 32
5141 32
5142 32
5143 31
5144 32
5145 32
5146 32
5147 31
5148 33
5149 32
5150 32
5151 32
5152 33
5153 33
5154 33
5155 32
5156 32
5157 31
5158 31
5159 31
5160 32
5161 31
5162 32
5163 32
5164 31
5165 32
5166 31
5167 31
5168 31
5169 32
5170 33
5171 32
5172 31
5173 32
5174 31
5175 32
5176 32
5177 32
5178 31
5179 33
5180 31
5181 32
5182 32
5183 33
5184 31
5185 32
5186 33
5187 32
5188 32
5189 31
5190 32
5191 32
5192 32
5193 32
5194 32
5195 32
5196 33
5197 32
5198 33
5199 33
5200 31
5201 31
5202 31
5203 32
5204 32
5205 33
5206 32
5207 32
5208 32
5209 31
5210 32
5211 32
5212 31
5213 31
5214 32
5215 32
5216 32
5217 32
5218 32
5219 32
5220 31
5221 32
5222 32
5223 32
5224 32
5225 32
5226 33
5227 31
5228 32
5229 32
5230 32
5231 31
5232 31
5233 32
5234 32
5235 32
5236 33
5237 32
5238 32
5239 32
5240 32
5241 32
5242 32
5243 33
5244 32
5245 31
5246 32
5247 32
5248 33
5249 32
5250 32
5251 32
5252 32
5253 31
5254 31
5255 31
5256 33
5257 32
5258 33
5259 31
5260 32
5261 33
5262 32
5263 31
5264 31
5265 32
5266 32
5267 32
5268 31
5269 32
5270 31
5271 32
5272 31
5273 32
5274 33
5275 32
5276 32
5277 32
5278 32
5279 32
5280 32
5281 33
5282 33
5283 32
5284 32
5285 31
5286 31
5287 32
5288 32
5289 31
5290 31
5291 32
5292 32
5293 32
5294 33
5295 33
5296 32
5297 32
5298 32
5299 31
5300 32
5301 31
5302 32
5303 32
5304 33
5305 32
5306 33
5307 32
5308 33
5309 31
5310 33
5311 32
5312 33
5313 31
5314 31
5315 32
5316 32
5317 32
5318 32
5319 32
5320 32
5321 31
5322 32
5323 31
5324 32
5325 32
5326 32
5327 32
5328 32
5329 32
5330 31
5331 31
5332 31
5333 32
5334 32
5335 32
5336 32
5337 31
5338 32
5339 32
5340 33
5341 32
5342 32
5343 32
5344 31
5345 32
5346 33
5347 32
5348 32
5349 31
5350 32
5351 33
5352 32
5353 32
5354 31
5355 32
5356 31
5357 32
5358 32
5359 32
5360 32
5361 32
5362 32
5363 32
5364 32
5365 31
5366 32
5367 32
5368 32
5369 32
5370 32
5371 33
5372 32
5373 33
5374 33
5375 32
5376 32
5377 32
5378 31
5379 32
5380 31
5381 32
5382 32
5383 31
5384 32
5385 32
5386 32
5387 32
5388 32
5389 32
5390 32
5391 31
5392 32
5393 31
5394 32
5395 33
5396 32
5397 33
5398 32
5399 32
5400 31
5401 32
5402 32
5403 32
5404 32
5405 31
5406 32
5407 32
5408 32
5409 32
5410 33
5411 32
5412 32
5413 33
5414 33
5415 32
5416 33
5417 32
5418 32
5419 32
5420 32
5421 31
5422 33
5423 32
5424 31
5425 33
5426 31
5427 32
5428 32
5429 32
5430 32
5431 32
5432 31
5433 31
5434 32
5435 32
5436 32
5437 33
5438 32
5439 31
5440 32
5441 31
5442 31
5443 31
5444 33
5445 32
5446 32
5447 31
5448 32
5449 33
5450 31
5451 33
5452 32
5453 31
5454 32
5455 32
5456 33
5457 32
5458 31
5459 32
5460 32
5461 31
5462 32
5463 32
5464 32
5465 33
5466 32
5467 32
5468 33
5469 32
5470 32
5471 32
5472 32
5473 32
5474 32
5475 32
5476 32
5477 32
5478 31
5479 32
5480 32
5481 31
5482 32
5483 32
5484 31
5485 32
5486 31
5487 32
5488 33
5489 32
5490 32
5491 32
5492 32
5493 32
5494 32
5495 32
5496 32
5497 33
5498 32
5499 31
5500 32
5501 33
5502 31
5503 32
5504 32
5505 32
5506 32
5507 33
5508 31
5509 31
5510 31
5511 33
5512 32
5513 32
5514 33
5515 31
5516 32
5517 32
5518 31
5519 32
5520 32
5521 31
5522 32
5523 33
5524 32
5525 32
5526 32
5527 32
5528 32
5529 32
5530 32
5531 32
5532 31
5533 33
5534 32
5535 32
5536 32
5537 31
5538 31
5539 32
5540 31
5541 32
5542 32
5543 31
5544 32
5545 32
5546 32
5547 31
5548 31
5549 31
5550 33
5551 32
5552 32
5553 32
5554 33
5555 31
5556 31
5557 32
5558 32
5559 32
5560 32
5561 32
5562 33
5563 32
5564 32
5565 32
5566 32
5567 31
5568 32
5569 32
5570 32
5571 31
5572 32
5573 31
5574 32
5575 32
5576 32
5577 32
5578 32
5579 32
5580 31
5581 32
5582 31
5583 32
5584 33
5585 33
5586 32
5587 33
5588 33
5589 32
5590 32
5591 32
5592 32
5593 32
5594 32
5595 32
5596 32
5597 31
5598 33
5599 31
5600 33
5601 32
5602 32
5603 32
5604 31
5605 32
5606 32
5607 31
5608 32
5609 32
5610 33
5611 31
5612 32
5613 32
5614 32
5615 31
5616 33
5617 31
5618 33
5619 32
5620 32
5621 31
5622 32
5623 33
5624 32
5625 31
5626 32
5627 31
5628 32
5629 32
5630 31
5631 32
5632 32
5633 32
5634 32
5635 31
5636 32
5637 32
5638 31
5639 32
5640 32
5641 32
5642 32
5643 32
