Polymer_Index N_1
0 31
1 31
2 31
3 31
4 32
5 31
6 32
7 32
8 31
9 31
10 31
11 31
12 31
13 32
14 32
15 31
16 32
17 32
18 30
19 31
20 32
21 32
22 32
23 30
24 31
25 32
26 31
27 32
28 32
29 31
30 32
31 31
32 31
33 31
34 31
35 31
36 32
37 32
38 32
39 31
40 32
41 31
42 31
43 30
44 31
45 32
46 30
47 31
48 31
49 31
50 31
51 31
52 31
53 31
54 30
55 32
56 31
57 31
58 31
59 31
60 31
61 31
62 31
63 32
64 31
65 32
66 32
67 32
68 31
69 31
70 32
71 32
72 31
73 32
74 31
75 31
76 31
77 31
78 30
79 32
80 32
81 31
82 32
83 31
84 30
85 31
86 31
87 32
88 31
89 31
90 31
91 31
92 31
93 31
94 31
95 31
96 31
97 31
98 31
99 31
100 32
101 31
102 32
103 31
104 31
105 31
106 31
107 32
108 31
109 31
110 32
111 31
112 32
113 31
114 30
115 31
116 32
117 31
118 32
119 32
120 31
121 31
122 31
123 31
124 31
125 31
126 30
127 31
128 31
129 32
130 31
131 31
132 32
133 30
134 32
135 31
136 31
137 31
138 32
139 31
140 31
141 30
142 31
143 32
144 32
145 32
146 31
147 32
148 32
149 31
150 30
151 30
152 31
153 31
154 31
155 32
156 32
157 32
158 32
159 31
160 31
161 32
162 32
163 31
164 32
165 31
166 31
167 32
168 32
169 31
170 31
171 31
172 32
173 31
174 32
175 31
176 32
177 31
178 31
179 31
180 31
181 31
182 31
183 31
184 31
185 31
186 31
187 32
188 31
189 32
190 31
191 32
192 31
193 31
194 32
195 31
196 31
197 31
198 32
199 31
200 31
201 32
202 30
203 31
204 31
205 31
206 31
207 31
208 31
209 29
210 32
211 31
212 31
213 31
214 31
215 31
216 31
217 32
218 32
219 31
220 32
221 31
222 32
223 32
224 32
225 32
226 32
227 31
228 31
229 32
230 31
231 32
232 31
233 31
234 32
235 31
236 31
237 32
238 31
239 31
240 32
241 31
242 32
243 31
244 31
245 32
246 32
247 30
248 31
249 32
250 31
251 31
252 31
253 31
254 31
255 32
256 31
257 31
258 31
259 31
260 31
261 32
262 31
263 31
264 31
265 32
266 31
267 31
268 32
269 32
270 31
271 32
272 32
273 32
274 31
275 32
276 31
277 30
278 31
279 32
280 31
281 32
282 30
283 30
284 32
285 31
286 31
287 31
288 31
289 30
290 31
291 32
292 30
293 31
294 32
295 31
296 31
297 32
298 30
299 31
300 32
301 32
302 30
303 31
304 31
305 32
306 32
307 31
308 31
309 31
310 31
311 32
312 31
313 32
314 31
315 30
316 32
317 31
318 31
319 31
320 31
321 32
322 31
323 31
324 31
325 31
326 31
327 32
328 32
329 31
330 31
331 31
332 32
333 30
334 30
335 31
336 31
337 31
338 32
339 32
340 31
341 31
342 31
343 32
344 31
345 32
346 31
347 31
348 32
349 32
350 31
351 32
352 31
353 31
354 31
355 30
356 31
357 30
358 31
359 31
360 32
361 31
362 31
363 30
364 31
365 31
366 31
367 31
368 32
369 31
370 31
371 31
372 31
373 31
374 31
375 31
376 32
377 31
378 31
379 31
380 31
381 32
382 30
383 32
384 32
385 32
386 31
387 31
388 31
389 31
390 30
391 31
392 32
393 32
394 31
395 32
396 32
397 32
398 31
399 31
400 31
401 31
402 30
403 31
404 31
405 31
406 31
407 30
408 32
409 31
410 32
411 30
412 32
413 32
414 32
415 30
416 31
417 32
418 32
419 32
420 31
421 32
422 32
423 31
424 32
425 31
426 31
427 32
428 32
429 31
430 31
431 32
432 31
433 31
434 31
435 32
436 31
437 32
438 30
439 31
440 31
441 31
442 32
443 32
444 31
445 32
446 32
447 32
448 31
449 31
450 32
451 31
452 32
453 31
454 32
455 31
456 31
457 30
458 31
459 31
460 31
461 31
462 31
463 31
464 31
465 31
466 31
467 30
468 31
469 32
470 32
471 32
472 31
473 32
474 31
475 31
476 31
477 31
478 30
479 31
480 31
481 30
482 30
483 31
484 31
485 32
486 31
487 31
488 31
489 31
490 32
491 31
492 31
493 31
494 32
495 32
496 31
497 32
498 31
499 31
500 31
501 31
502 32
503 31
504 32
505 30
506 32
507 32
508 30
509 31
510 31
511 30
512 32
513 31
514 30
515 32
516 30
517 32
518 31
519 32
520 31
521 31
522 30
523 32
524 31
525 32
526 31
527 31
528 31
529 31
530 31
531 31
532 31
533 30
534 31
535 32
536 31
537 31
538 30
539 32
540 31
541 32
542 32
543 32
544 31
545 30
546 31
547 32
548 32
549 31
550 32
551 31
552 31
553 30
554 31
555 31
556 31
557 31
558 31
559 31
560 32
561 31
562 31
563 32
564 30
565 32
566 31
567 32
568 31
569 31
570 32
571 32
572 31
573 31
574 31
575 32
576 32
577 32
578 30
579 32
580 31
581 32
582 32
583 32
584 31
585 31
586 32
587 30
588 29
589 31
590 32
591 31
592 31
593 31
594 31
595 30
596 31
597 31
598 32
599 31
600 32
601 31
602 31
603 32
604 31
605 31
606 31
607 31
608 31
609 31
610 32
611 31
612 31
613 31
614 31
615 30
616 31
617 31
618 31
619 31
620 30
621 30
622 31
623 31
624 30
625 31
626 31
627 31
628 32
629 31
630 31
631 32
632 31
633 32
634 32
635 31
636 31
637 31
638 32
639 31
640 31
641 32
642 32
643 32
644 31
645 32
646 31
647 31
648 31
649 30
650 31
651 31
652 31
653 31
654 31
655 32
656 32
657 31
658 31
659 31
660 32
661 31
662 32
663 31
664 31
665 32
666 31
667 31
668 32
669 31
670 30
671 30
672 31
673 31
674 31
675 31
676 31
677 32
678 31
679 31
680 31
681 31
682 32
683 30
684 32
685 32
686 31
687 32
688 32
689 31
690 31
691 30
692 32
693 31
694 32
695 32
696 32
697 30
698 31
699 32
700 31
701 31
702 31
703 31
704 30
705 32
706 32
707 30
708 31
709 32
710 32
711 31
712 31
713 32
714 30
715 32
716 32
717 31
718 31
719 32
720 30
721 31
722 31
723 31
724 31
725 30
726 32
727 31
728 31
729 31
730 31
731 32
732 32
733 31
734 32
735 31
736 31
737 32
738 32
739 32
740 32
741 31
742 31
743 31
744 32
745 31
746 32
747 32
748 31
749 31
750 31
751 31
752 31
753 32
754 31
755 32
756 32
757 31
758 31
759 31
760 31
761 31
762 32
763 32
764 32
765 31
766 32
767 32
768 32
769 30
770 31
771 31
772 32
773 30
774 31
775 32
776 31
777 31
778 32
779 32
780 31
781 30
782 32
783 32
784 32
785 31
786 30
787 32
788 32
789 31
790 32
791 32
792 31
793 31
794 32
795 31
796 32
797 30
798 31
799 31
800 31
801 31
802 32
803 31
804 30
805 30
806 31
807 31
808 31
809 31
810 31
811 32
812 32
813 31
814 30
815 31
816 32
817 32
818 32
819 30
820 31
821 31
822 30
823 31
824 30
825 32
826 32
827 31
828 31
829 32
830 31
831 31
832 31
833 31
834 31
835 31
836 31
837 32
838 30
839 31
840 32
841 31
842 32
843 31
844 32
845 32
846 31
847 32
848 32
849 31
850 30
851 31
852 32
853 31
854 32
855 31
856 31
857 30
858 31
859 31
860 32
861 30
862 31
863 31
864 32
865 31
866 31
867 32
868 31
869 31
870 31
871 32
872 31
873 31
874 31
875 31
876 31
877 30
878 31
879 32
880 31
881 31
882 31
883 31
884 32
885 31
886 30
887 31
888 31
889 30
890 31
891 31
892 31
893 32
894 31
895 31
896 31
897 32
898 32
899 32
900 32
901 30
902 32
903 32
904 32
905 32
906 31
907 31
908 30
909 32
910 31
911 32
912 31
913 32
914 31
915 31
916 31
917 31
918 32
919 31
920 31
921 31
922 31
923 31
924 31
925 32
926 31
927 32
928 31
929 31
930 31
931 32
932 31
933 30
934 32
935 30
936 32
937 31
938 31
939 32
940 31
941 32
942 31
943 31
944 31
945 31
946 31
947 32
948 31
949 31
950 32
951 32
952 31
953 31
954 31
955 32
956 32
957 32
958 31
959 31
960 32
961 32
962 32
963 32
964 31
965 32
966 31
967 31
968 31
969 32
970 30
971 32
972 32
973 31
974 31
975 31
976 32
977 32
978 32
979 31
980 31
981 31
982 32
983 31
984 32
985 32
986 31
987 31
988 31
989 31
990 31
991 31
992 32
993 30
994 31
995 31
996 31
997 31
998 31
999 31
1000 32
1001 32
1002 32
1003 32
1004 31
1005 30
1006 31
1007 32
1008 30
1009 31
1010 31
1011 31
1012 32
1013 32
1014 31
1015 31
1016 32
1017 32
1018 31
1019 31
1020 30
1021 32
1022 31
1023 31
1024 31
1025 31
1026 31
1027 31
1028 32
1029 31
1030 30
1031 32
1032 32
1033 31
1034 31
1035 31
1036 30
1037 32
1038 31
1039 31
1040 31
1041 32
1042 30
1043 31
1044 31
1045 31
1046 30
1047 32
1048 31
1049 32
1050 31
1051 32
1052 31
1053 31
1054 32
1055 32
1056 31
1057 31
1058 31
1059 31
1060 32
1061 30
1062 31
1063 32
1064 31
1065 31
1066 31
1067 31
1068 32
1069 31
1070 31
1071 31
1072 31
1073 31
1074 32
1075 31
1076 32
1077 31
1078 31
1079 32
1080 32
1081 31
1082 31
1083 31
1084 32
1085 31
1086 31
1087 32
1088 30
1089 30
1090 31
1091 32
1092 32
1093 31
1094 31
1095 31
1096 31
1097 31
1098 31
1099 30
1100 31
1101 32
1102 31
1103 31
1104 31
1105 31
1106 32
1107 32
1108 31
1109 32
1110 30
1111 31
1112 31
1113 31
1114 31
1115 31
1116 31
1117 32
1118 32
1119 31
1120 32
1121 31
1122 31
1123 31
1124 31
1125 32
1126 32
1127 32
1128 31
1129 31
1130 31
1131 30
1132 32
1133 31
1134 32
1135 31
1136 32
1137 31
1138 31
1139 32
1140 31
1141 31
1142 32
1143 32
1144 31
1145 32
1146 32
1147 31
1148 30
1149 30
1150 32
1151 32
1152 31
1153 32
1154 31
1155 32
1156 32
1157 32
1158 32
1159 32
1160 31
1161 31
1162 32
1163 31
1164 32
1165 31
1166 32
1167 31
1168 31
1169 32
1170 31
1171 31
1172 32
1173 31
1174 32
1175 32
1176 31
1177 32
1178 31
1179 32
1180 31
1181 30
1182 31
1183 30
1184 32
1185 31
1186 32
1187 31
1188 32
1189 32
1190 31
1191 32
1192 31
1193 31
1194 30
1195 32
1196 31
1197 32
1198 31
1199 32
1200 31
1201 31
1202 31
1203 32
1204 30
1205 31
1206 31
1207 32
1208 32
1209 32
1210 31
1211 31
1212 31
1213 31
1214 31
1215 30
1216 31
1217 32
1218 31
1219 32
1220 31
1221 31
1222 32
1223 31
1224 31
1225 31
1226 32
1227 31
1228 32
1229 32
1230 31
1231 31
1232 31
1233 32
1234 31
1235 32
1236 32
1237 32
1238 31
1239 31
1240 31
1241 31
1242 31
1243 31
1244 32
1245 31
1246 31
1247 31
1248 31
1249 31
1250 30
1251 32
1252 32
1253 31
1254 31
1255 31
1256 31
1257 31
1258 32
1259 31
1260 31
1261 31
1262 30
1263 31
1264 31
1265 32
1266 30
1267 30
1268 30
1269 31
1270 32
1271 32
1272 32
1273 32
1274 31
1275 31
1276 31
1277 31
1278 31
1279 31
1280 31
1281 32
1282 32
1283 32
1284 31
1285 30
1286 32
1287 31
1288 31
1289 31
1290 31
1291 32
1292 31
1293 32
1294 30
1295 31
1296 31
1297 32
1298 31
1299 32
1300 32
1301 32
1302 31
1303 31
1304 32
1305 31
1306 32
1307 32
1308 31
1309 31
1310 31
1311 31
1312 32
1313 31
1314 32
1315 31
1316 32
1317 31
1318 31
1319 31
1320 31
1321 30
1322 31
1323 31
1324 31
1325 31
1326 31
1327 30
1328 31
1329 31
1330 31
1331 32
1332 32
1333 32
1334 31
1335 31
1336 31
1337 31
1338 30
1339 32
1340 31
1341 31
1342 31
1343 31
1344 32
1345 32
1346 32
1347 32
1348 31
1349 31
1350 32
1351 31
1352 31
1353 31
1354 31
1355 31
1356 31
1357 31
1358 32
1359 31
1360 31
1361 31
1362 31
1363 31
1364 32
1365 32
1366 31
1367 32
1368 31
1369 30
1370 32
1371 31
1372 31
1373 32
1374 31
1375 31
1376 31
1377 32
1378 31
1379 32
1380 32
1381 31
1382 32
1383 32
1384 32
1385 32
1386 30
1387 30
1388 31
1389 31
1390 31
1391 31
1392 31
1393 31
1394 31
1395 31
1396 31
1397 30
1398 31
1399 31
1400 31
1401 30
1402 30
1403 32
1404 32
1405 31
1406 31
1407 32
1408 30
1409 31
1410 32
1411 31
1412 30
1413 32
1414 31
1415 32
1416 31
1417 31
1418 32
1419 31
1420 31
1421 31
1422 32
1423 31
1424 30
1425 30
1426 32
1427 31
1428 31
1429 32
1430 31
1431 32
1432 31
1433 31
1434 30
1435 31
1436 30
1437 31
1438 31
1439 31
1440 31
1441 31
1442 31
1443 31
1444 31
1445 31
1446 31
1447 31
1448 32
1449 32
1450 30
1451 31
1452 31
1453 31
1454 32
1455 31
1456 30
1457 32
1458 31
1459 31
1460 31
1461 31
1462 31
1463 31
1464 31
1465 32
1466 32
1467 30
1468 32
1469 31
1470 32
1471 30
1472 31
1473 31
1474 31
1475 32
1476 30
1477 31
1478 31
1479 32
1480 31
1481 31
1482 31
1483 32
1484 30
1485 32
1486 31
1487 31
1488 31
1489 32
1490 32
1491 31
1492 31
1493 31
1494 31
1495 32
1496 31
1497 31
1498 31
1499 32
1500 30
1501 31
1502 31
1503 31
1504 32
1505 31
1506 31
1507 30
1508 32
1509 31
1510 32
1511 31
1512 32
1513 31
1514 31
1515 31
1516 31
1517 32
1518 31
1519 32
1520 32
1521 32
1522 30
1523 31
1524 32
1525 31
1526 31
1527 32
1528 31
1529 32
1530 31
1531 31
1532 31
1533 31
1534 31
1535 32
1536 31
1537 31
1538 31
1539 31
1540 32
1541 32
1542 31
1543 30
1544 31
1545 31
1546 31
1547 31
1548 31
1549 31
1550 32
1551 32
1552 30
1553 31
1554 31
1555 31
1556 31
1557 31
1558 31
1559 32
1560 31
1561 30
1562 31
1563 31
1564 31
1565 31
1566 32
1567 31
1568 32
1569 31
1570 31
1571 31
1572 30
1573 32
1574 31
1575 32
1576 31
1577 31
1578 31
1579 30
1580 32
1581 32
1582 32
1583 31
1584 31
1585 31
1586 31
1587 31
1588 31
1589 31
1590 31
1591 31
1592 31
1593 32
1594 31
1595 30
1596 32
1597 32
1598 32
1599 32
1600 32
1601 30
1602 32
1603 32
1604 32
1605 32
1606 31
1607 31
1608 31
1609 31
1610 31
1611 31
1612 31
1613 32
1614 32
1615 32
1616 31
1617 31
1618 31
1619 31
1620 31
1621 31
1622 32
1623 31
1624 31
1625 31
1626 32
1627 32
1628 31
1629 31
1630 31
1631 31
1632 32
1633 32
1634 32
1635 31
1636 31
1637 32
1638 31
1639 31
1640 30
1641 32
1642 31
1643 32
1644 32
1645 31
1646 31
1647 31
1648 32
1649 31
1650 31
1651 31
1652 32
1653 31
1654 31
1655 30
1656 32
1657 31
1658 31
1659 32
1660 30
1661 32
1662 32
1663 30
1664 30
1665 32
1666 31
1667 31
1668 30
1669 31
1670 32
1671 31
1672 31
1673 30
1674 32
1675 32
1676 32
1677 31
1678 31
1679 31
1680 32
1681 32
1682 31
1683 32
1684 32
1685 31
1686 31
1687 30
1688 32
1689 31
1690 31
1691 31
1692 32
1693 31
1694 31
1695 32
1696 31
1697 32
1698 31
1699 31
1700 32
1701 31
1702 32
1703 32
1704 31
1705 32
1706 31
1707 31
1708 31
1709 31
1710 31
1711 32
1712 31
1713 32
1714 31
1715 32
1716 32
1717 31
1718 32
1719 31
1720 31
1721 31
1722 31
1723 31
1724 32
1725 30
1726 31
1727 32
1728 31
1729 31
1730 32
1731 31
1732 31
1733 32
1734 30
1735 31
1736 31
1737 31
1738 31
1739 31
1740 32
1741 31
1742 31
1743 31
1744 31
1745 31
1746 31
1747 30
1748 32
1749 31
1750 32
1751 31
1752 31
1753 31
1754 32
1755 32
1756 30
1757 30
1758 32
1759 31
1760 31
1761 31
1762 31
1763 31
1764 31
1765 31
1766 32
1767 32
1768 32
1769 32
1770 30
1771 32
1772 31
1773 32
1774 32
1775 31
1776 31
1777 31
1778 32
1779 31
1780 32
1781 31
1782 31
1783 31
1784 31
1785 32
1786 31
1787 31
1788 32
1789 31
1790 31
1791 31
1792 31
1793 32
1794 31
1795 31
1796 31
1797 31
1798 32
1799 31
1800 30
1801 31
1802 32
1803 30
1804 32
1805 30
1806 32
1807 31
1808 31
1809 32
1810 31
1811 32
1812 31
1813 32
1814 31
1815 31
1816 30
1817 31
1818 31
1819 32
1820 31
1821 31
1822 32
1823 31
1824 30
1825 30
1826 32
1827 30
1828 32
1829 32
1830 31
1831 31
1832 31
1833 31
1834 31
1835 31
1836 32
1837 31
1838 31
1839 32
1840 31
1841 31
1842 32
1843 31
1844 31
1845 31
1846 32
1847 30
1848 31
1849 32
1850 32
1851 32
1852 31
1853 31
1854 31
1855 31
1856 31
1857 30
1858 32
1859 32
1860 32
1861 30
1862 32
1863 30
1864 31
1865 32
1866 30
1867 31
1868 31
1869 31
1870 31
1871 32
1872 31
1873 30
1874 31
1875 31
1876 31
1877 32
1878 31
1879 32
1880 31
1881 31
1882 31
1883 31
1884 30
1885 31
1886 32
1887 31
1888 32
1889 32
1890 31
1891 31
1892 31
1893 32
1894 32
1895 32
1896 32
1897 31
1898 31
1899 31
1900 32
1901 31
1902 31
1903 31
1904 31
1905 31
1906 31
1907 31
1908 32
1909 31
1910 31
1911 31
1912 32
1913 32
1914 32
1915 31
1916 31
1917 32
1918 31
1919 31
1920 31
1921 32
1922 31
1923 32
1924 32
1925 31
1926 32
1927 32
1928 31
1929 32
1930 31
1931 31
1932 32
1933 31
1934 32
1935 31
1936 31
1937 32
1938 30
1939 31
1940 32
1941 32
1942 32
1943 30
1944 31
1945 32
1946 31
1947 31
1948 31
1949 31
1950 32
1951 32
1952 31
1953 31
1954 32
1955 31
1956 31
1957 31
1958 31
1959 31
1960 32
1961 31
1962 30
1963 31
1964 32
1965 31
1966 32
1967 32
1968 31
1969 31
1970 32
1971 31
1972 31
1973 31
1974 31
1975 30
1976 30
1977 30
1978 31
1979 32
1980 31
1981 32
1982 31
1983 31
1984 31
1985 31
1986 31
1987 31
1988 32
1989 32
1990 31
1991 31
1992 31
1993 31
1994 31
1995 30
1996 31
1997 31
1998 32
1999 31
2000 31
2001 31
2002 31
2003 31
2004 32
2005 31
2006 31
2007 31
2008 32
2009 31
2010 31
2011 32
2012 32
2013 32
2014 31
2015 32
2016 31
2017 32
2018 31
2019 31
2020 32
2021 31
2022 31
2023 31
2024 32
2025 31
2026 31
2027 32
2028 31
2029 32
2030 32
2031 31
2032 31
2033 31
2034 31
2035 32
2036 32
2037 30
2038 31
2039 30
2040 31
2041 31
2042 31
2043 32
2044 32
2045 31
2046 30
2047 32
2048 31
2049 32
2050 31
2051 32
2052 32
2053 31
2054 32
2055 32
2056 32
2057 31
2058 31
2059 31
2060 30
2061 31
2062 31
2063 31
2064 32
2065 30
2066 31
2067 32
2068 30
2069 31
2070 32
2071 30
2072 31
2073 31
2074 32
2075 31
2076 30
2077 31
2078 31
2079 32
2080 31
2081 32
2082 32
2083 32
2084 31
2085 32
2086 31
2087 31
2088 32
2089 31
2090 31
2091 32
2092 32
2093 32
2094 31
2095 32
2096 31
2097 30
2098 31
2099 31
2100 32
2101 30
2102 31
2103 31
2104 32
2105 30
2106 31
2107 30
2108 31
2109 31
2110 31
2111 31
2112 31
2113 32
2114 31
2115 31
2116 32
2117 31
2118 31
2119 31
2120 32
2121 31
2122 31
2123 31
2124 30
2125 31
2126 32
2127 31
2128 31
2129 31
2130 31
2131 32
2132 31
2133 31
2134 31
2135 31
2136 32
2137 32
2138 31
2139 30
2140 31
2141 30
2142 32
2143 31
2144 31
2145 31
2146 31
2147 31
2148 32
2149 31
2150 32
2151 31
2152 32
2153 32
2154 31
2155 30
2156 31
2157 31
2158 31
2159 32
2160 32
2161 32
2162 30
2163 32
2164 31
2165 31
2166 31
2167 32
2168 30
2169 31
2170 31
2171 31
2172 32
2173 31
2174 31
2175 30
2176 31
2177 32
2178 32
2179 31
2180 31
2181 31
2182 32
2183 31
2184 31
2185 31
2186 31
2187 31
2188 30
2189 30
2190 32
2191 31
2192 31
2193 31
2194 32
2195 32
2196 30
2197 31
2198 30
2199 31
2200 31
2201 32
2202 31
2203 31
2204 31
2205 31
2206 32
2207 31
2208 31
2209 31
2210 32
2211 31
2212 31
2213 31
2214 32
2215 32
2216 31
2217 32
2218 30
2219 32
2220 31
2221 31
2222 30
2223 32
2224 30
2225 31
2226 31
2227 31
2228 32
2229 32
2230 31
2231 31
2232 31
2233 31
2234 30
2235 31
2236 31
2237 31
2238 31
2239 31
2240 32
2241 31
2242 32
2243 31
2244 31
2245 31
2246 32
2247 32
2248 32
2249 31
2250 30
2251 30
2252 31
2253 31
2254 31
2255 31
2256 31
2257 32
2258 31
2259 30
2260 31
2261 31
2262 31
2263 31
2264 31
2265 32
2266 30
2267 31
2268 31
2269 32
2270 32
2271 31
2272 31
2273 31
2274 31
2275 31
2276 31
2277 31
2278 30
2279 32
2280 31
2281 31
2282 32
2283 32
2284 31
2285 32
2286 32
2287 31
2288 32
2289 32
2290 32
2291 31
2292 31
2293 31
2294 32
2295 31
2296 31
2297 30
2298 32
2299 32
2300 32
2301 31
2302 32
2303 31
2304 31
2305 31
2306 32
2307 32
2308 32
2309 31
2310 31
2311 31
2312 31
2313 31
2314 31
2315 32
2316 31
2317 31
2318 31
2319 32
2320 31
2321 31
2322 31
2323 29
2324 31
2325 31
2326 31
2327 31
2328 31
2329 31
2330 30
2331 31
2332 31
2333 31
2334 32
2335 31
2336 31
2337 30
2338 31
2339 32
2340 32
2341 30
2342 31
2343 31
2344 32
2345 31
2346 32
2347 31
2348 32
2349 31
2350 32
2351 31
2352 31
2353 31
2354 30
2355 31
2356 31
2357 31
2358 31
2359 31
2360 32
2361 31
2362 31
2363 32
2364 32
2365 32
2366 31
2367 32
2368 31
2369 30
2370 30
2371 31
2372 31
2373 32
2374 31
2375 32
2376 32
2377 30
2378 31
2379 32
2380 31
2381 30
2382 31
2383 31
2384 31
2385 31
2386 31
2387 32
2388 32
2389 31
2390 32
2391 31
2392 30
2393 32
2394 31
2395 31
2396 32
2397 32
2398 31
2399 31
2400 31
2401 32
2402 31
2403 31
2404 32
2405 32
2406 31
2407 30
2408 31
2409 31
2410 31
2411 31
2412 31
2413 31
2414 31
2415 31
2416 32
2417 31
2418 32
2419 31
2420 30
2421 31
2422 31
2423 32
2424 31
2425 32
2426 32
2427 31
2428 31
2429 32
2430 31
2431 31
2432 31
2433 31
2434 30
2435 31
2436 31
2437 31
2438 31
2439 31
2440 32
2441 31
2442 32
2443 32
2444 32
2445 31
2446 32
2447 31
2448 31
2449 31
2450 31
2451 32
2452 31
2453 31
2454 31
2455 30
2456 31
2457 31
2458 31
2459 32
2460 31
2461 31
2462 31
2463 31
2464 32
2465 32
2466 32
2467 32
2468 31
2469 31
2470 32
2471 32
2472 30
2473 31
2474 32
2475 32
2476 32
2477 32
2478 32
2479 32
2480 31
2481 31
2482 31
2483 32
2484 31
2485 31
2486 31
2487 31
2488 32
2489 31
2490 31
2491 31
2492 32
2493 31
2494 31
2495 31
2496 31
2497 30
2498 32
2499 31
2500 31
2501 31
2502 32
2503 31
2504 31
2505 31
2506 31
2507 31
2508 31
2509 31
2510 31
2511 31
2512 31
2513 31
2514 31
2515 31
2516 31
2517 31
2518 31
2519 31
2520 31
2521 31
2522 31
2523 31
2524 31
2525 31
2526 32
2527 31
2528 31
2529 32
2530 30
2531 31
2532 32
2533 31
2534 32
2535 32
2536 31
2537 31
2538 31
2539 32
2540 31
2541 31
2542 31
2543 31
2544 32
2545 31
2546 32
2547 31
2548 31
2549 32
2550 31
2551 31
2552 31
2553 31
2554 31
2555 32
2556 31
2557 30
2558 31
2559 30
2560 31
2561 31
2562 31
2563 32
2564 31
2565 32
2566 31
2567 32
2568 31
2569 31
2570 31
2571 31
2572 32
2573 31
2574 32
2575 32
2576 31
2577 31
2578 32
2579 31
2580 31
2581 31
2582 32
2583 32
2584 32
2585 31
2586 32
2587 30
2588 32
2589 32
2590 31
2591 31
2592 31
2593 31
2594 32
2595 32
2596 31
2597 32
2598 32
2599 31
2600 31
2601 31
2602 31
2603 32
2604 30
2605 31
2606 32
2607 31
2608 32
2609 32
2610 32
2611 31
2612 32
2613 31
2614 32
2615 31
2616 30
2617 31
2618 31
2619 31
2620 31
2621 32
2622 32
2623 32
2624 32
2625 31
2626 31
2627 31
2628 30
2629 31
2630 32
2631 31
2632 31
2633 31
2634 30
2635 32
2636 31
2637 31
2638 31
2639 31
2640 32
2641 31
2642 31
2643 31
2644 32
2645 30
2646 32
2647 32
2648 31
2649 31
2650 31
2651 30
2652 31
2653 31
2654 31
2655 32
2656 32
2657 30
2658 31
2659 31
2660 32
2661 31
2662 31
2663 32
2664 32
2665 31
2666 31
2667 32
2668 30
2669 31
2670 31
2671 31
2672 31
2673 32
2674 31
2675 31
2676 31
2677 31
2678 31
2679 31
2680 31
2681 30
2682 32
2683 31
2684 32
2685 32
2686 32
2687 31
2688 31
2689 31
2690 32
2691 32
2692 31
2693 31
2694 32
2695 31
2696 31
2697 31
2698 31
2699 31
2700 31
2701 32
2702 31
2703 31
2704 31
2705 32
2706 32
2707 31
2708 31
2709 31
2710 32
2711 31
2712 31
2713 32
2714 31
2715 32
2716 31
2717 31
2718 31
2719 31
2720 31
2721 31
2722 31
2723 32
2724 32
2725 31
2726 31
2727 31
2728 31
2729 31
2730 32
2731 31
2732 32
2733 32
2734 30
2735 31
2736 31
2737 30
2738 31
2739 32
2740 31
2741 31
2742 31
2743 32
2744 31
2745 32
2746 32
2747 31
2748 32
2749 31
2750 32
2751 31
2752 32
2753 31
2754 32
2755 32
2756 31
2757 30
2758 31
2759 32
2760 32
2761 31
2762 30
2763 32
2764 30
2765 31
2766 31
2767 32
2768 31
2769 30
2770 31
2771 31
2772 31
2773 31
2774 31
2775 32
2776 32
2777 32
2778 31
2779 31
2780 31
2781 30
2782 31
2783 31
2784 31
2785 32
2786 32
2787 31
2788 31
2789 31
2790 31
2791 32
2792 32
2793 31
2794 32
2795 31
2796 31
2797 31
2798 32
2799 32
2800 31
2801 30
2802 31
2803 31
2804 32
2805 31
2806 32
2807 31
2808 31
2809 31
2810 32
2811 31
2812 31
2813 32
2814 32
2815 31
2816 31
2817 31
2818 32
2819 31
2820 32
2821 31
2822 31
2823 31
2824 32
2825 32
2826 32
2827 32
2828 31
2829 31
2830 31
2831 31
2832 32
2833 32
2834 32
2835 31
2836 32
2837 31
2838 31
2839 31
2840 32
2841 31
2842 32
2843 32
2844 30
2845 29
2846 31
2847 31
2848 31
2849 32
2850 31
2851 30
2852 31
2853 30
2854 31
2855 31
2856 32
2857 31
2858 30
2859 32
2860 31
2861 31
2862 32
2863 31
2864 31
2865 31
2866 31
2867 31
2868 31
2869 32
2870 31
2871 31
2872 31
2873 31
2874 32
2875 31
2876 32
2877 32
2878 32
2879 31
2880 32
2881 31
2882 32
2883 31
2884 31
2885 32
2886 31
2887 32
2888 31
2889 32
2890 31
2891 32
2892 31
2893 32
2894 32
2895 31
2896 31
2897 31
2898 31
2899 32
2900 31
2901 30
2902 32
2903 32
2904 32
2905 31
2906 32
2907 31
2908 31
2909 31
2910 31
2911 31
2912 32
2913 32
2914 31
2915 32
2916 32
2917 30
2918 31
2919 30
2920 31
2921 31
2922 32
2923 31
2924 31
2925 31
2926 31
2927 32
2928 32
2929 31
2930 32
2931 31
2932 31
2933 31
2934 31
2935 31
2936 31
2937 31
2938 31
2939 31
2940 32
2941 32
2942 31
2943 31
2944 31
2945 32
2946 31
2947 31
2948 32
2949 32
2950 31
2951 31
2952 31
2953 32
2954 32
2955 32
2956 32
2957 32
2958 32
2959 31
2960 31
2961 31
2962 32
2963 32
2964 32
2965 30
2966 31
2967 31
2968 32
2969 32
2970 30
2971 31
2972 31
2973 31
2974 31
2975 31
2976 32
2977 31
2978 32
2979 31
2980 32
2981 31
2982 31
2983 31
2984 30
2985 32
2986 32
2987 32
2988 31
2989 30
2990 31
2991 31
2992 31
2993 32
2994 30
2995 31
2996 31
2997 31
2998 31
2999 32
3000 31
3001 32
3002 32
3003 31
3004 32
3005 31
3006 31
3007 32
3008 31
3009 31
3010 31
3011 32
3012 32
3013 31
3014 32
3015 32
3016 31
3017 32
3018 31
3019 31
3020 31
3021 31
3022 31
3023 32
3024 32
3025 32
3026 31
3027 31
3028 31
3029 31
3030 32
3031 31
3032 31
3033 31
3034 31
3035 31
3036 31
3037 32
3038 30
3039 32
3040 32
3041 31
3042 30
3043 31
3044 31
3045 31
3046 32
3047 31
3048 32
3049 31
3050 31
3051 31
3052 31
3053 31
3054 31
3055 31
3056 30
3057 31
3058 32
3059 31
3060 31
3061 31
3062 31
3063 31
3064 30
3065 31
3066 32
3067 31
3068 32
3069 32
3070 31
3071 31
3072 32
3073 31
3074 32
3075 31
3076 32
3077 31
3078 30
3079 31
3080 31
3081 31
3082 31
3083 31
3084 31
3085 31
3086 31
3087 30
3088 31
3089 31
3090 32
3091 30
3092 31
3093 32
3094 31
3095 31
3096 32
3097 31
3098 31
3099 31
3100 31
3101 31
3102 32
3103 32
3104 31
3105 32
3106 32
3107 31
3108 32
3109 31
3110 31
3111 31
3112 32
3113 30
3114 32
3115 32
3116 31
3117 31
3118 32
3119 31
3120 31
3121 31
3122 32
3123 31
3124 32
3125 31
3126 31
3127 31
3128 32
3129 31
3130 31
3131 31
3132 32
3133 31
3134 31
3135 32
3136 30
3137 32
3138 31
3139 31
3140 32
3141 31
3142 31
3143 31
3144 31
3145 30
3146 31
3147 31
3148 31
3149 31
3150 31
3151 31
3152 30
3153 31
3154 31
3155 31
3156 31
3157 30
3158 31
3159 31
3160 31
3161 31
3162 31
3163 31
3164 31
3165 31
3166 31
3167 31
3168 32
3169 31
3170 32
3171 32
3172 30
3173 31
3174 31
3175 32
3176 31
3177 31
3178 31
3179 31
3180 31
3181 31
3182 31
3183 31
3184 31
3185 32
3186 32
3187 31
3188 30
3189 32
3190 31
3191 30
3192 31
3193 31
3194 31
3195 32
3196 31
3197 31
3198 32
3199 32
3200 31
3201 30
3202 31
3203 31
3204 32
3205 31
3206 31
3207 31
3208 32
3209 32
3210 31
3211 31
3212 31
3213 32
3214 32
3215 31
3216 31
3217 31
3218 31
3219 31
3220 32
3221 32
3222 31
3223 32
3224 31
3225 32
3226 31
3227 31
3228 31
3229 31
3230 32
3231 31
3232 31
3233 32
3234 31
3235 32
3236 32
3237 31
3238 31
3239 30
3240 32
3241 31
3242 31
3243 30
3244 31
3245 32
3246 31
3247 31
3248 32
3249 32
3250 31
3251 31
3252 31
3253 31
3254 32
3255 32
3256 31
3257 31
3258 32
3259 31
3260 31
3261 32
3262 32
3263 30
3264 31
3265 32
3266 32
3267 30
3268 32
3269 32
3270 31
3271 32
3272 32
3273 31
3274 31
3275 32
3276 32
3277 31
3278 30
3279 31
3280 31
3281 32
3282 29
3283 31
3284 32
3285 31
3286 32
3287 31
3288 31
3289 32
3290 30
3291 31
3292 32
3293 31
3294 31
3295 31
3296 31
3297 32
3298 32
3299 31
3300 31
3301 31
3302 31
3303 29
3304 31
3305 32
3306 31
3307 32
3308 30
3309 31
3310 31
3311 32
3312 31
3313 32
3314 31
3315 32
3316 32
3317 30
3318 30
3319 31
3320 32
3321 32
3322 32
3323 31
3324 32
3325 31
3326 32
3327 31
3328 31
3329 32
3330 31
3331 31
3332 31
3333 32
3334 32
3335 31
3336 31
3337 31
3338 32
3339 31
3340 31
3341 32
3342 31
3343 31
3344 31
3345 31
3346 32
3347 31
3348 32
3349 31
3350 32
3351 31
3352 31
3353 31
3354 31
3355 32
3356 31
3357 31
3358 31
3359 31
3360 31
3361 31
3362 31
3363 31
3364 32
3365 30
3366 31
3367 30
3368 30
3369 30
3370 30
3371 31
3372 32
3373 31
3374 32
3375 31
3376 32
3377 31
3378 31
3379 31
3380 31
3381 31
3382 32
3383 32
3384 31
3385 31
3386 31
3387 31
3388 32
3389 32
3390 32
3391 32
3392 32
3393 30
3394 31
3395 31
3396 32
3397 31
3398 30
3399 31
3400 31
3401 32
3402 30
3403 31
3404 31
3405 32
3406 32
3407 31
3408 31
3409 30
3410 32
3411 31
3412 31
3413 31
3414 31
3415 31
3416 32
3417 32
3418 32
3419 31
3420 31
3421 31
3422 30
3423 31
3424 32
3425 32
3426 31
3427 31
3428 32
3429 32
3430 32
3431 31
3432 31
3433 31
3434 31
3435 31
3436 32
3437 30
3438 32
3439 32
3440 32
3441 32
3442 32
3443 31
3444 31
3445 32
3446 31
3447 31
3448 31
3449 31
3450 31
3451 31
3452 32
3453 30
3454 31
3455 32
3456 32
3457 31
3458 31
3459 32
3460 31
3461 32
3462 32
3463 31
3464 32
3465 31
3466 31
3467 32
3468 31
3469 32
3470 32
3471 32
3472 32
3473 32
3474 31
3475 31
3476 31
3477 31
3478 32
3479 30
3480 32
3481 31
3482 31
3483 31
3484 31
3485 31
3486 32
3487 30
3488 32
3489 32
3490 31
3491 31
3492 31
3493 32
3494 31
3495 31
3496 32
3497 31
3498 30
3499 31
3500 31
3501 31
3502 32
3503 32
3504 31
3505 31
3506 31
3507 31
3508 32
3509 32
3510 32
3511 31
3512 31
3513 31
3514 31
3515 31
3516 31
3517 32
3518 30
3519 31
3520 32
3521 30
3522 31
3523 32
3524 32
3525 31
3526 32
3527 31
3528 31
3529 32
3530 32
3531 30
3532 31
3533 31
3534 31
3535 32
3536 32
3537 31
3538 31
3539 31
3540 30
3541 31
3542 31
3543 31
3544 31
3545 31
3546 31
3547 31
3548 31
3549 32
3550 31
3551 31
3552 30
3553 32
3554 32
3555 31
3556 30
3557 30
3558 31
3559 32
3560 31
3561 31
3562 32
3563 31
3564 31
3565 31
3566 31
3567 31
3568 31
3569 31
3570 32
3571 31
3572 31
3573 31
3574 32
3575 31
3576 32
3577 31
3578 31
3579 32
3580 32
3581 31
3582 31
3583 31
3584 31
3585 31
3586 32
3587 31
3588 32
3589 30
3590 30
3591 31
3592 32
3593 31
3594 31
3595 31
3596 31
3597 31
3598 31
3599 32
3600 32
3601 31
3602 31
3603 31
3604 31
3605 31
3606 32
3607 32
3608 31
3609 31
3610 32
3611 31
3612 32
3613 31
3614 31
3615 31
3616 32
3617 31
3618 31
3619 31
3620 32
3621 31
3622 32
3623 31
3624 32
3625 31
3626 31
3627 31
3628 32
3629 31
3630 31
3631 32
3632 31
3633 31
3634 32
3635 31
3636 30
3637 31
3638 32
3639 30
3640 31
3641 31
3642 31
3643 32
3644 32
3645 31
3646 31
3647 31
3648 31
3649 31
3650 32
3651 31
3652 31
3653 31
3654 32
3655 31
3656 32
3657 31
3658 32
3659 31
3660 32
3661 32
3662 31
3663 32
3664 31
3665 31
3666 31
3667 32
3668 30
3669 31
3670 31
3671 32
3672 31
3673 31
3674 32
3675 31
3676 31
3677 32
3678 32
3679 31
3680 32
3681 31
3682 31
3683 32
3684 31
3685 32
3686 31
3687 31
3688 31
3689 32
3690 31
3691 32
3692 31
3693 32
3694 31
3695 32
3696 31
3697 32
3698 31
3699 30
3700 31
3701 31
3702 30
3703 32
3704 31
3705 30
3706 32
3707 31
3708 32
3709 30
3710 31
3711 30
3712 31
3713 31
3714 31
3715 31
3716 30
3717 32
3718 30
3719 31
3720 31
3721 31
3722 31
3723 31
3724 32
3725 31
3726 32
3727 32
3728 31
3729 31
3730 32
3731 32
3732 31
3733 31
3734 32
3735 31
3736 32
3737 30
3738 31
3739 32
3740 31
3741 31
3742 30
3743 32
3744 31
3745 31
3746 31
3747 32
3748 31
3749 32
3750 31
3751 32
3752 32
3753 32
3754 31
3755 31
3756 31
3757 31
3758 31
3759 31
3760 31
3761 31
3762 31
3763 31
3764 31
3765 31
3766 31
3767 31
3768 32
3769 31
3770 30
3771 31
3772 31
3773 31
3774 32
3775 31
3776 31
3777 31
3778 31
3779 32
3780 31
3781 32
3782 31
3783 31
3784 31
3785 32
3786 32
3787 31
3788 30
3789 31
3790 31
3791 31
3792 31
3793 31
3794 32
3795 31
3796 31
3797 31
3798 32
3799 31
3800 30
3801 31
3802 31
3803 32
3804 32
3805 31
3806 32
3807 32
3808 31
3809 32
3810 31
3811 31
3812 32
3813 32
3814 31
3815 32
3816 32
3817 32
3818 32
3819 31
3820 31
3821 31
3822 31
3823 32
3824 30
3825 32
3826 32
3827 31
3828 31
3829 31
3830 32
3831 30
3832 32
3833 31
3834 32
3835 32
3836 31
3837 31
3838 31
3839 31
3840 31
3841 30
3842 31
3843 31
3844 31
3845 31
3846 31
3847 32
3848 30
3849 32
3850 31
3851 31
3852 31
3853 31
3854 32
3855 31
3856 31
3857 31
3858 31
3859 31
3860 31
3861 32
3862 31
3863 32
3864 31
3865 31
3866 32
3867 32
3868 31
3869 32
3870 32
3871 31
3872 32
3873 31
3874 31
3875 30
3876 30
3877 31
3878 31
3879 31
3880 31
3881 32
3882 31
3883 31
3884 30
3885 31
3886 31
3887 31
3888 31
3889 32
3890 32
3891 32
3892 31
3893 31
3894 32
3895 32
3896 31
3897 31
3898 30
3899 32
3900 31
3901 30
3902 30
3903 31
3904 31
3905 32
3906 31
3907 32
3908 31
3909 32
3910 31
3911 31
3912 31
3913 30
3914 31
3915 30
3916 31
3917 31
3918 31
3919 32
3920 32
3921 32
3922 32
3923 31
3924 32
3925 31
3926 30
3927 31
3928 31
3929 31
3930 32
3931 31
3932 31
3933 31
3934 32
3935 31
3936 31
3937 31
3938 31
3939 30
3940 31
3941 31
3942 31
3943 31
3944 32
3945 31
3946 31
3947 31
3948 32
3949 31
3950 30
3951 31
3952 31
3953 32
3954 31
3955 32
3956 32
3957 31
3958 31
3959 32
3960 32
3961 32
3962 32
3963 31
3964 32
3965 31
3966 31
3967 31
3968 30
3969 32
3970 31
3971 32
3972 31
3973 31
3974 32
3975 31
3976 31
3977 31
3978 31
3979 32
3980 32
3981 31
3982 30
3983 31
3984 31
3985 31
3986 31
3987 32
3988 32
3989 31
3990 30
3991 31
3992 30
3993 32
3994 30
3995 31
3996 31
3997 32
3998 31
3999 31
4000 31
4001 31
4002 31
4003 32
4004 32
4005 31
4006 31
4007 32
4008 32
4009 31
4010 30
4011 31
4012 32
4013 32
4014 31
4015 32
4016 31
4017 31
4018 31
4019 31
4020 32
4021 31
4022 32
4023 32
4024 30
4025 31
4026 31
4027 32
4028 32
4029 31
4030 30
4031 31
4032 31
4033 31
4034 32
4035 30
4036 32
4037 31
4038 31
4039 31
4040 31
4041 31
4042 31
4043 31
4044 31
4045 31
4046 32
4047 31
4048 32
4049 30
4050 32
4051 32
4052 31
4053 31
4054 32
4055 31
4056 30
4057 31
4058 31
4059 31
4060 31
4061 32
4062 32
4063 31
4064 31
4065 32
4066 31
4067 32
4068 31
4069 31
4070 31
4071 32
4072 31
4073 31
4074 32
4075 32
4076 32
4077 31
4078 31
4079 31
4080 32
4081 31
4082 31
4083 31
4084 31
4085 31
4086 31
4087 32
4088 30
4089 32
4090 31
4091 32
4092 32
4093 32
4094 31
4095 30
4096 32
4097 32
4098 31
4099 31
4100 31
4101 31
4102 31
4103 32
4104 30
4105 30
4106 32
4107 31
4108 31
4109 31
4110 31
4111 31
4112 31
4113 30
4114 31
4115 31
4116 31
4117 31
4118 31
4119 31
4120 30
4121 32
4122 31
4123 31
4124 31
4125 31
4126 31
4127 32
4128 32
4129 31
4130 31
4131 31
4132 31
4133 31
4134 31
4135 31
4136 30
4137 32
4138 31
4139 32
4140 30
4141 31
4142 30
4143 32
4144 31
4145 30
4146 31
4147 32
4148 32
4149 31
4150 32
4151 30
4152 31
4153 31
4154 31
4155 32
4156 31
4157 31
4158 31
4159 31
4160 31
4161 31
4162 31
4163 32
4164 32
4165 31
4166 32
4167 31
4168 32
4169 31
4170 32
4171 32
4172 31
4173 31
4174 31
4175 32
4176 31
4177 31
4178 31
4179 31
4180 31
4181 32
4182 31
4183 31
4184 32
4185 32
4186 32
4187 30
4188 31
4189 31
4190 32
4191 30
4192 31
4193 31
4194 30
4195 31
4196 31
4197 32
4198 31
4199 31
4200 32
4201 32
4202 31
4203 32
4204 31
4205 31
4206 32
4207 31
4208 31
4209 31
4210 31
4211 32
4212 31
4213 30
4214 31
4215 32
4216 31
4217 31
4218 32
4219 31
4220 31
4221 32
4222 31
4223 32
4224 31
4225 32
4226 30
4227 31
4228 32
4229 31
4230 31
4231 31
4232 31
4233 31
4234 31
4235 31
4236 31
4237 31
4238 31
4239 31
4240 31
4241 32
4242 31
4243 31
4244 30
4245 32
4246 31
4247 31
4248 31
4249 31
4250 31
4251 31
4252 31
4253 32
4254 30
4255 32
4256 32
4257 30
4258 31
4259 31
4260 31
4261 31
4262 31
4263 31
4264 31
4265 30
4266 31
4267 32
4268 32
4269 32
4270 30
4271 31
4272 32
4273 32
4274 31
4275 32
4276 31
4277 31
4278 31
4279 30
4280 31
4281 31
4282 32
4283 31
4284 31
4285 32
4286 30
4287 31
4288 31
4289 32
4290 30
4291 31
4292 32
4293 31
4294 31
4295 31
4296 32
4297 31
4298 31
4299 32
4300 31
4301 31
4302 31
4303 31
4304 31
4305 31
4306 31
4307 32
4308 31
4309 31
4310 32
4311 31
4312 32
4313 32
4314 31
4315 31
4316 31
4317 31
4318 32
4319 30
4320 31
4321 31
4322 32
4323 32
4324 32
4325 31
4326 31
4327 31
4328 31
4329 31
4330 30
4331 31
4332 32
4333 31
4334 31
4335 31
4336 32
4337 32
4338 31
4339 31
4340 31
4341 32
4342 31
4343 31
4344 31
4345 31
4346 32
4347 31
4348 31
4349 32
4350 31
4351 32
4352 32
4353 32
4354 31
4355 32
4356 31
4357 30
4358 31
4359 32
4360 31
4361 32
4362 31
4363 30
4364 31
4365 31
4366 32
4367 32
4368 31
4369 32
4370 31
4371 31
4372 30
4373 31
4374 32
4375 32
4376 31
4377 31
4378 32
4379 32
4380 31
4381 30
4382 31
4383 31
4384 31
4385 31
4386 31
4387 32
4388 31
4389 32
4390 32
4391 30
4392 31
4393 31
4394 31
4395 31
4396 32
4397 30
4398 31
4399 31
4400 32
4401 31
4402 32
4403 32
4404 31
4405 32
4406 32
4407 31
4408 30
4409 30
4410 31
4411 31
4412 31
4413 31
4414 32
4415 31
4416 32
4417 30
4418 31
4419 32
4420 31
4421 31
4422 32
4423 32
4424 31
4425 31
4426 30
4427 31
4428 30
4429 31
4430 31
4431 31
4432 32
4433 32
4434 32
4435 31
4436 31
4437 30
4438 31
4439 32
4440 31
4441 31
4442 32
4443 31
4444 32
4445 32
4446 31
4447 31
4448 31
4449 31
4450 32
4451 31
4452 31
4453 31
4454 32
4455 31
4456 32
4457 31
4458 31
4459 32
4460 31
4461 31
4462 31
4463 32
4464 32
4465 31
4466 31
4467 31
4468 31
4469 32
4470 31
4471 30
4472 31
4473 31
4474 30
4475 32
4476 30
4477 30
4478 30
4479 31
4480 31
4481 31
4482 31
4483 32
4484 31
4485 31
4486 31
4487 31
4488 32
4489 31
4490 31
4491 30
4492 31
4493 31
4494 30
4495 31
4496 32
4497 30
4498 32
4499 30
4500 32
4501 31
4502 31
4503 32
4504 31
4505 31
4506 32
4507 32
4508 31
4509 31
4510 32
4511 32
4512 31
4513 31
4514 31
4515 30
4516 31
4517 32
4518 32
4519 32
4520 32
4521 30
4522 31
4523 31
4524 31
4525 31
4526 32
4527 31
4528 31
4529 32
4530 31
4531 32
4532 31
4533 32
4534 31
4535 31
4536 31
4537 32
4538 31
4539 32
4540 31
4541 31
4542 31
4543 31
4544 31
4545 31
4546 31
4547 31
4548 31
4549 31
4550 31
4551 31
4552 31
4553 32
4554 31
4555 31
4556 31
4557 31
4558 32
4559 31
4560 32
4561 31
4562 32
4563 32
4564 31
4565 30
4566 31
4567 31
4568 30
4569 32
4570 31
4571 30
4572 31
4573 32
4574 32
4575 31
4576 31
4577 31
4578 30
4579 31
4580 32
4581 32
4582 32
4583 30
4584 31
4585 31
4586 31
4587 32
4588 31
4589 32
4590 31
4591 31
4592 32
4593 31
4594 32
4595 31
4596 32
4597 30
4598 32
4599 31
4600 30
4601 32
4602 31
4603 31
4604 32
4605 31
4606 31
4607 30
4608 31
4609 32
4610 31
4611 32
4612 32
4613 31
4614 31
4615 32
4616 32
4617 31
4618 31
4619 32
4620 31
4621 31
4622 32
4623 31
4624 32
4625 31
4626 31
4627 30
4628 32
4629 30
4630 30
4631 31
4632 31
4633 31
4634 32
4635 31
4636 32
4637 31
4638 32
4639 30
4640 32
4641 31
4642 31
4643 31
4644 30
4645 32
4646 31
4647 30
4648 30
4649 31
4650 31
4651 30
4652 32
4653 32
4654 31
4655 31
4656 31
4657 31
4658 31
4659 31
4660 31
4661 31
4662 31
4663 31
4664 31
4665 31
4666 31
4667 30
4668 31
4669 32
4670 31
4671 31
4672 32
4673 31
4674 31
4675 31
4676 30
4677 31
4678 32
4679 32
4680 32
4681 31
4682 30
4683 31
4684 31
4685 31
4686 32
4687 30
4688 31
4689 31
4690 32
4691 31
4692 31
4693 31
4694 32
4695 31
4696 31
4697 32
4698 30
4699 31
4700 31
4701 31
4702 31
4703 31
4704 32
4705 31
4706 31
4707 31
4708 31
4709 31
4710 31
4711 32
4712 31
4713 31
4714 31
4715 31
4716 31
4717 31
4718 32
4719 32
4720 31
4721 31
4722 31
4723 30
4724 31
4725 31
4726 31
4727 31
4728 31
4729 31
4730 30
4731 31
4732 31
4733 32
4734 31
4735 31
4736 32
4737 31
4738 31
4739 30
4740 31
4741 31
4742 31
4743 30
4744 31
4745 31
4746 31
4747 32
4748 32
4749 32
